13:01:47.477;48.8547;2.34662;48.8786;2.27795;48.8308;2.41528;13
13:01:48.284;48.8543;2.34283;48.8782;2.27417;48.8304;2.4115;13
13:01:48.284;48.8542;2.33992;48.878;2.27126;48.8303;2.40858;13
13:01:48.353;48.8531;2.31949;48.877;2.25082;48.8292;2.38815;13
13:01:49.100;48.8534;2.31897;48.8773;2.25031;48.8295;2.38763;13
13:01:49.131;48.8559;2.31589;48.8797;2.24722;48.832;2.38455;13
13:01:49.226;48.8568;2.31279;48.8806;2.24413;48.8329;2.38145;13
13:01:49.227;48.8574;2.3121;48.8813;2.24344;48.8335;2.38077;13
13:01:49.369;48.8586;2.30833;48.8824;2.23967;48.8347;2.377;13
13:01:49.370;48.8589;2.3073;48.8828;2.23863;48.835;2.37596;13
13:01:49.437;48.8598;2.30542;48.8837;2.23676;48.8359;2.37408;13
13:01:49.526;48.86;2.30542;48.8839;2.23676;48.8361;2.37408;13
13:01:49.526;48.8601;2.30559;48.884;2.23692;48.8363;2.37425;13
13:01:49.675;48.8602;2.30559;48.8841;2.23692;48.8364;2.37425;13
13:01:49.793;48.8605;2.30559;48.8844;2.23692;48.8366;2.37425;13
13:01:49.793;48.8605;2.30542;48.8844;2.23676;48.8366;2.37408;13
13:01:49.899;48.8612;2.3037;48.885;2.23503;48.8373;2.37236;13
13:01:49.899;48.8612;2.30318;48.885;2.23451;48.8373;2.37184;13
13:01:50.001;48.8614;2.30284;48.8853;2.23418;48.8375;2.37151;13
13:01:50.080;48.8617;2.30249;48.8856;2.23383;48.8378;2.37115;13
13:01:50.180;48.8619;2.30232;48.8858;2.23366;48.8381;2.37099;13
13:01:50.180;48.8623;2.30232;48.8862;2.23366;48.8384;2.37099;13
13:01:50.302;48.8626;2.30249;48.8865;2.23383;48.8387;2.37115;13
13:01:50.302;48.8626;2.30249;48.8865;2.23383;48.8387;2.37115;13
13:01:50.400;48.8631;2.30455;48.887;2.23589;48.8392;2.37321;13
13:01:50.400;48.8631;2.30472;48.887;2.23605;48.8392;2.37338;13
13:01:50.494;48.8631;2.30592;48.887;2.23726;48.8392;2.37459;13
13:01:50.494;48.8631;2.30627;48.887;2.23761;48.8392;2.37494;13
13:01:50.568;48.863;2.30627;48.8868;2.23761;48.8391;2.37494;13
13:01:50.648;48.863;2.30627;48.8868;2.23761;48.8391;2.37494;13
13:01:50.649;48.8626;2.30609;48.8865;2.23743;48.8387;2.37476;13
13:01:50.722;48.8625;2.30576;48.8864;2.23709;48.8386;2.37442;13
13:01:51.934;48.8625;2.30576;48.8745;2.27142;48.8506;2.34009;14
13:01:57.001;48.866;2.31528;48.8779;2.28094;48.854;2.34961;14
13:01:57.287;48.866;2.31743;48.8779;2.2831;48.854;2.35176;14
13:01:57.288;48.8664;2.32335;48.8783;2.28902;48.8545;2.35768;14
13:01:57.355;48.8665;2.32841;48.8785;2.29408;48.8546;2.36275;14
13:01:57.803;48.8663;2.32927;48.8783;2.29494;48.8544;2.3636;14
13:01:57.804;48.8659;2.33426;48.8778;2.29993;48.854;2.36859;14
13:01:57.963;48.8655;2.34369;48.8774;2.30936;48.8535;2.37802;14
13:01:57.964;48.8653;2.34541;48.8773;2.31108;48.8534;2.37975;14
13:01:58.049;48.8653;2.34636;48.8772;2.31203;48.8533;2.38069;14
13:02:00.101;48.8661;2.34627;48.878;2.31194;48.8541;2.3806;14
13:02:00.101;48.8666;2.34601;48.8785;2.31168;48.8546;2.38034;14
13:02:00.224;48.8688;2.34489;48.8808;2.31056;48.8569;2.37923;14
13:02:00.224;48.8701;2.34378;48.8821;2.30945;48.8582;2.37811;14
13:02:00.412;48.872;2.34129;48.8839;2.30696;48.8601;2.37563;14
13:02:00.412;48.8724;2.34103;48.8843;2.3067;48.8605;2.37537;14
13:02:00.614;48.8728;2.34009;48.8847;2.30576;48.8609;2.37442;14
13:02:00.614;48.8728;2.34009;48.8848;2.30576;48.8609;2.37442;14
13:02:01.046;48.8728;2.34009;48.8848;2.30576;48.8609;2.37442;14
13:02:01.046;48.8728;2.34009;48.8848;2.30576;48.8609;2.37442;14
13:02:01.046;48.8728;2.33957;48.8848;2.30524;48.8609;2.3739;14
13:02:01.046;48.8726;2.33914;48.8846;2.30481;48.8607;2.37347;14
13:02:01.228;48.8711;2.33855;48.883;2.30421;48.8591;2.37288;14
13:02:01.228;48.8705;2.33855;48.8824;2.30421;48.8585;2.37288;14
13:02:01.385;48.8692;2.33888;48.8812;2.30455;48.8573;2.37321;14
13:02:01.385;48.8689;2.3394;48.8809;2.30507;48.857;2.37373;14
13:02:01.477;48.8684;2.33966;48.8804;2.30533;48.8565;2.37399;14
13:02:01.617;48.8684;2.33966;48.8804;2.30533;48.8565;2.37399;14
13:02:01.617;48.8684;2.33949;48.8804;2.30516;48.8565;2.37383;14
13:02:01.714;48.8685;2.33983;48.8805;2.3055;48.8566;2.37416;14
13:02:04.204;48.8685;2.33923;48.8805;2.3049;48.8566;2.37357;14
13:02:04.205;48.8685;2.33897;48.8805;2.30464;48.8566;2.37331;14
13:02:04.277;48.8683;2.33665;48.8802;2.30232;48.8563;2.37099;14
13:02:04.278;48.8678;2.33606;48.8797;2.30173;48.8558;2.37039;14
13:02:04.414;48.8666;2.33485;48.8786;2.30052;48.8547;2.36919;14
13:02:04.414;48.8663;2.33469;48.8782;2.30035;48.8544;2.36902;14
13:02:04.508;48.866;2.33519;48.8779;2.30086;48.8541;2.36952;14
13:02:06.812;48.8662;2.33253;48.8781;2.2982;48.8542;2.36687;14
13:02:06.812;48.8663;2.32988;48.8783;2.29555;48.8544;2.36421;14
13:02:06.904;48.8663;2.32489;48.8783;2.29056;48.8544;2.35922;14
13:02:06.905;48.8663;2.32309;48.8783;2.28876;48.8544;2.35742;14
13:02:07.233;48.8665;2.32008;48.8785;2.28575;48.8546;2.35442;14
13:02:07.234;48.8665;2.31906;48.8784;2.28473;48.8545;2.35339;14
13:02:08.462;48.8665;2.31906;48.8724;2.3019;48.8605;2.33623;15
13:02:08.787;48.8665;2.31906;48.8694;2.31047;48.8635;2.32764;16
13:02:09.928;48.8665;2.31863;48.8695;2.31004;48.8635;2.32721;16
13:02:09.929;48.8671;2.31586;48.8701;2.30728;48.8641;2.32442;16
13:02:10.359;48.8675;2.31378;48.8705;2.30519;48.8645;2.32236;16
13:02:10.359;48.8681;2.31091;48.8711;2.30232;48.8651;2.31949;16
13:02:10.359;48.868;2.31102;48.871;2.30243;48.8651;2.31958;16
13:02:13.739;48.868;2.31102;48.8695;2.30672;48.8666;2.31528;17
13:02:16.260;48.868;2.31102;48.8695;2.30672;48.8666;2.31531;17
13:02:16.747;48.8684;2.31113;48.8699;2.30682;48.8669;2.31541;17
13:02:16.747;48.8686;2.31116;48.8701;2.30687;48.8671;2.31546;17
13:02:17.003;48.8688;2.31131;48.8703;2.30702;48.8673;2.31558;17
13:02:17.735;48.8688;2.31131;48.8703;2.30702;48.8673;2.31558;17
13:02:17.736;48.8688;2.31104;48.8703;2.30675;48.8673;2.31532;17
13:02:18.214;48.8688;2.31082;48.8703;2.30653;48.8673;2.31511;17
13:02:18.214;48.8688;2.31088;48.8703;2.30659;48.8673;2.31516;17
13:02:18.556;48.8687;2.31104;48.8702;2.30675;48.8672;2.31532;17
13:02:24.740;48.8686;2.31102;48.8701;2.30672;48.8671;2.31531;17
13:02:24.741;48.8685;2.31108;48.87;2.30679;48.867;2.31537;17
13:02:24.771;48.8684;2.3111;48.8699;2.30681;48.8669;2.31538;17
13:02:47.555;48.8683;2.31126;48.8698;2.30698;48.8668;2.31554;17
13:02:47.556;48.868;2.31232;48.8694;2.30803;48.8665;2.31662;17
13:02:47.799;48.8678;2.3129;48.8693;2.30861;48.8663;2.3172;17
13:02:47.799;48.8678;2.31294;48.8693;2.30865;48.8663;2.31721;17
13:02:47.800;48.8678;2.31294;48.8693;2.30865;48.8663;2.31723;17
13:02:48.334;48.8677;2.31308;48.8692;2.30878;48.8662;2.31734;17
13:02:48.334;48.8676;2.31325;48.8691;2.30896;48.8661;2.31752;17
13:02:48.677;48.8672;2.31363;48.8686;2.30934;48.8657;2.3179;17
13:02:48.837;48.867;2.3143;48.8685;2.31;48.8655;2.31859;17
13:02:49.725;48.867;2.3143;48.8699;2.30571;48.864;2.32288;16
13:02:51.174;48.867;2.3143;48.8729;2.29713;48.861;2.33147;15
13:02:56.472;48.8677;2.3103;48.8737;2.29314;48.8618;2.32747;15
13:02:56.472;48.8677;2.30978;48.8737;2.29262;48.8618;2.32695;15
13:02:58.326;48.8669;2.31485;48.8729;2.29768;48.861;2.33202;15
13:02:58.327;48.8666;2.31558;48.8726;2.29842;48.8606;2.33275;15
13:02:58.990;48.8649;2.32176;48.8708;2.3046;48.8589;2.33893;15
13:02:58.990;48.8647;2.32257;48.8707;2.30542;48.8587;2.33975;15
13:03:00.000;48.8638;2.32439;48.8698;2.30722;48.8578;2.34155;15
13:03:00.000;48.8635;2.32503;48.8694;2.30786;48.8575;2.34219;15
13:03:00.339;48.8629;2.32747;48.8688;2.3103;48.8569;2.34464;15
13:03:00.339;48.8618;2.33313;48.8678;2.31596;48.8559;2.3503;15
13:03:00.527;48.8618;2.33862;48.8677;2.32146;48.8558;2.35579;15
13:03:01.870;48.8613;2.34198;48.8672;2.32481;48.8553;2.35915;15
13:03:01.870;48.8612;2.34245;48.8672;2.32529;48.8553;2.35962;15
13:03:02.194;48.8612;2.34271;48.8672;2.32555;48.8553;2.35988;15
13:03:02.194;48.8612;2.34274;48.8672;2.32558;48.8553;2.35991;15
13:03:02.460;48.8613;2.34288;48.8673;2.32571;48.8553;2.36005;15
13:03:02.460;48.8614;2.34305;48.8673;2.32588;48.8554;2.36021;15
13:03:04.627;48.8614;2.34305;48.8643;2.33447;48.8584;2.35164;16
13:03:05.435;48.8622;2.34282;48.8652;2.33423;48.8592;2.35139;16
13:03:05.435;48.8628;2.34303;48.8658;2.33444;48.8598;2.35161;16
13:03:05.729;48.863;2.34306;48.866;2.33449;48.8601;2.35165;16
13:03:06.460;48.8631;2.34306;48.8661;2.33449;48.8601;2.35165;16
13:03:06.460;48.8643;2.34337;48.8673;2.33479;48.8613;2.35196;16
13:03:06.766;48.8646;2.34361;48.8676;2.33502;48.8616;2.35219;16
13:03:08.269;48.8654;2.34361;48.8684;2.33502;48.8624;2.35219;16
13:03:08.270;48.8657;2.34372;48.8686;2.33513;48.8627;2.35229;16
13:03:08.972;48.8656;2.34071;48.8686;2.33212;48.8626;2.34929;16
13:03:09.574;48.8656;2.34056;48.8686;2.33197;48.8627;2.34914;16
13:03:09.574;48.8657;2.34042;48.8686;2.33185;48.8627;2.34901;16
13:03:12.209;48.8657;2.34042;48.8686;2.33185;48.8627;2.34901;16
13:03:12.209;48.8656;2.34024;48.8685;2.33165;48.8626;2.34882;16
13:03:16.758;48.8655;2.33978;48.8685;2.33121;48.8625;2.34837;16
13:03:16.759;48.8655;2.33961;48.8684;2.33104;48.8625;2.34821;16
13:03:17.031;48.8654;2.33929;48.8684;2.3307;48.8624;2.34787;16
13:03:17.031;48.8654;2.33917;48.8683;2.33058;48.8624;2.34775;16
13:03:17.363;48.8653;2.33887;48.8683;2.33028;48.8623;2.34744;16
13:03:17.364;48.865;2.33846;48.868;2.32988;48.862;2.34705;16
13:03:17.984;48.865;2.33841;48.868;2.32983;48.862;2.347;16
13:03:17.984;48.8647;2.33801;48.8676;2.32942;48.8617;2.34659;16
13:03:18.296;48.8641;2.33707;48.8671;2.32848;48.8611;2.34564;16
13:03:18.296;48.8637;2.33661;48.8667;2.32803;48.8607;2.3452;16
13:03:19.362;48.8633;2.3358;48.8662;2.32721;48.8603;2.34438;16
13:03:19.363;48.8632;2.3356;48.8661;2.32703;48.8602;2.34419;16
13:03:19.363;48.863;2.33522;48.866;2.32663;48.86;2.3438;16
13:03:19.363;48.863;2.33519;48.866;2.32661;48.8601;2.34378;16
13:03:19.749;48.8633;2.33482;48.8663;2.32625;48.8603;2.34341;16
13:03:19.750;48.8633;2.33418;48.8663;2.32561;48.8604;2.34277;16
13:03:20.156;48.8636;2.33348;48.8665;2.32489;48.8606;2.34206;16
13:03:20.156;48.8635;2.33264;48.8665;2.32407;48.8605;2.34123;16
13:03:20.562;48.8633;2.33185;48.8663;2.32327;48.8603;2.34042;16
13:03:20.563;48.8633;2.33179;48.8663;2.3232;48.8603;2.34036;16
13:03:21.555;48.8633;2.33173;48.8663;2.32314;48.8603;2.3403;16
13:03:21.555;48.8633;2.3317;48.8663;2.32312;48.8603;2.34029;16
13:03:21.555;48.8633;2.3317;48.8663;2.32312;48.8603;2.34029;16
13:03:21.555;48.8635;2.33202;48.8665;2.32344;48.8605;2.34061;16
13:03:21.555;48.864;2.3326;48.867;2.32402;48.861;2.34119;16
13:03:21.556;48.8641;2.33266;48.8671;2.32408;48.8611;2.34125;16
13:03:22.093;48.8642;2.33279;48.8671;2.3242;48.8612;2.34137;16
13:03:22.094;48.8641;2.33269;48.867;2.3241;48.8611;2.34126;16
13:03:22.429;48.864;2.33263;48.8669;2.32404;48.861;2.3412;16
13:03:22.430;48.864;2.33264;48.8669;2.32407;48.861;2.34123;16
13:03:22.774;48.864;2.33269;48.867;2.3241;48.861;2.34126;16
13:03:22.774;48.864;2.3327;48.867;2.32413;48.861;2.34129;16
13:03:22.921;48.864;2.3327;48.8669;2.32413;48.861;2.34129;16
13:03:23.526;48.864;2.3327;48.8669;2.32413;48.861;2.34129;16
13:03:23.526;48.8639;2.3326;48.8669;2.32402;48.8609;2.34119;16
13:03:24.007;48.8638;2.33241;48.8668;2.32382;48.8608;2.34099;16
13:03:24.007;48.8638;2.33238;48.8668;2.32381;48.8608;2.34097;16
13:03:24.400;48.8641;2.34203;48.867;2.33344;48.8611;2.3506;16
13:03:24.401;48.8641;2.34169;48.8671;2.33311;48.8611;2.35028;16
13:03:24.688;48.8642;2.34116;48.8672;2.33258;48.8612;2.34975;16
13:03:24.689;48.8644;2.34065;48.8674;2.33206;48.8615;2.34923;16
13:03:24.845;48.8645;2.34061;48.8674;2.33202;48.8615;2.34918;16
13:03:26.192;48.8639;2.33978;48.8669;2.33121;48.8609;2.34837;16
13:03:27.766;48.8627;2.33733;48.8656;2.32874;48.8597;2.3459;16
13:03:28.299;48.8627;2.33733;48.8656;2.32874;48.8597;2.3459;16
13:03:28.299;48.8622;2.33633;48.8652;2.32774;48.8592;2.34491;16
13:03:28.946;48.8618;2.33519;48.8648;2.32661;48.8588;2.34378;16
13:03:28.946;48.8616;2.3345;48.8646;2.32593;48.8586;2.34309;16
13:03:29.180;48.8616;2.33434;48.8646;2.32576;48.8587;2.34293;16
13:03:29.538;48.8617;2.33427;48.8647;2.32568;48.8587;2.34285;16
13:03:29.855;48.8632;2.33241;48.8661;2.32382;48.8602;2.34099;16
13:03:29.856;48.8633;2.33221;48.8662;2.32362;48.8603;2.34079;16
13:03:30.585;48.8634;2.33221;48.8664;2.32362;48.8605;2.34079;16
13:03:30.586;48.8646;2.32964;48.8676;2.32106;48.8616;2.33823;16
13:03:30.691;48.8649;2.32906;48.8679;2.32048;48.8619;2.33765;16
13:03:34.090;48.8649;2.32906;48.8679;2.32048;48.8619;2.33765;16
13:03:34.090;48.8646;2.32973;48.8676;2.32114;48.8616;2.3383;16
13:03:37.546;48.8643;2.3302;48.8673;2.32161;48.8613;2.33878;16
13:03:37.547;48.8638;2.33165;48.8668;2.32307;48.8608;2.34024;16
13:03:37.870;48.8637;2.33255;48.8667;2.32397;48.8607;2.34114;16
13:03:37.870;48.8636;2.33299;48.8666;2.3244;48.8606;2.34157;16
13:03:50.433;48.8635;2.3331;48.8665;2.32451;48.8605;2.34167;16
13:03:50.433;48.8638;2.3335;48.8668;2.32492;48.8608;2.34209;16
13:03:51.268;48.8639;2.33376;48.8669;2.32518;48.861;2.34235;16
13:03:51.269;48.8639;2.33427;48.8669;2.32568;48.8609;2.34285;16
13:03:51.737;48.8639;2.33601;48.8669;2.32742;48.861;2.34459;16
13:03:54.791;48.8639;2.33601;48.8654;2.33173;48.8624;2.3403;17
13:03:55.684;48.8647;2.33688;48.8662;2.3326;48.8632;2.34116;17
13:03:55.684;48.8649;2.33707;48.8664;2.33276;48.8634;2.34134;17
13:03:55.756;48.8649;2.33707;48.8664;2.33276;48.8634;2.34134;17
13:03:56.657;48.8649;2.33707;48.8664;2.33276;48.8634;2.34134;17
13:03:56.657;48.8651;2.33719;48.8666;2.3329;48.8636;2.34146;17
13:03:56.985;48.8654;2.33728;48.8669;2.33299;48.8639;2.34155;17
13:03:56.985;48.8655;2.3373;48.867;2.33301;48.864;2.34158;17
13:03:57.256;48.8657;2.33725;48.8672;2.33296;48.8642;2.34155;17
13:03:57.256;48.8657;2.33717;48.8672;2.33289;48.8642;2.34146;17
13:03:58.392;48.8657;2.33719;48.8672;2.3329;48.8643;2.34146;17
13:03:58.393;48.866;2.33734;48.8675;2.33305;48.8645;2.34163;17
13:03:58.679;48.8663;2.3374;48.8678;2.33311;48.8648;2.34167;17
13:03:58.679;48.8664;2.33739;48.8679;2.3331;48.8649;2.34167;17
13:03:58.883;48.8664;2.33739;48.8679;2.3331;48.8649;2.34167;17
13:03:58.883;48.8663;2.33739;48.8679;2.3331;48.8649;2.34167;17
13:03:59.134;48.8663;2.33725;48.8678;2.33296;48.8648;2.34155;17
13:03:59.134;48.8659;2.33708;48.8674;2.33279;48.8644;2.34137;17
13:03:59.323;48.8656;2.33676;48.8671;2.33247;48.8641;2.34105;17
13:03:59.323;48.8653;2.3367;48.8668;2.33241;48.8638;2.34099;17
13:03:59.460;48.8653;2.33659;48.8668;2.33231;48.8638;2.34087;17
13:04:00.274;48.8653;2.33659;48.8668;2.33231;48.8638;2.34088;17
13:04:00.274;48.8648;2.33592;48.8663;2.33163;48.8633;2.34021;17
13:04:00.590;48.8641;2.33475;48.8656;2.33046;48.8626;2.33904;17
13:04:00.591;48.8641;2.33458;48.8656;2.33028;48.8626;2.33884;17
13:04:00.591;48.864;2.33455;48.8655;2.33026;48.8625;2.33884;17
13:04:01.023;48.8639;2.33453;48.8654;2.33025;48.8625;2.33881;17
13:04:01.023;48.8635;2.33385;48.865;2.32956;48.862;2.33813;17
13:04:01.354;48.8631;2.3331;48.8646;2.3288;48.8616;2.33739;17
13:04:01.355;48.8627;2.33252;48.8642;2.32822;48.8612;2.33678;17
13:04:01.588;48.8624;2.33176;48.8639;2.32747;48.8609;2.33606;17
13:04:02.104;48.8626;2.33099;48.8641;2.32669;48.8611;2.33528;17
13:04:02.105;48.8628;2.33;48.8643;2.32571;48.8614;2.33429;17
13:04:02.827;48.8629;2.32999;48.8643;2.32568;48.8614;2.33427;17
13:04:02.828;48.8631;2.32964;48.8646;2.32535;48.8616;2.33391;17
13:04:03.019;48.8633;2.32895;48.8648;2.32466;48.8619;2.33322;17
13:04:03.508;48.8634;2.32895;48.8649;2.32466;48.8619;2.33322;17
13:04:03.508;48.8638;2.32877;48.8653;2.32446;48.8623;2.33305;17
13:04:03.659;48.864;2.32857;48.8655;2.32428;48.8625;2.33284;17
13:04:15.305;48.864;2.32869;48.8655;2.3244;48.8625;2.33296;17
13:04:15.306;48.8634;2.32938;48.8649;2.32509;48.862;2.33365;17
13:04:15.821;48.8634;2.32942;48.8649;2.32513;48.8619;2.33369;17
13:04:15.821;48.863;2.32973;48.8645;2.32544;48.8615;2.334;17
13:04:16.244;48.863;2.32968;48.8645;2.32539;48.8615;2.33395;17
13:04:16.244;48.8638;2.32846;48.8653;2.32417;48.8623;2.33275;17
13:04:16.244;48.864;2.3282;48.8655;2.32391;48.8625;2.33249;17
13:04:17.474;48.8641;2.32794;48.8656;2.32365;48.8626;2.33223;17
13:04:17.475;48.8644;2.32742;48.8659;2.32314;48.8629;2.33173;17
13:04:17.748;48.8648;2.32642;48.8663;2.32213;48.8633;2.33069;17
13:04:17.749;48.8648;2.32623;48.8663;2.32193;48.8634;2.33052;17
13:04:18.200;48.8649;2.32616;48.8664;2.32187;48.8634;2.33046;17
13:04:18.200;48.8652;2.32536;48.8667;2.32108;48.8638;2.32967;17
13:04:18.404;48.8655;2.32497;48.867;2.32066;48.864;2.32922;17
13:04:18.742;48.8656;2.32487;48.867;2.32059;48.8641;2.32915;17
13:04:18.742;48.8656;2.32378;48.8671;2.31949;48.8641;2.32806;17
13:04:19.050;48.8657;2.32271;48.8672;2.31842;48.8642;2.327;17
13:04:19.050;48.8658;2.32271;48.8673;2.31842;48.8643;2.327;17
13:04:19.452;48.8658;2.3226;48.8673;2.31831;48.8643;2.32689;17
13:04:19.452;48.8659;2.3214;48.8674;2.31711;48.8644;2.32567;17
13:04:19.684;48.8661;2.32059;48.8676;2.31628;48.8646;2.32487;17
13:04:20.031;48.8661;2.32033;48.8676;2.31604;48.8647;2.32462;17
13:04:20.031;48.8665;2.319;48.868;2.3147;48.865;2.32327;17
13:04:20.174;48.8666;2.31828;48.8681;2.314;48.8652;2.32257;17
13:04:20.658;48.8667;2.31831;48.8682;2.31401;48.8652;2.32257;17
13:04:20.659;48.8671;2.31706;48.8686;2.31277;48.8656;2.32133;17
13:04:20.783;48.8673;2.31621;48.8688;2.31192;48.8658;2.3205;17
13:04:21.207;48.8676;2.31528;48.8691;2.31099;48.8661;2.31958;17
13:04:21.207;48.8676;2.31517;48.8691;2.31088;48.8662;2.31944;17
13:04:21.915;48.8677;2.31511;48.8692;2.31082;48.8662;2.3194;17
13:04:21.916;48.8679;2.31467;48.8694;2.31036;48.8664;2.31895;17
13:04:22.142;48.868;2.31389;48.8695;2.3096;48.8666;2.31818;17
13:04:22.143;48.8681;2.31367;48.8696;2.30939;48.8666;2.31795;17
13:04:22.205;48.8681;2.31367;48.8696;2.30939;48.8666;2.31796;17
13:04:28.629;48.8682;2.31157;48.8697;2.30728;48.8667;2.31586;17
13:04:29.278;48.8682;2.31146;48.8697;2.30717;48.8667;2.31575;17
13:04:29.278;48.868;2.31119;48.8694;2.3069;48.8665;2.31548;17
13:04:29.327;48.8679;2.31114;48.8693;2.30685;48.8663;2.31543;17
13:04:32.994;48.8685;2.31145;48.87;2.30714;48.867;2.31573;17
13:04:32.994;48.8685;2.31148;48.87;2.30719;48.867;2.31578;17
13:04:33.253;48.8685;2.31148;48.87;2.30719;48.867;2.31578;17
13:04:33.254;48.8685;2.31151;48.87;2.30722;48.867;2.3158;17
13:04:33.430;48.8685;2.31152;48.87;2.30724;48.867;2.31583;17
13:04:33.430;48.8685;2.31155;48.87;2.30725;48.867;2.31584;17
13:04:36.883;48.8685;2.31158;48.87;2.3073;48.867;2.31589;17
13:04:36.884;48.8686;2.31155;48.8701;2.30725;48.8671;2.31584;17
13:04:37.204;48.8678;2.31194;48.8693;2.30765;48.8663;2.31622;17
13:04:37.204;48.8673;2.31136;48.8688;2.30707;48.8659;2.31564;17
13:04:37.205;48.8668;2.31125;48.8683;2.30696;48.8653;2.31554;17
13:04:37.970;48.8669;2.31123;48.8683;2.30693;48.8653;2.31549;17
13:04:37.970;48.8671;2.31126;48.8686;2.30698;48.8656;2.31557;17
13:04:38.231;48.8674;2.31146;48.8689;2.30717;48.8659;2.31575;17
13:04:38.231;48.8676;2.31148;48.8691;2.30719;48.8661;2.31578;17
13:04:38.261;48.8676;2.31157;48.8691;2.30728;48.8661;2.31584;17
13:04:39.275;48.8677;2.31157;48.8692;2.30728;48.8662;2.31584;17
13:04:39.276;48.8679;2.31181;48.8694;2.30751;48.8664;2.3161;17
13:04:43.389;48.8679;2.31187;48.8694;2.30759;48.8664;2.31615;17
13:04:44.149;48.8679;2.31192;48.8694;2.30762;48.8664;2.31618;17
13:04:44.149;48.8674;2.31284;48.8689;2.30855;48.866;2.31712;17
13:04:44.194;48.8672;2.31348;48.8687;2.30919;48.8657;2.31778;17
13:04:44.547;48.8672;2.31348;48.8687;2.30919;48.8657;2.31778;17
13:04:44.547;48.8667;2.31438;48.8682;2.31009;48.8652;2.31868;17
13:04:44.631;48.8664;2.31531;48.8679;2.31102;48.8649;2.3196;17
13:04:45.026;48.8663;2.31538;48.8678;2.3111;48.8648;2.31966;17
13:04:45.026;48.8658;2.31668;48.8673;2.31239;48.8643;2.32097;17
13:04:45.145;48.8655;2.31726;48.867;2.31296;48.864;2.32155;17
13:04:46.038;48.8651;2.31842;48.8666;2.31412;48.8636;2.32271;17
13:04:46.038;48.8647;2.31947;48.8662;2.31517;48.8632;2.32376;17
13:04:46.038;48.8646;2.31949;48.8661;2.3152;48.8631;2.32378;17
13:04:46.038;48.864;2.32103;48.8655;2.31674;48.8625;2.32532;17
13:04:46.038;48.8639;2.32123;48.8654;2.31694;48.8624;2.3255;17
13:04:46.568;48.8639;2.32129;48.8654;2.317;48.8624;2.32558;17
13:04:46.569;48.8639;2.32254;48.8654;2.31824;48.8624;2.32683;17
13:04:46.707;48.864;2.32362;48.8655;2.31934;48.8625;2.32793;17
13:04:47.180;48.8641;2.32365;48.8656;2.31937;48.8626;2.32794;17
13:04:47.181;48.8646;2.3243;48.8661;2.32001;48.8631;2.32858;17
13:04:47.430;48.8649;2.32497;48.8664;2.32066;48.8634;2.32922;17
13:04:47.431;48.8649;2.32507;48.8664;2.32077;48.8634;2.32936;17
13:04:47.756;48.8648;2.32518;48.8663;2.32088;48.8633;2.32944;17
13:04:47.756;48.8645;2.32616;48.866;2.32187;48.863;2.33043;17
13:04:48.081;48.8644;2.327;48.8658;2.32271;48.8629;2.33128;17
13:04:48.081;48.8644;2.32698;48.8659;2.32269;48.8629;2.33125;17
13:04:48.503;48.8644;2.32704;48.8659;2.32275;48.8629;2.33133;17
13:04:48.503;48.8642;2.32819;48.8657;2.32388;48.8627;2.33244;17
13:04:48.598;48.8642;2.32864;48.8657;2.32436;48.8627;2.33295;17
13:04:49.141;48.8643;2.3288;48.8657;2.32451;48.8628;2.3331;17
13:04:49.142;48.8643;2.32985;48.8658;2.32556;48.8628;2.33414;17
13:04:49.300;48.8644;2.33054;48.8659;2.32625;48.8629;2.33481;17
13:04:49.699;48.8644;2.33063;48.8659;2.32634;48.8629;2.3349;17
13:04:49.699;48.8644;2.33206;48.8659;2.32777;48.863;2.33635;17
13:04:49.700;48.8644;2.33234;48.8659;2.32805;48.863;2.33661;17
13:04:50.852;48.8645;2.33228;48.866;2.32799;48.863;2.33656;17
13:04:50.853;48.8644;2.33144;48.8659;2.32715;48.8629;2.33574;17
13:04:50.943;48.8643;2.33028;48.8658;2.32599;48.8628;2.33458;17
13:04:51.690;48.8643;2.33025;48.8658;2.32594;48.8628;2.33453;17
13:04:51.690;48.8642;2.32964;48.8657;2.32535;48.8627;2.33392;17
13:04:51.738;48.8639;2.32832;48.8654;2.32404;48.8624;2.33263;17
13:05:04.665;48.864;2.32906;48.8655;2.32477;48.8625;2.33334;17
13:05:04.665;48.8643;2.33025;48.8658;2.32594;48.8628;2.3345;17
13:05:04.732;48.8644;2.33054;48.8659;2.32625;48.8629;2.33482;17
13:05:05.275;48.8644;2.33067;48.8659;2.32637;48.8629;2.33493;17
13:05:05.275;48.8645;2.33195;48.866;2.32767;48.863;2.33623;17
13:05:05.343;48.8646;2.33231;48.8661;2.328;48.8631;2.33659;17
13:05:06.470;48.8646;2.33231;48.8675;2.32372;48.8616;2.34088;16
13:05:07.475;48.8645;2.33226;48.8675;2.32367;48.8615;2.34084;16
13:05:07.475;48.8644;2.33682;48.8674;2.32825;48.8614;2.34541;16
13:05:08.028;48.8644;2.33708;48.8674;2.32851;48.8614;2.34567;16
13:05:08.508;48.8649;2.34084;48.8679;2.33226;48.8619;2.34943;16
13:05:09.006;48.8649;2.34084;48.8708;2.32367;48.8589;2.358;15
13:05:10.447;48.8662;2.35059;48.8722;2.33342;48.8602;2.36775;15
13:05:10.447;48.8662;2.35075;48.8722;2.33359;48.8602;2.36792;15
13:05:12.212;48.8663;2.35075;48.8722;2.33359;48.8603;2.36792;15
13:05:12.462;48.8686;2.35153;48.8746;2.33437;48.8627;2.3687;15
13:05:12.462;48.8697;2.35127;48.8757;2.33411;48.8638;2.36844;15
13:05:12.558;48.8709;2.35016;48.8768;2.33299;48.8649;2.36732;15
13:05:13.266;48.8709;2.35028;48.8769;2.33311;48.865;2.36745;15
13:05:13.267;48.8721;2.35329;48.878;2.33612;48.8661;2.37045;15
13:05:13.574;48.8735;2.355;48.8795;2.33783;48.8675;2.37216;15
13:05:13.574;48.8739;2.35535;48.8799;2.33818;48.868;2.37251;15
13:05:15.353;48.8739;2.35535;48.8799;2.33818;48.868;2.37251;15
13:05:16.677;48.8739;2.35535;48.8859;2.32101;48.862;2.38968;14
13:05:17.714;48.8737;2.35509;48.8857;2.32076;48.8618;2.38942;14
13:05:17.714;48.8728;2.35629;48.8848;2.32196;48.8609;2.39062;14
13:05:17.757;48.8692;2.35706;48.8811;2.32272;48.8572;2.39139;14
13:05:17.757;48.8682;2.35715;48.8801;2.32281;48.8562;2.39148;14
13:05:17.840;48.8653;2.35689;48.8773;2.32256;48.8534;2.39122;14
13:05:18.423;48.865;2.35689;48.8769;2.32256;48.8531;2.39122;14
13:05:18.424;48.8648;2.35715;48.8768;2.32281;48.8529;2.39148;14
13:05:18.502;48.8619;2.35741;48.8739;2.32307;48.85;2.39174;14
13:05:18.502;48.8612;2.35774;48.8731;2.32341;48.8493;2.39207;14
13:05:18.605;48.8584;2.35646;48.8703;2.32213;48.8465;2.39079;14
13:05:18.605;48.8581;2.35646;48.87;2.32213;48.8461;2.39079;14
13:05:18.681;48.857;2.35663;48.8689;2.3223;48.845;2.39096;14
13:05:19.274;48.8569;2.35629;48.8689;2.32196;48.845;2.39062;14
13:05:19.275;48.8569;2.35672;48.8689;2.32239;48.845;2.39105;14
13:05:19.403;48.8556;2.35861;48.8676;2.32428;48.8437;2.39294;14
13:05:19.403;48.8545;2.35973;48.8665;2.32539;48.8426;2.39406;14
13:05:19.525;48.8531;2.36179;48.865;2.32745;48.8411;2.39612;14
13:05:19.525;48.8523;2.36238;48.8642;2.32805;48.8404;2.39671;14
13:05:19.628;48.851;2.36479;48.8629;2.33046;48.8391;2.39912;14
13:05:20.464;48.8508;2.36513;48.8628;2.3308;48.8389;2.39946;14
13:05:20.464;48.8501;2.3671;48.862;2.33276;48.8382;2.40143;14
13:05:20.663;48.8478;2.37611;48.8598;2.34178;48.8359;2.41045;14
13:05:20.664;48.847;2.37955;48.8589;2.34521;48.835;2.41388;14
13:05:20.835;48.8462;2.38419;48.8582;2.34985;48.8343;2.41852;14
13:05:21.317;48.8465;2.38281;48.8584;2.34848;48.8345;2.41714;14
13:05:21.472;48.8509;2.35706;48.8628;2.32272;48.8389;2.39139;14
13:05:25.190;48.8509;2.35646;48.8628;2.32213;48.8389;2.39079;14
13:05:25.190;48.8507;2.35526;48.8626;2.32092;48.8387;2.38959;14
13:05:25.230;48.8528;2.35002;48.8647;2.31569;48.8409;2.38435;14
13:05:25.230;48.8533;2.34856;48.8652;2.31422;48.8414;2.38289;14
13:05:25.345;48.8544;2.3459;48.8664;2.31157;48.8425;2.38023;14
13:05:25.346;48.8548;2.34488;48.8668;2.31055;48.8429;2.37921;14
13:05:25.457;48.8554;2.34325;48.8674;2.30891;48.8435;2.37758;14
13:05:25.457;48.8556;2.34273;48.8675;2.3084;48.8436;2.37706;14
13:05:25.569;48.8559;2.34178;48.8679;2.30745;48.844;2.37611;14
13:05:25.569;48.8559;2.34178;48.8679;2.30745;48.844;2.37611;14
13:05:25.678;48.856;2.34178;48.8679;2.30745;48.844;2.37611;14
13:05:25.679;48.856;2.34178;48.868;2.30745;48.8441;2.37611;14
13:05:25.759;48.856;2.34178;48.868;2.30745;48.8441;2.37611;14
13:05:25.919;48.8561;2.34178;48.868;2.30745;48.8441;2.37611;14
13:05:26.039;48.8561;2.34178;48.868;2.30745;48.8441;2.37611;14
13:05:26.125;48.8561;2.34178;48.8681;2.30745;48.8442;2.37611;14
13:05:26.213;48.8562;2.34178;48.8681;2.30745;48.8442;2.37611;14
13:05:26.291;48.8562;2.34161;48.8682;2.30728;48.8443;2.37595;14
13:05:26.404;48.8564;2.34152;48.8684;2.30719;48.8445;2.37585;14
13:05:26.404;48.8565;2.34152;48.8684;2.30719;48.8445;2.37585;14
13:05:26.565;48.8567;2.34145;48.8686;2.30711;48.8448;2.37578;14
13:05:26.566;48.8569;2.34135;48.8688;2.30702;48.8449;2.37569;14
13:05:26.672;48.8569;2.34135;48.8688;2.30702;48.8449;2.37569;14
13:05:26.767;48.857;2.34109;48.8689;2.30676;48.845;2.37543;14
13:05:26.920;48.8573;2.3405;48.8692;2.30617;48.8453;2.37483;14
13:05:26.920;48.8573;2.34041;48.8692;2.30608;48.8453;2.37474;14
13:05:27.072;48.8578;2.33998;48.8698;2.30565;48.8459;2.37431;14
13:05:27.072;48.8579;2.33989;48.8698;2.30556;48.8459;2.37422;14
13:05:27.072;48.858;2.33989;48.8699;2.30556;48.8461;2.37422;14
13:05:27.179;48.8585;2.33955;48.8704;2.30522;48.8466;2.37389;14
13:05:27.180;48.8586;2.33955;48.8705;2.30522;48.8466;2.37389;14
13:05:27.277;48.859;2.33929;48.8709;2.30496;48.847;2.37363;14
13:05:27.277;48.8591;2.33913;48.871;2.30479;48.8471;2.37346;14
13:05:27.383;48.8593;2.33887;48.8712;2.30453;48.8474;2.3732;14
13:05:27.383;48.8595;2.33878;48.8714;2.30444;48.8475;2.37311;14
13:05:27.468;48.8597;2.33861;48.8717;2.30428;48.8478;2.37294;14
13:05:27.560;48.8598;2.33861;48.8717;2.30428;48.8479;2.37294;14
13:05:27.649;48.8599;2.33852;48.8718;2.30418;48.8479;2.37285;14
13:05:27.649;48.8599;2.33844;48.8719;2.30411;48.848;2.37277;14
13:05:27.752;48.86;2.33844;48.872;2.30411;48.8481;2.37277;14
13:05:27.753;48.86;2.33852;48.8719;2.30418;48.848;2.37285;14
13:05:27.907;48.86;2.33844;48.8719;2.30411;48.848;2.37277;14
13:05:28.012;48.86;2.33844;48.8719;2.30411;48.848;2.37277;14
13:05:28.012;48.86;2.33826;48.8719;2.30392;48.848;2.37259;14
13:05:28.130;48.8603;2.33818;48.8722;2.30385;48.8484;2.37251;14
13:05:28.130;48.8604;2.33818;48.8724;2.30385;48.8485;2.37251;14
13:05:28.264;48.8608;2.33826;48.8727;2.30392;48.8488;2.37259;14
13:05:28.264;48.8609;2.33852;48.8729;2.30418;48.849;2.37285;14
13:05:28.265;48.861;2.3387;48.8729;2.30437;48.849;2.37303;14
13:05:28.343;48.8612;2.33894;48.8731;2.30461;48.8492;2.37328;14
13:05:28.924;48.8626;2.33913;48.8745;2.30479;48.8506;2.37346;14
13:05:28.924;48.8632;2.3392;48.8751;2.30487;48.8512;2.37354;14
13:05:28.988;48.8654;2.33972;48.8773;2.30539;48.8535;2.37405;14
13:05:28.988;48.866;2.33989;48.8779;2.30556;48.854;2.37422;14
13:05:29.083;48.8666;2.34032;48.8785;2.30598;48.8546;2.37465;14
13:05:29.868;48.867;2.34007;48.8789;2.30574;48.855;2.3744;14
13:05:29.868;48.8681;2.33963;48.88;2.3053;48.8562;2.37396;14
13:05:29.898;48.869;2.33913;48.881;2.30479;48.8571;2.37346;14
13:05:30.151;48.8691;2.33913;48.881;2.30479;48.8571;2.37346;14
13:05:30.152;48.8692;2.33775;48.8812;2.30342;48.8573;2.37209;14
13:05:30.352;48.8686;2.33046;48.8806;2.29613;48.8567;2.36479;14
13:05:30.352;48.8685;2.32788;48.8804;2.29355;48.8566;2.36221;14
13:05:30.475;48.8679;2.32497;48.8798;2.29063;48.8559;2.3593;14
13:05:30.925;48.8678;2.32521;48.8798;2.29088;48.8559;2.35954;14
13:05:30.925;48.8655;2.32668;48.8774;2.29234;48.8536;2.36101;14
13:05:31.037;48.8617;2.33089;48.8736;2.29655;48.8497;2.36522;14
13:05:31.037;48.8603;2.33328;48.8722;2.29895;48.8484;2.36761;14
13:05:31.141;48.8576;2.33707;48.8695;2.30273;48.8457;2.3714;14
13:05:31.525;48.8572;2.33757;48.8691;2.30324;48.8453;2.3719;14
13:05:31.526;48.856;2.3392;48.868;2.30487;48.8441;2.37354;14
13:05:31.870;48.8508;2.34401;48.8627;2.30968;48.8388;2.37834;14
13:05:31.871;48.8491;2.3447;48.861;2.31036;48.8371;2.37903;14
13:05:31.871;48.8484;2.34581;48.8604;2.31148;48.8365;2.38014;14
13:05:32.177;48.8484;2.34557;48.8604;2.31123;48.8365;2.3799;14
13:05:32.178;48.8473;2.34969;48.8592;2.31535;48.8353;2.38402;14
13:05:32.503;48.8464;2.35182;48.8584;2.31749;48.8345;2.38615;14
13:05:32.503;48.8464;2.35191;48.8583;2.31758;48.8344;2.38625;14
13:05:32.559;48.8462;2.35191;48.8581;2.31758;48.8343;2.38625;14
13:05:32.560;48.8461;2.35208;48.8581;2.31775;48.8342;2.38641;14
13:05:32.722;48.8462;2.35251;48.8581;2.31818;48.8343;2.38684;14
13:05:32.723;48.8462;2.35251;48.8581;2.31818;48.8343;2.38684;14
13:05:32.851;48.8462;2.3526;48.8581;2.31827;48.8343;2.38693;14
13:05:33.029;48.8464;2.3526;48.8583;2.31827;48.8344;2.38693;14
13:05:33.029;48.8468;2.35345;48.8587;2.31912;48.8348;2.38779;14
13:05:34.841;48.8468;2.35345;48.8527;2.33629;48.8408;2.37062;15
13:05:37.106;48.8466;2.3532;48.8526;2.33603;48.8407;2.37036;15
13:05:37.106;48.847;2.35109;48.853;2.33392;48.841;2.36826;15
13:05:37.370;48.8475;2.34775;48.8534;2.33058;48.8415;2.36491;15
13:05:37.370;48.8473;2.34694;48.8533;2.32977;48.8413;2.36411;15
13:05:37.587;48.8472;2.34673;48.8531;2.32956;48.8412;2.36389;15
13:05:37.588;48.8474;2.34673;48.8533;2.32956;48.8414;2.36389;15
13:05:37.861;48.8473;2.34673;48.8533;2.32956;48.8413;2.36389;15
13:05:37.861;48.8473;2.34663;48.8533;2.32947;48.8413;2.3638;15
13:05:38.104;48.8472;2.34663;48.8532;2.32947;48.8413;2.3638;15
13:05:38.105;48.8472;2.34659;48.8532;2.32942;48.8412;2.36375;15
13:05:38.329;48.8471;2.3465;48.853;2.32933;48.8411;2.36366;15
13:05:38.329;48.847;2.34737;48.853;2.3302;48.8411;2.36453;15
13:05:38.606;48.8484;2.34993;48.8544;2.33276;48.8424;2.3671;15
13:05:38.606;48.8489;2.35156;48.8549;2.3344;48.8429;2.36873;15
13:05:38.837;48.8492;2.3526;48.8552;2.33543;48.8433;2.36977;15
13:05:38.837;48.8493;2.35268;48.8552;2.33551;48.8433;2.36984;15
13:05:39.001;48.8496;2.3535;48.8556;2.33633;48.8436;2.37067;15
13:05:39.001;48.8502;2.35547;48.8562;2.3383;48.8442;2.37263;15
13:05:39.251;48.8509;2.3584;48.8568;2.34123;48.8449;2.37556;15
13:05:39.251;48.8511;2.35963;48.8571;2.34247;48.8451;2.3768;15
13:05:39.358;48.8512;2.35989;48.8571;2.34273;48.8452;2.37706;15
13:05:39.858;48.8517;2.36006;48.8576;2.3429;48.8457;2.37723;15
13:05:39.858;48.8531;2.36046;48.859;2.34329;48.8471;2.37762;15
13:05:40.011;48.8547;2.36101;48.8607;2.34384;48.8487;2.37817;15
13:05:41.017;48.8541;2.36264;48.8601;2.34547;48.8481;2.37981;15
13:05:41.017;48.8536;2.36591;48.8595;2.34874;48.8476;2.38307;15
13:05:41.330;48.8533;2.36835;48.8593;2.35118;48.8473;2.38551;15
13:05:41.331;48.8532;2.3692;48.8592;2.35204;48.8472;2.38637;15
13:05:42.149;48.8531;2.37053;48.8591;2.35336;48.8471;2.3877;15
13:05:42.149;48.8531;2.37062;48.859;2.35345;48.8471;2.38779;15
13:05:42.149;48.853;2.37062;48.859;2.35345;48.8471;2.38779;15
13:05:42.149;48.853;2.37053;48.859;2.35336;48.847;2.3877;15
13:05:42.149;48.853;2.37083;48.859;2.35367;48.8471;2.388;15
13:05:42.150;48.8525;2.37199;48.8585;2.35483;48.8465;2.38916;15
13:05:42.498;48.8523;2.36887;48.8583;2.3517;48.8463;2.38603;15
13:05:42.498;48.8524;2.36461;48.8584;2.34744;48.8465;2.38177;15
13:05:42.715;48.8532;2.35951;48.8592;2.34235;48.8473;2.37668;15
13:05:42.715;48.8537;2.35684;48.8596;2.33968;48.8477;2.37401;15
13:05:43.306;48.8539;2.35518;48.8599;2.33801;48.848;2.37234;15
13:05:43.306;48.854;2.35457;48.86;2.3374;48.848;2.37173;15
13:05:43.306;48.854;2.35449;48.86;2.33733;48.848;2.37166;15
13:05:43.306;48.854;2.35449;48.86;2.33733;48.848;2.37166;15
13:05:43.307;48.854;2.35449;48.86;2.33733;48.848;2.37166;15
13:05:43.847;48.8537;2.35461;48.8597;2.33745;48.8477;2.37178;15
13:05:43.847;48.8509;2.3571;48.8568;2.33994;48.8449;2.37427;15
13:05:44.270;48.8486;2.35904;48.8546;2.34187;48.8427;2.37621;15
13:05:44.271;48.8485;2.35985;48.8545;2.34268;48.8425;2.37701;15
13:05:44.520;48.8484;2.35989;48.8544;2.34273;48.8424;2.37706;15
13:05:44.520;48.8466;2.36423;48.8526;2.34706;48.8406;2.38139;15
13:05:44.758;48.8454;2.36882;48.8514;2.35165;48.8395;2.38599;15
13:05:45.287;48.8456;2.36951;48.8516;2.35234;48.8397;2.38667;15
13:05:45.287;48.8466;2.37337;48.8526;2.3562;48.8407;2.39053;15
13:05:45.673;48.8473;2.37299;48.8532;2.35582;48.8413;2.39015;15
13:05:45.674;48.846;2.36749;48.8519;2.35033;48.84;2.38466;15
13:05:45.781;48.8451;2.36295;48.851;2.34578;48.8391;2.38011;15
13:05:46.627;48.8451;2.36295;48.851;2.34578;48.8391;2.38011;15
13:05:46.627;48.8445;2.36089;48.8505;2.34372;48.8385;2.37805;15
13:05:46.918;48.8438;2.35788;48.8498;2.34071;48.8379;2.37505;15
13:05:46.918;48.8436;2.35608;48.8496;2.33891;48.8377;2.37325;15
13:05:47.017;48.8437;2.35526;48.8497;2.33809;48.8377;2.37242;15
13:05:47.845;48.8438;2.35487;48.8497;2.33771;48.8378;2.37204;15
13:05:47.845;48.8446;2.35294;48.8506;2.33577;48.8386;2.3701;15
13:05:48.225;48.8454;2.34947;48.8513;2.33231;48.8394;2.36664;15
13:05:48.225;48.8456;2.34775;48.8516;2.33058;48.8397;2.36491;15
13:05:48.225;48.8456;2.34694;48.8516;2.32977;48.8397;2.36411;15
13:05:48.908;48.8457;2.3468;48.8517;2.32964;48.8397;2.36397;15
13:05:48.908;48.8465;2.34436;48.8525;2.32719;48.8405;2.36153;15
13:05:49.184;48.8481;2.34169;48.8541;2.32452;48.8421;2.35886;15
13:05:49.184;48.8492;2.34174;48.8552;2.32457;48.8432;2.3589;15
13:05:49.758;48.8493;2.34174;48.8553;2.32457;48.8434;2.3589;15
13:05:49.758;48.8511;2.34119;48.8571;2.32402;48.8452;2.35835;15
13:05:50.104;48.8521;2.34076;48.8581;2.32359;48.8462;2.35793;15
13:05:50.104;48.8523;2.34045;48.8583;2.32329;48.8464;2.35762;15
13:05:50.632;48.8524;2.34062;48.8583;2.32346;48.8464;2.35779;15
13:05:50.633;48.8537;2.34213;48.8596;2.32497;48.8477;2.3593;15
13:05:50.924;48.8547;2.34306;48.8607;2.3259;48.8487;2.36023;15
13:05:50.925;48.8553;2.34299;48.8613;2.32582;48.8493;2.36015;15
13:05:52.384;48.8553;2.34282;48.8613;2.32565;48.8493;2.35999;15
13:05:52.385;48.8557;2.34225;48.8616;2.32509;48.8497;2.35942;15
13:05:52.430;48.8561;2.34148;48.8621;2.32431;48.8501;2.35864;15
13:05:52.799;48.8561;2.34145;48.8621;2.32428;48.8501;2.35861;15
13:05:52.799;48.8561;2.34135;48.8621;2.32419;48.8502;2.35852;15
13:05:53.674;48.8562;2.34123;48.8622;2.32407;48.8503;2.3584;15
13:05:53.674;48.8571;2.34062;48.863;2.32346;48.8511;2.35779;15
13:05:53.937;48.8582;2.33925;48.8641;2.32208;48.8522;2.35641;15
13:05:53.937;48.8583;2.33899;48.8643;2.32182;48.8523;2.35616;15
13:05:54.464;48.8584;2.33887;48.8644;2.3217;48.8524;2.35603;15
13:05:54.464;48.8599;2.33749;48.8659;2.32033;48.8539;2.35466;15
13:05:54.518;48.8612;2.33714;48.8672;2.31998;48.8553;2.35431;15
13:05:56.676;48.8614;2.33783;48.8674;2.32066;48.8555;2.355;15
13:05:56.677;48.8622;2.34062;48.8681;2.32346;48.8562;2.35779;15
13:05:56.716;48.8625;2.34145;48.8684;2.32428;48.8565;2.35861;15
13:05:57.456;48.8633;2.34187;48.8693;2.32471;48.8573;2.35904;15
13:05:57.456;48.8639;2.34261;48.8699;2.32544;48.8579;2.35977;15
13:05:57.689;48.8639;2.34268;48.8699;2.32552;48.858;2.35985;15
13:05:57.689;48.864;2.34299;48.87;2.32582;48.8581;2.36015;15
13:05:57.917;48.864;2.34315;48.87;2.32599;48.8581;2.36032;15
13:05:57.917;48.864;2.3432;48.87;2.32603;48.8581;2.36037;15
13:05:57.968;48.864;2.34329;48.87;2.32613;48.8581;2.36046;15
13:05:58.110;48.864;2.34329;48.87;2.32613;48.8581;2.36046;15
13:05:58.249;48.864;2.34329;48.87;2.32613;48.8581;2.36046;15
13:05:58.572;48.864;2.34329;48.87;2.32613;48.8581;2.36046;15
13:05:58.573;48.864;2.34358;48.87;2.32642;48.8581;2.36075;15
13:05:58.822;48.8636;2.34557;48.8696;2.3284;48.8576;2.36273;15
13:05:58.822;48.8634;2.34604;48.8694;2.32887;48.8575;2.3632;15
13:05:58.961;48.8636;2.3459;48.8696;2.32874;48.8577;2.36307;15
13:06:00.359;48.8636;2.3459;48.8666;2.33733;48.8607;2.35449;16
13:06:01.264;48.8634;2.34697;48.8664;2.33839;48.8604;2.35556;16
13:06:01.264;48.8633;2.34741;48.8663;2.33882;48.8603;2.35599;16
13:06:01.486;48.8633;2.34744;48.8663;2.33887;48.8603;2.35603;16
13:06:05.673;48.8633;2.34744;48.8648;2.34315;48.8618;2.35175;17
13:06:16.550;48.8633;2.34744;48.8641;2.34531;48.8626;2.34959;18
13:06:17.483;48.8633;2.34747;48.8641;2.34532;48.8626;2.34961;18
13:06:17.484;48.8634;2.34784;48.8642;2.34569;48.8627;2.34996;18
13:06:17.858;48.8634;2.34792;48.8642;2.34578;48.8627;2.35007;18
13:06:17.859;48.8634;2.34792;48.8642;2.34578;48.8627;2.35007;18
13:06:17.859;48.8634;2.34795;48.8642;2.34579;48.8627;2.35008;18
13:06:33.456;48.8634;2.34795;48.8649;2.34364;48.8619;2.35223;17
13:06:34.119;48.8634;2.34785;48.8649;2.34357;48.8619;2.35214;17
13:06:34.120;48.8641;2.34622;48.8656;2.34193;48.8626;2.35051;17
13:06:34.232;48.8644;2.34564;48.8659;2.34135;48.8629;2.34993;17
13:06:34.693;48.8645;2.34554;48.866;2.34125;48.863;2.34982;17
13:06:34.693;48.8656;2.34399;48.867;2.33971;48.8641;2.34828;17
13:06:35.101;48.8657;2.34364;48.8671;2.33936;48.8642;2.34795;17
13:06:35.102;48.8666;2.3423;48.8681;2.33801;48.8651;2.34659;17
13:06:35.659;48.8666;2.34224;48.868;2.33794;48.8651;2.34653;17
13:06:35.659;48.8675;2.34061;48.869;2.3363;48.866;2.34489;17
13:06:35.766;48.8675;2.34052;48.869;2.33623;48.8661;2.3448;17
13:06:36.828;48.8682;2.33913;48.8697;2.33482;48.8667;2.34341;17
13:06:36.828;48.8684;2.33882;48.8699;2.33453;48.8669;2.34309;17
13:06:36.829;48.8685;2.33833;48.8699;2.33403;48.867;2.34262;17
13:06:36.829;48.8692;2.33693;48.8707;2.33264;48.8677;2.3412;17
13:06:37.462;48.8697;2.33597;48.8712;2.33168;48.8682;2.34026;17
13:06:37.462;48.8705;2.33443;48.872;2.33014;48.8691;2.33871;17
13:06:37.836;48.8707;2.33382;48.8722;2.32953;48.8693;2.33812;17
13:06:37.836;48.8709;2.3327;48.8724;2.32841;48.8694;2.33701;17
13:06:38.318;48.871;2.33244;48.8725;2.32816;48.8695;2.33675;17
13:06:38.451;48.871;2.33078;48.8725;2.32648;48.8695;2.33507;17
13:06:39.280;48.871;2.33025;48.8725;2.32594;48.8695;2.33453;17
13:06:39.280;48.8708;2.32925;48.8723;2.32497;48.8693;2.33354;17
13:06:39.545;48.8708;2.32921;48.8722;2.32492;48.8693;2.3335;17
13:06:40.354;48.8707;2.32921;48.8722;2.32492;48.8693;2.3335;17
13:06:40.354;48.87;2.32925;48.8715;2.32497;48.8685;2.33353;17
13:06:40.917;48.8697;2.32925;48.8712;2.32497;48.8682;2.33354;17
13:06:40.918;48.8693;2.32895;48.8708;2.32466;48.8678;2.33322;17
13:06:40.918;48.869;2.32889;48.8705;2.3246;48.8675;2.33318;17
13:06:41.999;48.869;2.32889;48.872;2.3203;48.866;2.33746;16
13:06:43.409;48.8691;2.32884;48.8721;2.32027;48.8662;2.33743;16
13:06:43.409;48.8706;2.32874;48.8735;2.32016;48.8676;2.3373;16
13:06:43.507;48.8712;2.32884;48.8742;2.32027;48.8682;2.33743;16
13:06:44.948;48.8713;2.32877;48.8742;2.32018;48.8683;2.33734;16
13:06:44.949;48.8719;2.32681;48.8749;2.31822;48.869;2.33537;16
13:06:45.299;48.8722;2.32487;48.8751;2.31628;48.8692;2.33344;16
13:06:45.300;48.872;2.32515;48.875;2.31657;48.869;2.33374;16
13:06:50.181;48.8719;2.32503;48.8748;2.31644;48.8689;2.3336;16
13:06:50.182;48.8703;2.32494;48.8733;2.31636;48.8674;2.33353;16
13:06:50.245;48.8698;2.32489;48.8728;2.31631;48.8668;2.33348;16
13:06:51.060;48.8698;2.32486;48.8728;2.31627;48.8668;2.33344;16
13:06:51.061;48.8681;2.32457;48.8711;2.31599;48.8652;2.33313;16
13:06:51.448;48.8678;2.32465;48.8708;2.31606;48.8648;2.33322;16
13:06:51.448;48.8676;2.32449;48.8705;2.3159;48.8646;2.33305;16
13:06:51.785;48.869;2.32588;48.872;2.31731;48.8661;2.33447;16
13:06:51.785;48.8693;2.32597;48.8723;2.31738;48.8664;2.33455;16
13:06:52.057;48.8694;2.32597;48.8723;2.31738;48.8664;2.33455;16
13:06:52.057;48.8695;2.32582;48.8724;2.31723;48.8665;2.33438;16
13:06:52.598;48.8679;2.32532;48.8708;2.31674;48.8649;2.33391;16
13:06:52.598;48.8672;2.3252;48.8702;2.31662;48.8642;2.33379;16
13:06:52.599;48.8669;2.32547;48.8699;2.31689;48.8639;2.33403;16
13:06:53.073;48.8669;2.32541;48.8699;2.31683;48.8639;2.334;16
13:06:53.073;48.8656;2.32552;48.8685;2.31694;48.8626;2.33408;16
13:06:53.315;48.8649;2.32552;48.8679;2.31694;48.862;2.33408;16
13:06:53.315;48.8648;2.3255;48.8677;2.31691;48.8618;2.33408;16
13:06:53.479;48.8646;2.32576;48.8676;2.31717;48.8616;2.33434;16
13:06:53.979;48.8646;2.32558;48.8676;2.317;48.8616;2.33417;16
13:06:53.980;48.8637;2.32599;48.8666;2.31741;48.8607;2.33455;16
13:06:54.425;48.8637;2.32545;48.8667;2.31686;48.8607;2.33403;16
13:06:54.425;48.8646;2.32526;48.8676;2.31668;48.8616;2.33382;16
13:06:54.425;48.8655;2.32509;48.8684;2.31651;48.8625;2.33365;16
13:06:54.548;48.8656;2.3252;48.8686;2.31662;48.8626;2.33379;16
13:06:55.635;48.8658;2.32515;48.8688;2.31657;48.8628;2.33374;16
13:06:55.636;48.8674;2.32509;48.8703;2.31651;48.8644;2.33365;16
13:06:56.279;48.8675;2.32509;48.8704;2.31651;48.8645;2.33365;16
13:06:56.280;48.8693;2.32576;48.8723;2.31717;48.8664;2.33434;16
13:06:57.145;48.8701;2.32599;48.8731;2.31741;48.8671;2.33455;16
13:06:57.145;48.8711;2.32629;48.8741;2.3177;48.8681;2.33485;16
13:06:57.450;48.8711;2.32629;48.8741;2.3177;48.8682;2.33485;16
13:06:57.450;48.8712;2.32645;48.8742;2.31786;48.8682;2.33502;16
13:06:58.214;48.8712;2.3264;48.8742;2.31781;48.8682;2.33498;16
13:06:58.214;48.8704;2.32655;48.8734;2.31796;48.8674;2.33511;16
13:06:58.344;48.8689;2.32645;48.8719;2.31786;48.866;2.33502;16
13:06:59.019;48.8689;2.32645;48.8719;2.31786;48.866;2.33502;16
13:06:59.019;48.8675;2.32645;48.8705;2.31786;48.8646;2.33502;16
13:06:59.359;48.8667;2.32629;48.8697;2.3177;48.8638;2.33485;16
13:06:59.713;48.8667;2.32631;48.8697;2.31773;48.8638;2.3349;16
13:06:59.713;48.8649;2.32646;48.8678;2.31789;48.8619;2.33502;16
13:07:00.034;48.8645;2.3264;48.8675;2.31781;48.8615;2.33498;16
13:07:00.973;48.8646;2.32635;48.8676;2.31778;48.8616;2.33493;16
13:07:00.973;48.863;2.32625;48.866;2.31766;48.8601;2.33481;16
13:07:01.272;48.8627;2.32613;48.8656;2.31754;48.8597;2.33469;16
13:07:02.731;48.8616;2.32603;48.8646;2.31744;48.8587;2.33459;16
13:07:02.731;48.8607;2.32579;48.8637;2.31721;48.8577;2.33438;16
13:07:02.964;48.8604;2.32578;48.8633;2.3172;48.8574;2.33434;16
13:07:03.438;48.8604;2.32567;48.8634;2.31708;48.8574;2.33426;16
13:07:03.438;48.8592;2.32568;48.8622;2.31711;48.8562;2.33426;16
13:07:03.926;48.8587;2.32558;48.8617;2.317;48.8558;2.33417;16
13:07:03.927;48.8587;2.32568;48.8617;2.31711;48.8558;2.33426;16
13:07:04.456;48.8587;2.32578;48.8617;2.3172;48.8557;2.33434;16
13:07:04.456;48.8584;2.32735;48.8614;2.31876;48.8554;2.33592;16
13:07:04.998;48.8583;2.32837;48.8613;2.31979;48.8553;2.33696;16
13:07:04.998;48.8588;2.32893;48.8618;2.32034;48.8559;2.33751;16
13:07:04.998;48.8607;2.32764;48.8637;2.31906;48.8577;2.33623;16
13:07:05.871;48.8609;2.32742;48.8638;2.31885;48.8579;2.33601;16
13:07:05.871;48.8624;2.32655;48.8654;2.31796;48.8594;2.33511;16
13:07:06.394;48.8627;2.32645;48.8657;2.31786;48.8597;2.33502;16
13:07:06.394;48.864;2.32532;48.867;2.31674;48.8611;2.33391;16
13:07:06.394;48.8648;2.32465;48.8677;2.31606;48.8618;2.33322;16
13:07:06.600;48.8648;2.32465;48.8678;2.31606;48.8618;2.33322;16
13:07:07.155;48.8649;2.32452;48.8679;2.31595;48.8619;2.3331;16
13:07:07.156;48.8659;2.3226;48.8689;2.31401;48.8629;2.33116;16
13:07:07.326;48.8662;2.32222;48.8692;2.31363;48.8632;2.33078;16
13:07:08.432;48.8663;2.32182;48.8693;2.31325;48.8633;2.33038;16
13:07:08.433;48.867;2.32013;48.87;2.31155;48.8641;2.32872;16
13:07:09.114;48.8676;2.3185;48.8706;2.30992;48.8646;2.32709;16
13:07:09.114;48.8677;2.31828;48.8707;2.30971;48.8647;2.32687;16
13:07:09.114;48.8677;2.31833;48.8707;2.30975;48.8647;2.32692;16
13:07:09.115;48.8676;2.31837;48.8706;2.30978;48.8647;2.32695;16
13:07:09.613;48.8676;2.31831;48.8706;2.30972;48.8647;2.32687;16
13:07:09.613;48.8682;2.31691;48.8711;2.30833;48.8652;2.3255;16
13:07:09.964;48.8687;2.31464;48.8717;2.30606;48.8657;2.32323;16
13:07:09.964;48.8688;2.31427;48.8718;2.30569;48.8658;2.32283;16
13:07:10.215;48.8688;2.31421;48.8717;2.30563;48.8658;2.3228;16
13:07:10.216;48.8688;2.31419;48.8717;2.3056;48.8658;2.32275;16
13:07:10.433;48.8688;2.31419;48.8717;2.3056;48.8658;2.32275;16
13:07:10.434;48.8687;2.31416;48.8717;2.30559;48.8657;2.32275;16
13:07:10.692;48.8685;2.31421;48.8715;2.30563;48.8656;2.3228;16
13:07:10.692;48.8686;2.3143;48.8716;2.30571;48.8657;2.32288;16
13:07:14.096;48.8686;2.3143;48.8716;2.30571;48.8656;2.32288;16
13:07:14.097;48.867;2.3158;48.8699;2.30722;48.864;2.32439;16
13:07:14.402;48.8659;2.31659;48.8689;2.30801;48.8629;2.32515;16
13:07:14.402;48.8657;2.31708;48.8687;2.3085;48.8627;2.32567;16
13:07:15.224;48.8657;2.31702;48.8687;2.30844;48.8627;2.32558;16
13:07:15.224;48.8663;2.31557;48.8693;2.30698;48.8634;2.32413;16
13:07:15.741;48.8671;2.31389;48.87;2.3053;48.8641;2.32245;16
13:07:15.741;48.8673;2.3131;48.8703;2.3045;48.8643;2.32167;16
13:07:15.741;48.8675;2.31229;48.8705;2.3037;48.8645;2.32086;16
13:07:15.741;48.8675;2.31213;48.8705;2.30354;48.8645;2.32069;16
13:07:16.090;48.8675;2.31216;48.8705;2.30359;48.8645;2.32074;16
13:07:26.035;48.8674;2.31209;48.8704;2.3035;48.8645;2.32065;16
13:07:26.035;48.8676;2.31142;48.8705;2.30284;48.8646;2.32001;16
13:07:26.252;48.8674;2.3112;48.8704;2.30263;48.8644;2.31979;16
13:07:26.252;48.8674;2.31142;48.8704;2.30284;48.8644;2.32001;16
13:07:27.097;48.8674;2.31142;48.8689;2.30713;48.8659;2.3157;17
13:07:27.792;48.8674;2.31131;48.8689;2.30702;48.8659;2.3156;17
13:07:27.792;48.8674;2.31073;48.8689;2.30644;48.866;2.31503;17
13:07:28.099;48.8674;2.31007;48.8689;2.30577;48.8659;2.31436;17
13:07:28.100;48.8674;2.30983;48.8689;2.30554;48.8659;2.31412;17
13:07:28.323;48.8674;2.30968;48.8689;2.30539;48.8659;2.31395;17
13:07:28.323;48.8674;2.30957;48.8689;2.30528;48.8659;2.31387;17
13:07:28.381;48.8673;2.3096;48.8688;2.3053;48.8658;2.31389;17
13:07:30.136;48.8674;2.30957;48.8689;2.30528;48.8659;2.31387;17
13:07:30.370;48.8678;2.30913;48.8693;2.30484;48.8663;2.31342;17
13:07:30.370;48.868;2.30899;48.8695;2.3047;48.8665;2.31329;17
13:07:30.467;48.868;2.30891;48.8695;2.30461;48.8665;2.31319;17
13:07:30.467;48.868;2.30888;48.8695;2.3046;48.8665;2.31319;17
13:07:30.811;48.868;2.30884;48.8694;2.30455;48.8665;2.31314;17
13:07:30.811;48.8679;2.30881;48.8694;2.3045;48.8665;2.3131;17
13:07:30.995;48.8679;2.30876;48.8693;2.30447;48.8664;2.31305;17
13:07:30.995;48.8678;2.30873;48.8693;2.30444;48.8663;2.31303;17
13:07:31.071;48.8676;2.30876;48.8691;2.30447;48.8661;2.31305;17
13:07:31.071;48.8676;2.30878;48.8691;2.30449;48.8661;2.31308;17
13:08:13.371;48.8676;2.30887;48.8691;2.30458;48.8661;2.31314;17
13:08:13.372;48.8681;2.30989;48.8696;2.3056;48.8666;2.31419;17
13:08:13.590;48.8683;2.31058;48.8698;2.30629;48.8669;2.31488;17
13:08:13.591;48.8684;2.31084;48.8699;2.30655;48.8669;2.31511;17
13:08:13.808;48.8685;2.31108;48.87;2.30679;48.867;2.31537;17
13:08:13.809;48.8685;2.31137;48.87;2.30708;48.8671;2.31567;17
13:08:13.907;48.8686;2.31151;48.8701;2.30722;48.8671;2.3158;17
13:08:13.907;48.8686;2.31152;48.8701;2.30724;48.8671;2.31583;17
13:08:14.102;48.8686;2.31157;48.8701;2.30728;48.8671;2.31586;17
13:08:14.103;48.8686;2.31161;48.8701;2.30733;48.8671;2.31589;17
13:08:39.662;48.8686;2.31161;48.8716;2.30302;48.8656;2.32018;16
13:08:40.629;48.8688;2.31168;48.8718;2.3031;48.8658;2.32027;16
13:08:40.629;48.8691;2.31216;48.8721;2.30359;48.8661;2.32074;16
13:08:40.864;48.8698;2.31331;48.8728;2.30472;48.8668;2.3219;16
13:08:40.864;48.8703;2.31383;48.8732;2.30524;48.8673;2.3224;16
13:08:41.099;48.8703;2.31377;48.8733;2.30518;48.8674;2.32233;16
13:08:41.099;48.8706;2.31288;48.8736;2.30429;48.8676;2.32146;16
13:08:41.273;48.8709;2.3111;48.8739;2.30252;48.8679;2.31966;16
13:08:42.215;48.8708;2.31099;48.8738;2.30241;48.8678;2.31958;16
13:08:42.215;48.8696;2.31058;48.8726;2.302;48.8666;2.31915;16
13:08:42.465;48.8681;2.30992;48.8711;2.30133;48.8652;2.3185;16
13:08:42.466;48.8678;2.30962;48.8708;2.30104;48.8648;2.31821;16
13:08:42.980;48.8677;2.30965;48.8707;2.30106;48.8648;2.31821;16
13:08:42.980;48.8669;2.31134;48.8699;2.30275;48.8639;2.31992;16
13:08:43.115;48.8663;2.31187;48.8693;2.30328;48.8633;2.32043;16
13:08:43.631;48.8664;2.31316;48.8694;2.30458;48.8634;2.32172;16
13:08:43.631;48.8662;2.31445;48.8692;2.30586;48.8632;2.32301;16
13:08:43.779;48.8661;2.31557;48.8691;2.30698;48.8631;2.32413;16
13:08:44.566;48.866;2.31569;48.869;2.30711;48.863;2.32425;16
13:08:44.567;48.8653;2.31647;48.8682;2.30788;48.8623;2.32503;16
13:08:44.641;48.8651;2.31754;48.868;2.30896;48.8621;2.3261;16
13:08:57.887;48.865;2.31743;48.868;2.30884;48.862;2.32602;16
13:08:57.887;48.8654;2.31616;48.8684;2.30759;48.8624;2.32472;16
13:08:57.964;48.8659;2.31543;48.8689;2.30685;48.8629;2.32399;16
13:08:58.579;48.8657;2.31517;48.8687;2.30659;48.8627;2.32373;16
13:08:58.580;48.8648;2.31102;48.8678;2.30243;48.8618;2.31958;16
13:08:59.481;48.865;2.31113;48.868;2.30254;48.862;2.3197;16
13:08:59.481;48.8657;2.3101;48.8687;2.30153;48.8627;2.31868;16
13:08:59.561;48.8662;2.30602;48.8692;2.29742;48.8632;2.31459;16
13:09:00.222;48.8663;2.30602;48.8693;2.29742;48.8633;2.31459;16
13:09:00.222;48.8671;2.30609;48.8701;2.29752;48.8641;2.31468;16
13:09:00.475;48.8678;2.30588;48.8708;2.2973;48.8649;2.31447;16
13:09:00.475;48.8683;2.30534;48.8712;2.29677;48.8653;2.3139;16
13:09:00.707;48.8681;2.30385;48.8711;2.29526;48.8651;2.31241;16
13:09:00.707;48.8676;2.30301;48.8706;2.29443;48.8646;2.31158;16
13:09:00.967;48.8666;2.30215;48.8695;2.29356;48.8636;2.31073;16
13:09:00.968;48.866;2.30185;48.869;2.29327;48.863;2.31044;16
13:09:01.850;48.866;2.30174;48.8689;2.29317;48.863;2.3103;16
13:09:01.850;48.8654;2.30064;48.8684;2.29207;48.8625;2.30923;16
13:09:01.881;48.8654;2.30057;48.8684;2.29198;48.8624;2.30914;16
13:09:01.881;48.8656;2.3009;48.8686;2.29233;48.8626;2.30949;16
13:09:02.318;48.8656;2.30112;48.8686;2.29254;48.8626;2.30971;16
13:09:02.318;48.8657;2.30417;48.8686;2.29558;48.8627;2.31274;16
13:09:02.383;48.8649;2.3044;48.8679;2.29582;48.8619;2.31296;16
13:09:02.927;48.8649;2.30458;48.8679;2.29599;48.8619;2.31314;16
13:09:02.927;48.8648;2.30598;48.8677;2.29741;48.8618;2.31456;16
13:09:03.138;48.8634;2.30666;48.8664;2.29808;48.8605;2.31525;16
13:09:03.499;48.8635;2.30698;48.8665;2.2984;48.8605;2.31554;16
13:09:03.499;48.8626;2.3087;48.8656;2.30011;48.8596;2.31726;16
13:09:03.678;48.8619;2.30907;48.8649;2.30048;48.8589;2.31764;16
13:09:04.424;48.8618;2.30919;48.8648;2.3006;48.8589;2.31778;16
13:09:04.425;48.8611;2.31087;48.8641;2.30228;48.8581;2.31944;16
13:09:05.060;48.8606;2.31161;48.8636;2.30302;48.8576;2.32018;16
13:09:05.763;48.8599;2.31552;48.8629;2.30693;48.8569;2.32408;16
13:09:06.572;48.8605;2.32106;48.8634;2.31247;48.8575;2.32962;16
13:09:07.428;48.8604;2.32112;48.8634;2.31253;48.8574;2.3297;16
13:09:07.428;48.8595;2.32315;48.8625;2.31458;48.8566;2.33173;16
13:09:07.755;48.8592;2.32388;48.8622;2.31531;48.8563;2.33244;16
13:09:08.207;48.8592;2.32391;48.8621;2.31532;48.8562;2.33249;16
13:09:08.208;48.8574;2.32571;48.8604;2.31712;48.8544;2.33429;16
13:09:08.459;48.8571;2.3259;48.8601;2.31732;48.8541;2.33447;16
13:09:09.154;48.8571;2.32599;48.8601;2.31741;48.8541;2.33455;16
13:09:09.155;48.8572;2.32693;48.8602;2.31834;48.8542;2.33549;16
13:09:09.617;48.8572;2.32704;48.8602;2.31845;48.8543;2.33563;16
13:09:09.977;48.8577;2.32793;48.8606;2.31934;48.8547;2.33649;16
13:09:09.977;48.8581;2.32906;48.8611;2.32048;48.8551;2.33765;16
13:09:10.302;48.8582;2.32932;48.8612;2.32074;48.8552;2.33791;16
13:09:10.920;48.8582;2.32932;48.8612;2.32074;48.8552;2.33791;16
13:09:10.920;48.8577;2.32947;48.8607;2.32088;48.8548;2.33803;16
13:09:11.349;48.8575;2.32974;48.8605;2.32117;48.8545;2.33833;16
13:09:11.350;48.8575;2.32977;48.8605;2.32118;48.8545;2.33833;16
13:09:12.068;48.8575;2.3298;48.8605;2.32123;48.8545;2.33838;16
13:09:12.069;48.8575;2.33015;48.8605;2.32156;48.8545;2.33871;16
13:09:13.744;48.8575;2.33015;48.859;2.32587;48.856;2.33443;17
13:09:14.770;48.8575;2.33089;48.859;2.32658;48.856;2.33516;17
13:09:14.771;48.8575;2.33096;48.859;2.32668;48.856;2.33524;17
13:09:15.131;48.8575;2.33096;48.859;2.32668;48.856;2.33524;17
13:09:15.900;48.8574;2.33101;48.8589;2.32672;48.856;2.3353;17
13:09:17.716;48.8574;2.33101;48.8582;2.32887;48.8567;2.33316;18
13:09:18.583;48.8574;2.33101;48.8582;2.32887;48.8567;2.33316;18
13:09:19.801;48.8574;2.33101;48.8582;2.32887;48.8567;2.33316;18
13:09:20.920;48.8574;2.33104;48.8582;2.32889;48.8567;2.33318;18
13:09:20.920;48.8575;2.33121;48.8582;2.32906;48.8568;2.33334;18
13:09:21.109;48.8576;2.33139;48.8583;2.32925;48.8568;2.33353;18
13:09:21.110;48.8576;2.33147;48.8583;2.32932;48.8568;2.3336;18
13:09:21.449;48.8576;2.33144;48.8583;2.3293;48.8568;2.33359;18
13:09:21.449;48.8576;2.33139;48.8583;2.32925;48.8568;2.33354;18
13:09:21.450;48.8576;2.33138;48.8583;2.32922;48.8568;2.33353;18
13:09:36.286;48.8575;2.33142;48.8583;2.32927;48.8568;2.33356;18
13:09:36.287;48.8574;2.33144;48.8581;2.3293;48.8567;2.33359;18
13:09:36.552;48.8573;2.33147;48.858;2.32932;48.8565;2.3336;18
13:09:36.553;48.8572;2.33142;48.8579;2.32927;48.8564;2.33356;18
13:09:36.917;48.8572;2.33147;48.8579;2.32932;48.8564;2.3336;18
13:09:36.917;48.8571;2.33139;48.8578;2.32925;48.8563;2.33354;18
13:09:37.138;48.8571;2.33138;48.8578;2.32922;48.8563;2.33353;18
13:09:37.138;48.857;2.33138;48.8578;2.32922;48.8563;2.33353;18
13:09:37.574;48.857;2.33138;48.8578;2.32922;48.8563;2.33353;18
13:09:37.574;48.857;2.33138;48.8578;2.32922;48.8563;2.3335;18
13:09:37.574;48.857;2.33136;48.8578;2.32921;48.8563;2.3335;18
13:09:37.575;48.857;2.33133;48.8578;2.32919;48.8563;2.33348;18
13:09:37.791;48.857;2.33127;48.8578;2.32912;48.8563;2.33339;18
13:09:37.792;48.857;2.33125;48.8578;2.3291;48.8563;2.33339;18
13:09:38.083;48.8571;2.33131;48.8578;2.32916;48.8563;2.33344;18
13:09:38.084;48.8571;2.33131;48.8578;2.32916;48.8563;2.33345;18
13:09:38.263;48.8572;2.33131;48.8579;2.32916;48.8564;2.33345;18
13:09:38.263;48.8573;2.33133;48.858;2.32919;48.8565;2.33345;18
13:09:38.416;48.8573;2.33133;48.8581;2.32919;48.8566;2.33348;18
13:09:38.416;48.8573;2.33133;48.8581;2.32919;48.8566;2.33348;18
13:09:38.669;48.8574;2.33131;48.8581;2.32916;48.8566;2.33344;18
13:09:38.669;48.8574;2.33128;48.8581;2.32915;48.8567;2.33344;18
13:09:38.888;48.8574;2.33128;48.8582;2.32915;48.8567;2.33344;18
13:09:38.889;48.8574;2.33128;48.8582;2.32915;48.8567;2.33344;18
13:09:39.021;48.8575;2.33138;48.8582;2.32922;48.8568;2.33353;18
13:09:39.021;48.8575;2.33142;48.8583;2.32927;48.8568;2.33356;18
13:09:39.270;48.8576;2.33157;48.8583;2.32942;48.8568;2.33371;18
13:09:39.270;48.8576;2.33168;48.8583;2.32953;48.8568;2.3338;18
13:09:39.473;48.8576;2.33176;48.8583;2.32962;48.8568;2.33391;18
13:09:39.474;48.8576;2.3318;48.8583;2.32967;48.8568;2.33395;18
13:09:39.535;48.8576;2.33195;48.8584;2.3298;48.8569;2.33411;18
13:09:40.219;48.8577;2.33197;48.8584;2.32983;48.8569;2.33412;18
13:09:40.353;48.8579;2.33205;48.8587;2.3299;48.8572;2.33417;18
13:09:40.353;48.858;2.33194;48.8587;2.32979;48.8573;2.33408;18
13:09:40.459;48.858;2.33186;48.8588;2.32973;48.8573;2.33401;18
13:09:41.271;48.858;2.33186;48.8588;2.32973;48.8573;2.33401;18
13:09:41.272;48.8581;2.33186;48.8588;2.32973;48.8573;2.33401;18
13:09:41.302;48.8581;2.33185;48.8588;2.3297;48.8573;2.334;18
13:09:42.020;48.8581;2.33185;48.8588;2.3297;48.8573;2.334;18
13:09:42.020;48.8581;2.33174;48.8589;2.32959;48.8574;2.33389;18
13:09:42.080;48.8582;2.33173;48.8589;2.32957;48.8574;2.33386;18
13:09:42.724;48.8582;2.33173;48.8589;2.32957;48.8574;2.33386;18
13:09:42.725;48.8583;2.33159;48.8591;2.32944;48.8576;2.33374;18
13:09:42.792;48.8585;2.33131;48.8592;2.32916;48.8577;2.33344;18
13:09:43.422;48.8585;2.33104;48.8592;2.32889;48.8577;2.33318;18
13:09:43.422;48.8585;2.33069;48.8593;2.32854;48.8578;2.33284;18
13:09:43.457;48.8586;2.33049;48.8593;2.32835;48.8578;2.33264;18
13:09:43.964;48.8586;2.33047;48.8593;2.32832;48.8578;2.33263;18
13:09:43.964;48.8586;2.32999;48.8593;2.32784;48.8578;2.33212;18
13:09:44.129;48.8586;2.32948;48.8593;2.32735;48.8578;2.33163;18
13:09:45.036;48.8586;2.32948;48.8593;2.32735;48.8578;2.33163;18
13:09:45.036;48.8586;2.32921;48.8594;2.32706;48.8579;2.33133;18
13:09:45.101;48.8587;2.32854;48.8594;2.3264;48.8579;2.33069;18
13:09:45.817;48.8587;2.32851;48.8594;2.32635;48.8579;2.33064;18
13:09:45.818;48.8586;2.32816;48.8594;2.32602;48.8579;2.33028;18
13:09:46.165;48.8587;2.32785;48.8594;2.32571;48.8579;2.33;18
13:09:46.165;48.8586;2.32799;48.8593;2.32584;48.8578;2.33011;18
13:09:46.165;48.8582;2.32826;48.8589;2.32613;48.8574;2.33038;18
13:09:46.975;48.8577;2.32854;48.8584;2.3264;48.8569;2.33069;18
13:09:47.458;48.8577;2.32857;48.8584;2.32642;48.8569;2.3307;18
13:09:47.458;48.8576;2.32878;48.8583;2.32663;48.8568;2.33093;18
13:09:47.723;48.8574;2.3291;48.8582;2.32695;48.8567;2.33125;18
13:09:47.724;48.8574;2.32915;48.8582;2.327;48.8567;2.33128;18
13:09:48.216;48.8574;2.32919;48.8582;2.32704;48.8567;2.33133;18
13:09:48.216;48.8575;2.32962;48.8582;2.32747;48.8568;2.33174;18
13:09:48.273;48.8576;2.33009;48.8583;2.32794;48.8568;2.33221;18
13:09:48.960;48.8576;2.33014;48.8583;2.32799;48.8568;2.33228;18
13:09:48.961;48.8577;2.33043;48.8584;2.32829;48.8569;2.33258;18
13:09:49.404;48.8576;2.33073;48.8584;2.32858;48.8569;2.33289;18
13:09:49.404;48.8576;2.33073;48.8584;2.32858;48.8569;2.33289;18
13:09:49.624;48.8573;2.33063;48.858;2.32848;48.8565;2.33276;18
13:09:49.625;48.8572;2.3306;48.858;2.32846;48.8565;2.33275;18
13:09:49.877;48.8572;2.3306;48.8579;2.32846;48.8564;2.33273;18
13:09:49.877;48.8571;2.33057;48.8579;2.32841;48.8564;2.3327;18
13:09:49.877;48.8571;2.33054;48.8578;2.3284;48.8563;2.33266;18
13:09:50.927;48.8571;2.3306;48.8578;2.32846;48.8563;2.33273;18
13:09:50.927;48.8571;2.33096;48.8578;2.32883;48.8564;2.33311;18
13:09:51.183;48.8571;2.33121;48.8578;2.32906;48.8563;2.33334;18
13:09:51.183;48.8571;2.33133;48.8578;2.32919;48.8564;2.33348;18
13:09:51.389;48.8571;2.33147;48.8578;2.32932;48.8564;2.3336;18
13:09:51.389;48.8571;2.33159;48.8579;2.32944;48.8564;2.33374;18
13:09:51.654;48.8571;2.33168;48.8579;2.32953;48.8564;2.33382;18
13:09:51.654;48.8572;2.33173;48.8579;2.32957;48.8564;2.33386;18
13:09:51.889;48.8572;2.33185;48.8579;2.3297;48.8564;2.334;18
13:09:51.889;48.8571;2.33189;48.8579;2.32974;48.8564;2.33403;18
13:09:52.068;48.8571;2.33183;48.8579;2.32968;48.8564;2.33397;18
13:09:52.069;48.8571;2.33174;48.8579;2.32959;48.8564;2.33389;18
13:09:52.193;48.8572;2.33142;48.8579;2.32927;48.8564;2.33356;18
13:09:52.193;48.8572;2.33115;48.8579;2.32899;48.8564;2.33328;18
13:09:52.307;48.8572;2.33089;48.858;2.32874;48.8565;2.33301;18
13:09:52.833;48.8573;2.33089;48.858;2.32874;48.8565;2.33301;18
13:09:52.834;48.8574;2.3308;48.8582;2.32864;48.8567;2.33295;18
13:09:52.883;48.8576;2.33037;48.8583;2.32822;48.8568;2.33252;18
13:09:53.388;48.8576;2.33031;48.8583;2.32816;48.8568;2.33244;18
13:09:53.388;48.8576;2.3298;48.8583;2.32767;48.8568;2.33195;18
13:09:53.444;48.8576;2.32938;48.8583;2.32724;48.8568;2.33153;18
13:09:53.857;48.8576;2.32936;48.8583;2.32721;48.8568;2.33148;18
13:09:53.857;48.8577;2.32878;48.8584;2.32663;48.8569;2.3309;18
13:09:53.910;48.8578;2.3284;48.8585;2.32625;48.857;2.33054;18
13:09:54.281;48.8578;2.32832;48.8585;2.32619;48.857;2.33047;18
13:09:54.281;48.8578;2.32747;48.8585;2.32532;48.857;2.32962;18
13:09:54.348;48.8578;2.32735;48.8585;2.3252;48.857;2.32948;18
13:09:54.786;48.8578;2.32732;48.8585;2.32518;48.8571;2.32947;18
13:09:54.787;48.8578;2.32683;48.8585;2.32468;48.857;2.32898;18
13:09:54.829;48.8578;2.3264;48.8585;2.32425;48.857;2.32854;18
13:09:55.271;48.8578;2.32635;48.8586;2.3242;48.8571;2.32851;18
13:09:55.272;48.8579;2.32555;48.8586;2.32339;48.8571;2.32767;18
13:09:55.649;48.8579;2.32562;48.8586;2.32349;48.8571;2.32774;18
13:09:55.650;48.8578;2.32635;48.8586;2.3242;48.8571;2.32851;18
13:09:55.795;48.8578;2.32666;48.8586;2.32451;48.8571;2.3288;18
13:09:56.247;48.8578;2.32674;48.8586;2.3246;48.8571;2.32889;18
13:09:56.248;48.8579;2.32736;48.8586;2.32521;48.8571;2.32951;18
13:09:56.285;48.8578;2.32768;48.8586;2.32555;48.8571;2.32983;18
13:09:56.773;48.8578;2.32773;48.8586;2.32558;48.8571;2.32988;18
13:09:56.773;48.8577;2.32825;48.8584;2.3261;48.8569;2.33038;18
13:09:56.850;48.8576;2.32857;48.8583;2.32642;48.8568;2.3307;18
13:09:57.427;48.8576;2.32861;48.8584;2.32646;48.8569;2.33075;18
13:09:57.427;48.8576;2.32899;48.8583;2.32684;48.8568;2.33115;18
13:09:57.466;48.8575;2.32959;48.8582;2.32745;48.8568;2.33174;18
13:09:58.076;48.8575;2.33011;48.8582;2.32796;48.8567;2.33226;18
13:09:58.076;48.8574;2.33032;48.8582;2.32819;48.8567;2.33247;18
13:09:59.467;48.8574;2.33022;48.8581;2.32806;48.8566;2.33237;18
13:09:59.468;48.8572;2.32988;48.8579;2.32773;48.8565;2.33202;18
13:09:59.602;48.8572;2.32904;48.8579;2.32689;48.8564;2.33118;18
13:10:00.385;48.8572;2.32901;48.8579;2.32687;48.8564;2.33116;18
13:10:00.385;48.8574;2.32872;48.8581;2.32657;48.8566;2.33084;18
13:10:00.677;48.8576;2.32846;48.8583;2.32631;48.8568;2.33058;18
13:10:01.620;48.8577;2.32799;48.8585;2.32584;48.857;2.33014;18
13:10:01.620;48.8578;2.32777;48.8586;2.32562;48.8571;2.32991;18
13:10:01.874;48.8579;2.32777;48.8586;2.32562;48.8571;2.3299;18
13:10:02.474;48.858;2.3273;48.8587;2.32515;48.8572;2.32944;18
13:10:02.772;48.8579;2.32735;48.8587;2.3252;48.8572;2.32948;18
13:10:02.877;48.8578;2.32773;48.8586;2.32558;48.8571;2.32988;18
13:10:03.217;48.8578;2.32779;48.8585;2.32565;48.8571;2.32994;18
13:10:03.218;48.8577;2.32796;48.8585;2.32582;48.857;2.33011;18
13:10:04.694;48.8577;2.32805;48.8585;2.3259;48.857;2.3302;18
13:10:04.694;48.8577;2.32811;48.8585;2.32597;48.857;2.33026;18
13:10:05.022;48.8577;2.32826;48.8584;2.32613;48.8569;2.33041;18
13:10:05.022;48.8576;2.32863;48.8584;2.32648;48.8569;2.33078;18
13:10:05.616;48.8576;2.32863;48.8583;2.32648;48.8568;2.33078;18
13:10:05.617;48.8574;2.3291;48.8582;2.32695;48.8567;2.33125;18
13:10:05.805;48.8573;2.32948;48.858;2.32735;48.8565;2.33163;18
13:10:05.805;48.8573;2.32956;48.858;2.32741;48.8565;2.33168;18
13:10:06.083;48.8573;2.32957;48.858;2.32742;48.8565;2.33173;18
13:10:06.083;48.857;2.33026;48.8577;2.32811;48.8562;2.33241;18
13:10:06.168;48.8568;2.3307;48.8576;2.32857;48.8561;2.33286;18
13:10:06.625;48.8568;2.33073;48.8576;2.32858;48.8561;2.33289;18
13:10:06.625;48.8567;2.33122;48.8574;2.32909;48.8559;2.33337;18
13:10:06.737;48.8565;2.33162;48.8573;2.32947;48.8558;2.33374;18
13:10:07.521;48.8565;2.33163;48.8573;2.32948;48.8558;2.33379;18
13:10:07.521;48.8567;2.33208;48.8574;2.32994;48.8559;2.33423;18
13:10:07.770;48.8568;2.33247;48.8575;2.33032;48.8561;2.33461;18
13:10:07.770;48.8568;2.33249;48.8576;2.33035;48.8561;2.33464;18
13:10:08.209;48.8568;2.33252;48.8576;2.33037;48.8561;2.33466;18
13:10:08.209;48.8571;2.33243;48.8579;2.33028;48.8564;2.33458;18
13:10:08.302;48.8573;2.33237;48.8581;2.33022;48.8566;2.3345;18
13:10:09.117;48.8574;2.33241;48.8581;2.33026;48.8566;2.33455;18
13:10:09.118;48.8575;2.33253;48.8582;2.33038;48.8568;2.33466;18
13:10:09.362;48.8575;2.33253;48.8583;2.33038;48.8568;2.33469;18
13:10:09.362;48.8575;2.33253;48.8583;2.33038;48.8568;2.33469;18
13:10:09.536;48.8575;2.33253;48.8583;2.33038;48.8568;2.33469;18
13:10:09.536;48.8575;2.33253;48.8583;2.33038;48.8568;2.33469;18
13:10:09.749;48.8575;2.33263;48.8582;2.33047;48.8568;2.33476;18
13:10:09.749;48.8575;2.33275;48.8582;2.3306;48.8568;2.3349;18
13:10:09.821;48.8575;2.33296;48.8582;2.33081;48.8567;2.33511;18
13:10:10.115;48.8575;2.33299;48.8582;2.33084;48.8567;2.33513;18
13:10:10.357;48.8576;2.3336;48.8584;2.33147;48.8569;2.33575;18
13:10:10.357;48.8577;2.33379;48.8584;2.33163;48.8569;2.33591;18
13:10:10.767;48.8577;2.3338;48.8584;2.33165;48.8569;2.33595;18
13:10:10.767;48.8576;2.33417;48.8583;2.33202;48.8568;2.33629;18
13:10:10.959;48.8576;2.33444;48.8583;2.33231;48.8568;2.33656;18
13:10:10.959;48.8576;2.3345;48.8584;2.33237;48.8569;2.33664;18
13:10:11.361;48.8576;2.33453;48.8584;2.33238;48.8569;2.33667;18
13:10:11.362;48.8577;2.33507;48.8584;2.33292;48.8569;2.33722;18
13:10:11.509;48.8577;2.33534;48.8585;2.33321;48.857;2.33746;18
13:10:12.287;48.8577;2.3354;48.8585;2.33327;48.857;2.33754;18
13:10:12.287;48.8575;2.33566;48.8583;2.33353;48.8568;2.33781;18
13:10:12.568;48.8573;2.33588;48.8581;2.33374;48.8566;2.33803;18
13:10:12.569;48.8573;2.33592;48.8581;2.33379;48.8566;2.33807;18
13:10:12.833;48.8573;2.33592;48.858;2.33379;48.8566;2.33804;18
13:10:12.834;48.8571;2.3362;48.8578;2.33406;48.8563;2.33835;18
13:10:12.919;48.8569;2.33649;48.8577;2.33434;48.8562;2.33861;18
13:10:13.391;48.8569;2.33653;48.8577;2.33438;48.8562;2.33867;18
13:10:13.392;48.8566;2.33681;48.8574;2.33466;48.8559;2.33893;18
13:10:13.499;48.8565;2.33691;48.8572;2.33476;48.8557;2.33905;18
13:10:13.837;48.8565;2.33688;48.8572;2.33475;48.8557;2.33904;18
13:10:13.837;48.8563;2.33698;48.857;2.33482;48.8555;2.3391;18
13:10:14.016;48.8561;2.33708;48.8569;2.33493;48.8554;2.33923;18
13:10:14.354;48.8561;2.33711;48.8569;2.33496;48.8554;2.33925;18
13:10:14.355;48.8557;2.33719;48.8565;2.33505;48.855;2.33934;18
13:10:14.502;48.8557;2.33725;48.8564;2.33511;48.8549;2.33939;18
13:10:14.810;48.8557;2.33725;48.8564;2.33511;48.8549;2.33939;18
13:10:14.810;48.8556;2.33713;48.8563;2.33498;48.8548;2.33925;18
13:10:15.130;48.8554;2.33696;48.8562;2.33481;48.8547;2.3391;18
13:10:15.130;48.8554;2.33691;48.8561;2.33476;48.8546;2.33905;18
13:10:15.239;48.8554;2.33698;48.8561;2.33482;48.8546;2.33913;18
13:10:16.357;48.8554;2.33702;48.8561;2.33487;48.8546;2.33917;18
13:10:16.357;48.8551;2.33701;48.8559;2.33485;48.8544;2.33914;18
13:10:16.592;48.8549;2.33685;48.8556;2.3347;48.8541;2.33899;18
13:10:16.592;48.8548;2.33682;48.8555;2.33469;48.8541;2.33897;18
13:10:17.037;48.8548;2.33687;48.8555;2.33472;48.8541;2.33902;18
13:10:17.037;48.8545;2.33696;48.8553;2.33481;48.8538;2.3391;18
13:10:17.079;48.8542;2.33682;48.855;2.33469;48.8535;2.33897;18
13:10:17.754;48.8542;2.33696;48.8549;2.33481;48.8534;2.3391;18
13:10:17.754;48.8541;2.33777;48.8549;2.33563;48.8534;2.33992;18
13:10:17.845;48.8541;2.33788;48.8549;2.33574;48.8534;2.34003;18
13:10:18.265;48.8541;2.33788;48.8549;2.33574;48.8534;2.34003;18
13:10:18.265;48.8542;2.33838;48.8549;2.33623;48.8535;2.34052;18
13:10:18.599;48.8543;2.33859;48.855;2.33644;48.8535;2.34073;18
13:10:18.599;48.8543;2.33862;48.855;2.33649;48.8535;2.34077;18
13:10:18.599;48.8545;2.33897;48.8553;2.33682;48.8538;2.34113;18
13:10:18.727;48.8546;2.33908;48.8554;2.33693;48.8539;2.34123;18
13:10:19.084;48.8546;2.33905;48.8554;2.33691;48.8539;2.34119;18
13:10:19.084;48.8549;2.33881;48.8556;2.33665;48.8541;2.34094;18
13:10:19.179;48.855;2.33871;48.8558;2.33656;48.8543;2.34084;18
13:10:19.600;48.855;2.33867;48.8558;2.33653;48.8543;2.34082;18
13:10:19.601;48.8554;2.33846;48.8562;2.3363;48.8547;2.34058;18
13:10:19.736;48.8555;2.33844;48.8563;2.33629;48.8548;2.34058;18
13:10:20.194;48.8556;2.33846;48.8563;2.3363;48.8549;2.34061;18
13:10:20.194;48.8559;2.33852;48.8566;2.33638;48.8551;2.34067;18
13:10:20.231;48.8559;2.33855;48.8567;2.3364;48.8552;2.34068;18
13:10:20.620;48.856;2.33859;48.8567;2.33644;48.8552;2.34071;18
13:10:20.620;48.8563;2.33871;48.8571;2.33656;48.8556;2.34084;18
13:10:20.796;48.8563;2.33871;48.8571;2.33656;48.8556;2.34087;18
13:10:21.195;48.8564;2.33871;48.8571;2.33656;48.8557;2.34087;18
13:10:21.195;48.8568;2.33878;48.8575;2.33664;48.856;2.34093;18
13:10:21.275;48.8568;2.33881;48.8576;2.33665;48.8561;2.34094;18
13:10:21.592;48.8569;2.33881;48.8576;2.33665;48.8561;2.34094;18
13:10:21.593;48.8573;2.33881;48.8581;2.33665;48.8566;2.34094;18
13:10:21.742;48.8574;2.33881;48.8581;2.33665;48.8566;2.34094;18
13:10:22.279;48.8574;2.33881;48.8582;2.33665;48.8567;2.34094;18
13:10:22.279;48.8578;2.33878;48.8586;2.33664;48.8571;2.34093;18
13:10:22.328;48.8578;2.33878;48.8586;2.33664;48.8571;2.34093;18
13:10:22.531;48.8579;2.33878;48.8586;2.33664;48.8572;2.34093;18
13:10:22.682;48.8583;2.33881;48.8591;2.33665;48.8576;2.34093;18
13:10:23.232;48.8584;2.33881;48.8591;2.33665;48.8576;2.34093;18
13:10:23.232;48.8587;2.33881;48.8595;2.33665;48.858;2.34093;18
13:10:23.287;48.8588;2.33881;48.8596;2.33665;48.8581;2.34094;18
13:10:23.586;48.8589;2.33881;48.8596;2.33665;48.8581;2.34094;18
13:10:23.587;48.8593;2.33884;48.86;2.3367;48.8585;2.34099;18
13:10:23.738;48.8593;2.33884;48.8601;2.3367;48.8586;2.34099;18
13:10:24.210;48.8594;2.33884;48.8601;2.3367;48.8586;2.34099;18
13:10:24.210;48.8596;2.33888;48.8604;2.33675;48.8589;2.34103;18
13:10:24.646;48.8597;2.33887;48.8604;2.33672;48.859;2.341;18
13:10:24.646;48.86;2.33887;48.8608;2.33672;48.8593;2.34099;18
13:10:24.737;48.8601;2.33884;48.8609;2.3367;48.8594;2.34099;18
13:10:26.102;48.8601;2.33884;48.8616;2.33455;48.8586;2.34314;17
13:10:27.062;48.8602;2.33884;48.8616;2.33455;48.8587;2.34314;17
13:10:27.062;48.8603;2.33878;48.8618;2.33449;48.8588;2.34306;17
13:10:28.513;48.8603;2.33878;48.8633;2.3302;48.8573;2.34737;16
13:10:29.771;48.8603;2.33876;48.8633;2.33017;48.8573;2.34734;16
13:10:29.771;48.8609;2.33687;48.8638;2.32829;48.8579;2.34546;16
13:10:30.162;48.8616;2.33401;48.8646;2.32544;48.8586;2.34261;16
13:10:30.656;48.8616;2.33392;48.8646;2.32535;48.8586;2.34251;16
13:10:30.656;48.8614;2.33105;48.8644;2.32246;48.8584;2.33963;16
13:10:30.874;48.8614;2.32788;48.8644;2.31929;48.8584;2.33646;16
13:10:31.412;48.8614;2.32777;48.8644;2.31918;48.8584;2.33635;16
13:10:31.412;48.8616;2.32576;48.8645;2.31717;48.8586;2.33434;16
13:10:31.648;48.8619;2.32323;48.8649;2.31464;48.859;2.3318;16
13:10:33.009;48.8619;2.32329;48.8649;2.3147;48.8589;2.33186;16
13:10:33.010;48.8604;2.32413;48.8634;2.31554;48.8574;2.3327;16
13:10:33.562;48.8596;2.32399;48.8625;2.31541;48.8566;2.33258;16
13:10:34.655;48.8584;2.3243;48.8614;2.3157;48.8554;2.33289;16
13:10:34.656;48.8571;2.32404;48.8601;2.31546;48.8541;2.33263;16
13:10:35.663;48.8571;2.32408;48.8601;2.31549;48.8541;2.33266;16
13:10:35.663;48.8558;2.32719;48.8588;2.3186;48.8528;2.33577;16
13:10:36.781;48.8557;2.3273;48.8587;2.31871;48.8527;2.33588;16
13:10:36.782;48.855;2.33028;48.858;2.3217;48.852;2.33887;16
13:10:37.632;48.8564;2.33128;48.8594;2.32271;48.8534;2.33987;16
13:10:39.701;48.8566;2.33115;48.8596;2.32256;48.8536;2.33972;16
13:10:39.701;48.8573;2.33127;48.8603;2.32269;48.8544;2.33986;16
13:10:40.560;48.8578;2.33163;48.8607;2.32304;48.8548;2.34021;16
13:10:43.381;48.8598;2.33142;48.8628;2.32283;48.8568;2.34;16
13:10:43.382;48.8614;2.33253;48.8644;2.32394;48.8585;2.34113;16
13:10:43.898;48.8629;2.33447;48.8658;2.32588;48.8599;2.34305;16
13:10:44.375;48.8616;2.3374;48.8646;2.32883;48.8587;2.34599;16
13:10:44.375;48.8616;2.33757;48.8646;2.32899;48.8586;2.34616;16
13:10:46.020;48.8605;2.33913;48.8635;2.33054;48.8575;2.3477;16
13:10:46.020;48.8601;2.33994;48.863;2.33136;48.8571;2.34853;16
13:10:46.020;48.86;2.34015;48.8629;2.33157;48.857;2.34874;16
13:10:46.020;48.8595;2.34335;48.8625;2.33476;48.8565;2.35193;16
13:10:46.020;48.8589;2.34612;48.8619;2.33754;48.8559;2.35471;16
13:10:46.021;48.8584;2.34807;48.8613;2.33949;48.8554;2.35666;16
13:10:46.863;48.8577;2.3506;48.8606;2.34203;48.8547;2.35919;16
13:10:46.863;48.8574;2.35172;48.8604;2.34314;48.8544;2.36031;16
13:10:46.863;48.8564;2.35477;48.8594;2.34618;48.8534;2.36334;16
13:10:47.512;48.8563;2.35489;48.8593;2.34631;48.8534;2.36348;16
13:10:47.512;48.856;2.35641;48.859;2.34784;48.853;2.36501;16
13:10:48.413;48.8552;2.35777;48.8582;2.34918;48.8522;2.36635;16
13:10:48.413;48.8548;2.35883;48.8577;2.35023;48.8518;2.3674;16
13:10:48.756;48.8547;2.35883;48.8577;2.35023;48.8517;2.3674;16
13:10:49.164;48.8545;2.35898;48.8574;2.35039;48.8515;2.36755;16
13:10:49.164;48.8533;2.35922;48.8563;2.35065;48.8503;2.36781;16
13:10:49.322;48.8532;2.35921;48.8562;2.35062;48.8502;2.36778;16
13:10:50.079;48.8532;2.35912;48.8562;2.35054;48.8502;2.36771;16
13:10:50.079;48.8527;2.35803;48.8557;2.34944;48.8498;2.36661;16
13:10:50.639;48.8525;2.35764;48.8554;2.34906;48.8495;2.36623;16
13:10:51.858;48.8525;2.35738;48.8555;2.3488;48.8495;2.36597;16
13:10:51.858;48.8532;2.35541;48.8562;2.34683;48.8502;2.364;16
13:10:52.373;48.8537;2.35394;48.8567;2.34537;48.8508;2.36253;16
13:10:54.490;48.8537;2.35349;48.8567;2.34489;48.8507;2.36206;16
13:10:54.491;48.8541;2.35228;48.8571;2.34369;48.8511;2.36086;16
13:10:54.572;48.8542;2.35191;48.8572;2.34332;48.8512;2.36049;16
13:10:56.591;48.8542;2.35191;48.8572;2.34332;48.8512;2.36049;16
13:10:56.591;48.8542;2.35193;48.8572;2.34335;48.8512;2.36052;16
13:10:59.289;48.8541;2.35193;48.8571;2.34335;48.8511;2.36052;16
13:10:59.289;48.8537;2.35213;48.8567;2.34354;48.8507;2.3607;16
13:10:59.371;48.8537;2.35217;48.8567;2.34358;48.8507;2.36075;16
13:11:00.726;48.8537;2.35217;48.8552;2.34787;48.8522;2.35646;17
13:11:02.331;48.8535;2.35175;48.855;2.34744;48.852;2.356;17
13:11:02.331;48.8535;2.35167;48.855;2.34738;48.852;2.35597;17
13:11:03.001;48.8535;2.35167;48.855;2.34738;48.852;2.35597;17
13:11:03.001;48.8534;2.35159;48.8549;2.34729;48.8519;2.35588;17
13:11:03.397;48.8534;2.35146;48.8549;2.34717;48.8519;2.35576;17
13:11:03.398;48.8537;2.35034;48.8552;2.34605;48.8522;2.35463;17
13:11:03.398;48.8537;2.35016;48.8552;2.34586;48.8522;2.35445;17
13:11:03.974;48.8538;2.3499;48.8553;2.3456;48.8523;2.35416;17
13:11:03.975;48.8538;2.3497;48.8553;2.34541;48.8523;2.35399;17
13:11:03.975;48.8538;2.34961;48.8553;2.34532;48.8523;2.35391;17
13:11:04.710;48.8538;2.34959;48.8553;2.34531;48.8523;2.35387;17
13:11:04.711;48.8541;2.34982;48.8556;2.34554;48.8526;2.35413;17
13:11:05.386;48.8544;2.3497;48.8559;2.34541;48.8529;2.35399;17
13:11:05.387;48.8546;2.34947;48.8561;2.34517;48.8531;2.35373;17
13:11:05.867;48.8549;2.34918;48.8563;2.34489;48.8534;2.35349;17
13:11:05.867;48.8549;2.34918;48.8563;2.34489;48.8534;2.35349;17
13:11:06.062;48.8549;2.34917;48.8563;2.34488;48.8534;2.35345;17
13:11:06.063;48.8548;2.34917;48.8563;2.34488;48.8533;2.35344;17
13:11:06.983;48.8546;2.34924;48.8561;2.34496;48.8531;2.35355;17
13:11:06.983;48.8545;2.34944;48.8559;2.34515;48.853;2.35373;17
13:11:06.983;48.854;2.34981;48.8554;2.34552;48.8525;2.35408;17
13:11:06.983;48.8539;2.34985;48.8554;2.34557;48.8524;2.35413;17
13:11:07.095;48.8539;2.34998;48.8554;2.34569;48.8524;2.35428;17
13:11:08.682;48.8539;2.34993;48.8554;2.34564;48.8525;2.3542;17
13:11:08.683;48.8542;2.34975;48.8557;2.34546;48.8527;2.35403;17
13:11:08.779;48.8545;2.34966;48.8559;2.34537;48.853;2.35394;17
13:11:09.311;48.8545;2.34958;48.856;2.34528;48.853;2.35387;17
13:11:09.312;48.8542;2.34985;48.8557;2.34557;48.8527;2.35413;17
13:11:09.545;48.8538;2.35002;48.8553;2.34573;48.8523;2.35429;17
13:11:09.546;48.8537;2.35017;48.8552;2.34589;48.8522;2.35446;17
13:11:09.632;48.8536;2.35028;48.8551;2.34599;48.8521;2.35455;17
13:11:11.066;48.8536;2.35028;48.8544;2.34813;48.8529;2.3524;18
13:11:12.802;48.8537;2.35027;48.8544;2.34811;48.8529;2.35239;18
13:11:12.802;48.8539;2.35011;48.8546;2.34796;48.8531;2.35223;18
13:11:13.093;48.854;2.35004;48.8548;2.3479;48.8533;2.35219;18
13:11:13.093;48.854;2.35008;48.8548;2.34795;48.8533;2.35222;18
13:11:15.523;48.8541;2.35007;48.8548;2.34792;48.8533;2.35222;18
13:11:15.523;48.8544;2.35019;48.8551;2.34805;48.8536;2.35234;18
13:11:16.210;48.8545;2.35033;48.8553;2.34818;48.8538;2.35246;18
13:11:16.210;48.8547;2.35066;48.8554;2.34853;48.854;2.35281;18
13:11:16.546;48.8545;2.3508;48.8552;2.34865;48.8537;2.35292;18
13:11:16.547;48.8542;2.35086;48.855;2.34871;48.8535;2.35301;18
13:11:16.649;48.8542;2.35086;48.8549;2.34871;48.8534;2.35301;18
13:11:17.298;48.8542;2.35081;48.8549;2.34866;48.8534;2.35297;18
13:11:17.299;48.854;2.35086;48.8547;2.34871;48.8532;2.35301;18
13:11:17.635;48.8538;2.35091;48.8545;2.34875;48.853;2.35304;18
13:11:18.228;48.8537;2.35091;48.8545;2.34875;48.853;2.35304;18
13:11:18.228;48.8536;2.35091;48.8544;2.34875;48.8529;2.35304;18
13:11:18.618;48.8534;2.35092;48.8541;2.34879;48.8526;2.35307;18
13:11:18.935;48.8534;2.35091;48.8541;2.34875;48.8526;2.35304;18
13:11:18.935;48.8532;2.35106;48.854;2.34891;48.8525;2.3532;18
13:11:19.086;48.8531;2.35127;48.8539;2.34912;48.8524;2.35339;18
13:12:06.914;48.8531;2.35127;48.8546;2.34697;48.8516;2.35553;17
13:12:07.578;48.8531;2.35127;48.8561;2.34268;48.8501;2.35983;16
13:12:08.272;48.8531;2.35124;48.8561;2.34267;48.8501;2.35983;16
13:12:08.273;48.8529;2.35028;48.8559;2.34169;48.8499;2.35884;16
13:12:08.476;48.8529;2.34938;48.8559;2.34079;48.8499;2.35794;16
13:12:08.476;48.853;2.34869;48.856;2.3401;48.85;2.35725;16
13:12:08.790;48.8531;2.34758;48.8561;2.33899;48.8501;2.35614;16
13:12:08.790;48.8533;2.34694;48.8563;2.33835;48.8503;2.3555;16
13:12:08.880;48.8535;2.34637;48.8565;2.3378;48.8505;2.35493;16
13:12:09.580;48.8538;2.34637;48.8568;2.3378;48.8508;2.35493;16
13:12:09.580;48.8546;2.34615;48.8576;2.33755;48.8516;2.35472;16
13:12:09.828;48.8551;2.34546;48.8581;2.33687;48.8521;2.35403;16
13:12:09.828;48.8553;2.3452;48.8582;2.33661;48.8523;2.35378;16
13:12:10.157;48.8554;2.34453;48.8583;2.33595;48.8524;2.35309;16
13:12:10.157;48.8553;2.34447;48.8583;2.33588;48.8523;2.35304;16
13:12:10.815;48.8546;2.34404;48.8576;2.33545;48.8516;2.35262;16
13:12:10.815;48.8539;2.3439;48.8568;2.33533;48.8509;2.35249;16
13:12:10.815;48.8529;2.34378;48.8558;2.33519;48.8499;2.35236;16
13:12:10.815;48.8524;2.34383;48.8554;2.33524;48.8494;2.3524;16
13:12:10.980;48.8521;2.34351;48.8551;2.33492;48.8491;2.35207;16
13:12:11.425;48.8521;2.34343;48.8551;2.33485;48.8491;2.35202;16
13:12:11.426;48.851;2.34398;48.854;2.33539;48.8481;2.35254;16
13:12:11.749;48.8502;2.34425;48.8531;2.33566;48.8472;2.35283;16
13:12:11.749;48.8498;2.34438;48.8528;2.3358;48.8468;2.35297;16
13:12:11.958;48.8498;2.34467;48.8527;2.33607;48.8468;2.35323;16
13:12:11.958;48.8498;2.34558;48.8528;2.33701;48.8468;2.35416;16
13:12:12.297;48.8507;2.34654;48.8537;2.33797;48.8477;2.3551;16
13:12:12.297;48.8512;2.34676;48.8541;2.33818;48.8482;2.35532;16
13:12:12.397;48.8516;2.34674;48.8546;2.33815;48.8486;2.35532;16
13:12:13.047;48.8517;2.34674;48.8546;2.33815;48.8487;2.35532;16
13:12:13.048;48.8533;2.34753;48.8563;2.33894;48.8503;2.35609;16
13:12:13.298;48.8541;2.3476;48.8571;2.33902;48.8512;2.35619;16
13:12:13.298;48.8542;2.34743;48.8572;2.33884;48.8512;2.356;16
13:12:13.914;48.8543;2.34752;48.8573;2.33893;48.8513;2.35609;16
13:12:13.914;48.8555;2.34766;48.8585;2.33908;48.8525;2.35623;16
13:12:14.010;48.8561;2.34718;48.8591;2.33861;48.8531;2.35576;16
13:12:14.774;48.8568;2.34659;48.8598;2.33801;48.8538;2.35515;16
13:12:14.775;48.8569;2.34618;48.8599;2.3376;48.8539;2.35477;16
13:12:15.937;48.8571;2.34628;48.8601;2.33771;48.8541;2.35486;16
13:12:15.937;48.8582;2.34605;48.8612;2.33746;48.8552;2.35463;16
13:12:16.047;48.8584;2.34531;48.8614;2.33672;48.8554;2.35387;16
13:12:16.887;48.8583;2.34525;48.8613;2.33665;48.8553;2.35382;16
13:12:16.887;48.8567;2.34357;48.8597;2.33498;48.8537;2.35214;16
13:12:17.228;48.8556;2.34241;48.8586;2.33382;48.8526;2.35098;16
13:12:17.228;48.8553;2.34213;48.8583;2.33354;48.8523;2.35069;16
13:12:18.221;48.8553;2.34213;48.8613;2.32497;48.8493;2.35927;15
13:12:19.527;48.8553;2.34238;48.8613;2.32521;48.8493;2.35953;15
13:12:19.527;48.8537;2.34315;48.8597;2.32599;48.8477;2.36031;15
13:12:19.773;48.8522;2.34398;48.8582;2.32681;48.8462;2.36111;15
13:12:19.773;48.8511;2.34422;48.8571;2.32706;48.8452;2.36137;15
13:12:20.000;48.8506;2.34419;48.8566;2.32703;48.8447;2.36133;15
13:12:20.000;48.8504;2.34441;48.8564;2.32724;48.8445;2.36154;15
13:12:20.242;48.8512;2.34441;48.8572;2.32724;48.8452;2.36154;15
13:12:20.242;48.8524;2.34422;48.8584;2.32706;48.8464;2.36137;15
13:12:20.491;48.8533;2.34384;48.8593;2.32668;48.8473;2.36099;15
13:12:20.492;48.8537;2.34363;48.8596;2.32646;48.8477;2.36078;15
13:12:20.718;48.8544;2.34346;48.8604;2.32629;48.8485;2.3606;15
13:12:20.719;48.8547;2.34311;48.8607;2.32594;48.8488;2.36026;15
13:12:20.883;48.8548;2.34282;48.8608;2.32565;48.8489;2.35995;15
13:12:22.547;48.8548;2.34282;48.8578;2.33423;48.8518;2.35138;16
13:12:45.617;48.8549;2.34236;48.8579;2.33379;48.8519;2.35095;16
13:12:45.852;48.8554;2.33887;48.8584;2.33028;48.8525;2.34743;16
13:12:46.651;48.8554;2.33887;48.8614;2.3217;48.8495;2.356;15
13:12:47.297;48.8553;2.33856;48.8613;2.3214;48.8494;2.35571;15
13:12:47.297;48.8557;2.33711;48.8616;2.31995;48.8497;2.35425;15
13:12:47.565;48.8555;2.33371;48.8615;2.31654;48.8495;2.35086;15
13:12:47.565;48.8554;2.33345;48.8614;2.31628;48.8494;2.3506;15
13:12:47.866;48.8554;2.33354;48.8614;2.31638;48.8494;2.35069;15
13:12:47.866;48.8553;2.33046;48.8613;2.31329;48.8494;2.3476;15
13:12:48.057;48.8547;2.32706;48.8607;2.30989;48.8488;2.34421;15
13:12:48.799;48.8548;2.32706;48.8607;2.30989;48.8488;2.34421;15
13:12:48.799;48.8555;2.32388;48.8615;2.30672;48.8495;2.34103;15
13:12:49.096;48.8563;2.31972;48.8623;2.30255;48.8504;2.33687;15
13:12:49.096;48.8567;2.31784;48.8627;2.30067;48.8507;2.33498;15
13:12:50.515;48.8568;2.3177;48.8627;2.30054;48.8508;2.33485;15
13:12:50.516;48.8581;2.3159;48.8641;2.29874;48.8521;2.33305;15
13:12:50.751;48.8586;2.31458;48.8646;2.29741;48.8526;2.33173;15
13:12:51.828;48.8586;2.31458;48.8646;2.29741;48.8526;2.33173;15
13:12:51.828;48.859;2.31462;48.8649;2.29745;48.853;2.33176;15
13:12:52.243;48.8591;2.31462;48.8651;2.29745;48.8531;2.33176;15
13:12:52.243;48.8591;2.31467;48.8651;2.2975;48.8532;2.3318;15
13:12:52.404;48.8592;2.31467;48.8652;2.2975;48.8533;2.3318;15
13:12:53.102;48.8592;2.31467;48.8622;2.30608;48.8562;2.32323;16
13:12:53.627;48.8592;2.31467;48.8607;2.31036;48.8577;2.31892;17
13:12:54.150;48.8592;2.31467;48.8607;2.31036;48.8577;2.31892;17
13:12:54.150;48.8597;2.31425;48.8612;2.30997;48.8582;2.31854;17
13:12:54.487;48.8601;2.31393;48.8616;2.30965;48.8586;2.31821;17
13:12:54.837;48.8601;2.31389;48.8616;2.3096;48.8586;2.31816;17
13:12:54.838;48.8604;2.31367;48.8619;2.30939;48.8589;2.31795;17
13:12:55.149;48.8606;2.31358;48.8621;2.3093;48.8591;2.31786;17
13:12:55.149;48.8606;2.31357;48.8621;2.30928;48.8591;2.31786;17
13:12:55.398;48.8608;2.31346;48.8623;2.30917;48.8593;2.31773;17
13:12:55.399;48.8609;2.31343;48.8623;2.30914;48.8594;2.31773;17
13:12:56.305;48.861;2.31343;48.8625;2.30914;48.8596;2.31773;17
13:12:56.305;48.8612;2.31352;48.8627;2.30923;48.8597;2.31781;17
13:12:56.930;48.8613;2.31352;48.8627;2.30923;48.8598;2.31781;17
13:12:56.930;48.8615;2.31342;48.863;2.30913;48.8601;2.3177;17
13:12:56.979;48.8619;2.31351;48.8634;2.3092;48.8605;2.31779;17
13:13:01.180;48.8619;2.31351;48.8627;2.31136;48.8612;2.31564;18
13:13:03.758;48.8623;2.31378;48.8631;2.31163;48.8616;2.31593;18
13:13:03.758;48.8623;2.31378;48.8631;2.31163;48.8616;2.31593;18
13:13:04.107;48.8623;2.31374;48.8631;2.31158;48.8616;2.31589;18
13:13:04.402;48.8623;2.31374;48.8631;2.31158;48.8616;2.31589;18
13:13:04.402;48.8623;2.31377;48.8631;2.31161;48.8616;2.3159;18
13:13:04.402;48.8623;2.31377;48.8631;2.31161;48.8616;2.3159;18
13:13:04.596;48.8623;2.31377;48.8631;2.31161;48.8616;2.3159;18
13:13:04.728;48.8623;2.31377;48.8631;2.31161;48.8616;2.3159;18
13:13:04.853;48.8623;2.31378;48.8631;2.31163;48.8616;2.3159;18
13:13:05.661;48.8623;2.31378;48.8631;2.31163;48.8616;2.3159;18
13:13:05.829;48.8623;2.31378;48.8631;2.31163;48.8616;2.3159;18
13:13:06.454;48.8623;2.31377;48.8631;2.31161;48.8616;2.3159;18
13:13:06.597;48.8623;2.31377;48.8631;2.31161;48.8616;2.3159;18
13:13:06.859;48.8623;2.31377;48.8631;2.31161;48.8616;2.3159;18
13:13:06.859;48.8623;2.31378;48.8631;2.31163;48.8616;2.3159;18
13:13:07.094;48.8623;2.31378;48.8631;2.31163;48.8616;2.3159;18
13:13:07.094;48.8623;2.31378;48.8631;2.31163;48.8616;2.3159;18
13:13:07.234;48.8623;2.31372;48.8631;2.31157;48.8616;2.31586;18
13:13:07.235;48.8624;2.31369;48.8631;2.31155;48.8616;2.31584;18
13:13:07.352;48.8624;2.31369;48.8631;2.31155;48.8616;2.31584;18
13:13:07.512;48.8624;2.31369;48.8631;2.31155;48.8616;2.31584;18
13:13:07.709;48.8624;2.31369;48.8631;2.31155;48.8616;2.31584;18
13:13:07.709;48.8624;2.31369;48.8632;2.31155;48.8617;2.31584;18
13:13:07.905;48.8624;2.31367;48.8632;2.31152;48.8617;2.31583;18
13:13:07.905;48.8624;2.31367;48.8631;2.31152;48.8616;2.3158;18
13:13:08.164;48.8624;2.31367;48.8631;2.31152;48.8616;2.31583;18
13:13:08.164;48.8624;2.31369;48.8631;2.31155;48.8616;2.31584;18
13:13:08.300;48.8624;2.31369;48.8631;2.31155;48.8616;2.31584;18
13:13:08.300;48.8624;2.31366;48.8631;2.31151;48.8616;2.3158;18
13:13:08.417;48.8624;2.31361;48.8631;2.31146;48.8616;2.31575;18
13:13:30.368;48.8624;2.31366;48.8631;2.31151;48.8616;2.3158;18
13:13:30.368;48.8624;2.31369;48.8631;2.31155;48.8616;2.31584;18
13:13:30.579;48.8624;2.31369;48.8631;2.31155;48.8616;2.31584;18
13:13:30.579;48.8624;2.31369;48.8631;2.31155;48.8616;2.31584;18
13:13:33.602;48.8624;2.31369;48.8631;2.31155;48.8616;2.31584;18
13:13:34.908;48.8624;2.31369;48.8631;2.31155;48.8616;2.31584;18
13:13:35.837;48.8624;2.31369;48.8631;2.31155;48.8616;2.31584;18
13:13:36.572;48.8624;2.31372;48.8631;2.31157;48.8616;2.31584;18
13:13:36.572;48.8624;2.31384;48.8631;2.31171;48.8616;2.31599;18
13:13:36.813;48.8624;2.314;48.8632;2.31184;48.8617;2.31612;18
13:13:36.813;48.8624;2.31401;48.8632;2.31187;48.8617;2.31616;18
13:13:37.027;48.8625;2.3141;48.8632;2.31195;48.8617;2.31622;18
13:13:37.027;48.8625;2.31409;48.8632;2.31194;48.8617;2.31622;18
13:13:37.133;48.8625;2.31406;48.8632;2.31192;48.8617;2.31621;18
13:14:10.212;48.8624;2.3141;48.8632;2.31195;48.8617;2.31625;18
13:14:10.213;48.8622;2.31436;48.8629;2.31221;48.8615;2.31651;18
13:14:10.262;48.8619;2.31451;48.8627;2.31236;48.8612;2.31665;18
13:14:10.815;48.8619;2.31456;48.8627;2.31241;48.8612;2.3167;18
13:14:10.815;48.8615;2.31499;48.8623;2.31284;48.8608;2.31712;18
13:14:10.874;48.8614;2.31511;48.8621;2.31296;48.8606;2.31726;18
13:14:11.142;48.8614;2.31511;48.8621;2.31296;48.8606;2.31726;18
13:14:11.142;48.8611;2.31503;48.8618;2.31288;48.8603;2.31717;18
13:14:11.931;48.861;2.31506;48.8618;2.31293;48.8603;2.31721;18
13:14:11.932;48.8607;2.31528;48.8615;2.31314;48.86;2.31743;18
13:14:12.319;48.8607;2.31532;48.8614;2.31319;48.8599;2.31744;18
13:14:12.319;48.8604;2.31554;48.8612;2.3134;48.8597;2.31769;18
13:14:12.454;48.8604;2.31558;48.8611;2.31343;48.8596;2.31773;18
13:14:12.939;48.8603;2.31563;48.8611;2.31348;48.8596;2.31778;18
13:14:12.939;48.8601;2.31593;48.8608;2.31378;48.8593;2.31807;18
13:14:13.525;48.86;2.31596;48.8608;2.31383;48.8593;2.31812;18
13:14:13.525;48.8597;2.31627;48.8605;2.31412;48.859;2.31842;18
13:14:13.615;48.8597;2.31631;48.8604;2.31416;48.8589;2.31845;18
13:14:14.252;48.8597;2.31631;48.8612;2.31203;48.8582;2.3206;17
13:14:15.042;48.8597;2.31631;48.8627;2.30772;48.8567;2.32489;16
13:14:16.931;48.8595;2.31612;48.8625;2.30754;48.8565;2.32468;16
13:14:28.440;48.8595;2.31606;48.8625;2.30746;48.8565;2.32465;16
13:14:28.440;48.8582;2.31532;48.8611;2.30675;48.8552;2.32391;16
13:14:29.213;48.8575;2.31491;48.8605;2.30634;48.8545;2.32349;16
13:14:29.213;48.8574;2.31488;48.8603;2.30629;48.8544;2.32344;16
13:14:29.213;48.8572;2.31477;48.8602;2.30618;48.8542;2.32335;16
13:14:29.213;48.8571;2.3147;48.8601;2.30612;48.8541;2.32327;16
13:14:29.213;48.857;2.31467;48.86;2.30608;48.854;2.32323;16
13:14:29.553;48.857;2.31467;48.86;2.30608;48.854;2.32323;16
13:14:29.553;48.857;2.31462;48.86;2.30603;48.854;2.32318;16
13:14:36.657;48.8571;2.31462;48.86;2.30603;48.8541;2.32318;16
13:14:36.658;48.8587;2.31412;48.8617;2.30554;48.8558;2.32271;16
13:14:36.727;48.8592;2.31398;48.8622;2.30539;48.8562;2.32254;16
13:14:36.890;48.8592;2.31395;48.8622;2.30537;48.8562;2.32254;16
13:14:37.197;48.8592;2.31395;48.8622;2.30537;48.8562;2.32254;16
13:14:37.197;48.8592;2.31393;48.8622;2.30534;48.8563;2.32249;16
13:14:37.628;48.8593;2.31393;48.8623;2.30534;48.8564;2.32249;16
13:14:37.628;48.8605;2.3141;48.8635;2.30553;48.8576;2.32266;16
13:14:37.720;48.8608;2.31415;48.8638;2.30556;48.8578;2.32271;16
13:14:38.197;48.8608;2.31415;48.8638;2.30556;48.8578;2.32271;16
13:14:38.197;48.8608;2.31416;48.8638;2.30559;48.8578;2.32275;16
13:14:38.470;48.8607;2.31416;48.8637;2.30559;48.8578;2.32275;16
13:14:38.470;48.8607;2.31416;48.8637;2.30559;48.8578;2.32275;16
13:14:38.751;48.8607;2.31412;48.8637;2.30554;48.8577;2.32271;16
13:14:38.752;48.8594;2.3141;48.8624;2.30553;48.8564;2.32266;16
13:14:39.030;48.8581;2.31404;48.8611;2.30545;48.8551;2.32262;16
13:14:39.030;48.8576;2.31401;48.8606;2.30544;48.8546;2.32257;16
13:14:39.148;48.8576;2.31393;48.8605;2.30534;48.8546;2.32249;16
13:14:39.713;48.8574;2.31387;48.8604;2.30528;48.8545;2.32245;16
13:14:39.713;48.8573;2.31378;48.8602;2.30519;48.8543;2.32236;16
13:14:39.994;48.8572;2.31383;48.8602;2.30524;48.8543;2.3224;16
13:14:39.994;48.8572;2.31384;48.8602;2.30527;48.8542;2.3224;16
13:14:40.347;48.8569;2.31367;48.8599;2.30508;48.8539;2.32224;16
13:14:40.347;48.856;2.31354;48.859;2.30496;48.853;2.32211;16
13:14:40.458;48.8557;2.31348;48.8587;2.3049;48.8527;2.32207;16
13:14:41.776;48.8559;2.31348;48.8589;2.3049;48.8529;2.32207;16
13:14:41.980;48.8571;2.3138;48.8601;2.30522;48.8541;2.32236;16
13:14:41.980;48.8574;2.31395;48.8604;2.30537;48.8544;2.32254;16
13:14:53.698;48.8575;2.31415;48.8605;2.30556;48.8545;2.32271;16
13:14:53.698;48.8602;2.31384;48.8632;2.30527;48.8572;2.3224;16
13:14:58.815;48.8602;2.31384;48.8617;2.30956;48.8587;2.31812;17
13:14:59.878;48.8602;2.31384;48.8617;2.30956;48.8587;2.31813;17
13:14:59.879;48.8606;2.3141;48.8621;2.30981;48.8591;2.31837;17
13:15:00.127;48.8618;2.31436;48.8633;2.31007;48.8604;2.31865;17
