13:01:49.010;48.8547;2.34662;48.8786;2.27795;48.8308;2.41528;13
13:01:51.506;48.8547;2.34662;48.8667;2.31229;48.8428;2.38095;14
13:01:52.810;48.8551;2.34712;48.867;2.31279;48.8431;2.38145;14
13:01:52.810;48.8559;2.34799;48.8678;2.31366;48.8439;2.38232;14
13:01:52.841;48.8581;2.35004;48.87;2.3157;48.8462;2.38437;14
13:01:52.841;48.8591;2.35091;48.8711;2.31657;48.8472;2.38524;14
13:01:52.841;48.8597;2.35133;48.8716;2.317;48.8477;2.38567;14
13:01:52.914;48.8618;2.35365;48.8737;2.31932;48.8498;2.38799;14
13:01:52.914;48.8623;2.35399;48.8743;2.31966;48.8504;2.38832;14
13:01:53.044;48.8643;2.35451;48.8762;2.32018;48.8523;2.38884;14
13:01:53.044;48.8656;2.35503;48.8775;2.32069;48.8536;2.38936;14
13:01:53.161;48.8661;2.35536;48.878;2.32103;48.8541;2.38969;14
13:01:53.161;48.8662;2.3551;48.8782;2.32077;48.8543;2.38943;14
13:01:54.033;48.8666;2.3551;48.8785;2.32077;48.8546;2.38943;14
13:01:54.033;48.867;2.35553;48.879;2.3212;48.8551;2.38986;14
13:01:54.231;48.8684;2.35811;48.8804;2.32378;48.8565;2.39244;14
13:01:54.231;48.8692;2.35872;48.8812;2.32439;48.8573;2.39305;14
13:01:54.284;48.8717;2.36026;48.8837;2.32593;48.8598;2.39459;14
13:01:54.284;48.8719;2.36052;48.8838;2.32619;48.8599;2.39485;14
13:01:54.385;48.8721;2.36052;48.884;2.32619;48.8601;2.39485;14
13:01:55.662;48.8718;2.36052;48.8838;2.32619;48.8599;2.39485;14
13:01:55.663;48.8714;2.36017;48.8833;2.32584;48.8594;2.3945;14
13:01:55.726;48.8699;2.35768;48.8819;2.32335;48.858;2.39201;14
13:01:55.726;48.8694;2.3569;48.8813;2.32257;48.8575;2.39124;14
13:01:56.036;48.8687;2.35579;48.8807;2.32146;48.8568;2.39012;14
13:01:56.036;48.8687;2.35536;48.8806;2.32103;48.8567;2.38969;14
13:01:56.536;48.8686;2.35536;48.8806;2.32103;48.8567;2.38969;14
13:01:56.536;48.8685;2.35536;48.8805;2.32103;48.8566;2.38969;14
13:01:56.566;48.8684;2.35536;48.8803;2.32103;48.8564;2.38969;14
13:01:57.567;48.8682;2.35545;48.8801;2.32112;48.8562;2.38979;14
13:02:05.262;48.8682;2.35545;48.8741;2.33829;48.8622;2.37262;15
13:02:05.620;48.868;2.3555;48.874;2.33833;48.8621;2.37267;15
13:02:05.620;48.8678;2.35413;48.8737;2.33696;48.8618;2.37129;15
13:02:05.902;48.8677;2.35056;48.8737;2.33339;48.8617;2.36772;15
13:02:05.903;48.8668;2.3476;48.8728;2.33043;48.8608;2.36476;15
13:02:15.834;48.8666;2.3476;48.8726;2.33043;48.8606;2.36476;15
13:02:15.834;48.8663;2.34558;48.8723;2.32841;48.8604;2.36275;15
13:02:15.893;48.8664;2.34215;48.8724;2.32498;48.8605;2.35931;15
13:02:16.807;48.8666;2.34137;48.8726;2.3242;48.8606;2.35854;15
13:02:16.808;48.8673;2.33966;48.8733;2.32249;48.8613;2.35683;15
13:02:17.140;48.8676;2.33846;48.8735;2.32129;48.8616;2.35562;15
13:02:17.697;48.8676;2.33855;48.8735;2.32138;48.8616;2.35571;15
13:02:17.697;48.8682;2.33781;48.8742;2.32065;48.8623;2.35498;15
13:02:18.197;48.869;2.33563;48.875;2.31845;48.863;2.35278;15
13:02:18.197;48.869;2.33528;48.875;2.31812;48.863;2.35245;15
13:02:19.209;48.8694;2.33429;48.8754;2.31712;48.8635;2.35146;15
13:02:19.210;48.8701;2.33275;48.8761;2.31558;48.8642;2.34991;15
13:02:19.327;48.8704;2.33128;48.8764;2.31412;48.8644;2.34845;15
13:02:20.278;48.8705;2.33128;48.8765;2.31412;48.8646;2.34845;15
13:02:20.278;48.8719;2.33031;48.8778;2.31314;48.8659;2.34747;15
13:02:20.499;48.8727;2.32893;48.8786;2.31177;48.8667;2.3461;15
13:02:21.920;48.8727;2.32893;48.8846;2.2946;48.8607;2.36327;14
13:02:23.745;48.8726;2.32927;48.8845;2.29494;48.8606;2.3636;14
13:02:23.746;48.8723;2.33014;48.8843;2.29581;48.8604;2.36447;14
13:02:23.827;48.8731;2.33623;48.885;2.3019;48.8612;2.37056;14
13:02:23.828;48.8731;2.3376;48.8851;2.30327;48.8612;2.37193;14
13:02:24.007;48.8727;2.34035;48.8846;2.30602;48.8607;2.37468;14
13:02:24.008;48.8727;2.34035;48.8846;2.30602;48.8607;2.37468;14
13:02:24.802;48.8727;2.34061;48.8846;2.30627;48.8607;2.37494;14
13:02:24.803;48.8734;2.34369;48.8854;2.30936;48.8615;2.37802;14
13:02:25.107;48.8734;2.34729;48.8853;2.31296;48.8614;2.38162;14
13:02:25.107;48.8734;2.34911;48.8854;2.31477;48.8615;2.38344;14
13:02:25.196;48.8734;2.34987;48.8853;2.31554;48.8614;2.3842;14
13:02:25.920;48.8734;2.34987;48.8853;2.31554;48.8614;2.3842;14
13:02:25.920;48.8733;2.35013;48.8852;2.3158;48.8613;2.38446;14
13:02:25.989;48.8722;2.35278;48.8841;2.31845;48.8602;2.38712;14
13:02:25.989;48.8717;2.3533;48.8837;2.31897;48.8598;2.38763;14
13:02:26.123;48.87;2.35529;48.8819;2.32095;48.8581;2.38962;14
13:02:26.123;48.8693;2.35588;48.8813;2.32155;48.8574;2.39021;14
13:02:26.216;48.8691;2.35614;48.8811;2.32181;48.8572;2.39047;14
13:02:27.677;48.8691;2.35614;48.881;2.32181;48.8572;2.39047;14
13:02:27.678;48.8688;2.35605;48.8807;2.32172;48.8568;2.39038;14
13:02:27.779;48.8676;2.35536;48.8796;2.32103;48.8557;2.38969;14
13:02:27.779;48.8672;2.35493;48.8792;2.3206;48.8553;2.38927;14
13:02:27.845;48.8663;2.35365;48.8782;2.31932;48.8543;2.38799;14
13:02:27.845;48.8656;2.35287;48.8775;2.31854;48.8536;2.38721;14
13:02:27.960;48.8646;2.35159;48.8766;2.31726;48.8527;2.38593;14
13:02:27.960;48.8645;2.35133;48.8764;2.317;48.8525;2.38567;14
13:02:28.044;48.8643;2.35124;48.8763;2.31691;48.8524;2.38557;14
13:02:29.201;48.8641;2.35081;48.876;2.31648;48.8521;2.38515;14
13:02:29.202;48.8631;2.35056;48.875;2.31622;48.8512;2.38489;14
13:02:29.291;48.8605;2.34859;48.8725;2.31425;48.8486;2.38292;14
13:02:29.291;48.8598;2.34799;48.8718;2.31366;48.8479;2.38232;14
13:02:29.321;48.8598;2.34773;48.8717;2.3134;48.8478;2.38206;14
13:02:35.028;48.8595;2.34885;48.8714;2.31451;48.8475;2.38318;14
13:02:35.028;48.8593;2.34937;48.8713;2.31503;48.8474;2.3837;14
13:02:35.071;48.8596;2.35202;48.8715;2.31769;48.8476;2.38635;14
13:02:35.071;48.8596;2.35254;48.8715;2.31821;48.8476;2.38687;14
13:02:35.181;48.8603;2.35486;48.8722;2.32053;48.8483;2.38919;14
13:02:35.182;48.8607;2.3564;48.8726;2.32207;48.8487;2.39073;14
13:02:35.284;48.8608;2.35709;48.8727;2.32275;48.8489;2.39142;14
13:02:35.285;48.8609;2.35751;48.8728;2.32318;48.849;2.39185;14
13:02:35.363;48.8612;2.35777;48.8731;2.32344;48.8492;2.39211;14
13:02:37.200;48.8612;2.35803;48.8731;2.3237;48.8492;2.39236;14
13:02:37.200;48.8611;2.35811;48.8731;2.32378;48.8492;2.39244;14
13:02:37.237;48.8602;2.3588;48.8722;2.32446;48.8483;2.39313;14
13:02:37.237;48.8598;2.35898;48.8718;2.32465;48.8479;2.39331;14
13:02:37.338;48.8585;2.36017;48.8705;2.32584;48.8466;2.3945;14
13:02:37.338;48.8581;2.36052;48.8701;2.32619;48.8462;2.39485;14
13:02:37.486;48.8576;2.36111;48.8695;2.32678;48.8456;2.39545;14
13:02:37.486;48.8576;2.36121;48.8695;2.32687;48.8456;2.39554;14
13:02:37.579;48.8575;2.36128;48.8695;2.32695;48.8456;2.39561;14
13:02:39.614;48.8575;2.36137;48.8694;2.32704;48.8455;2.39571;14
13:02:39.678;48.8567;2.36154;48.8686;2.32721;48.8447;2.39587;14
13:02:39.678;48.8563;2.36154;48.8683;2.32721;48.8444;2.39587;14
13:02:39.812;48.8549;2.36128;48.8668;2.32695;48.8429;2.39561;14
13:02:39.812;48.8546;2.36121;48.8666;2.32687;48.8427;2.39554;14
13:02:39.943;48.8535;2.36095;48.8654;2.32661;48.8415;2.39528;14
13:02:39.943;48.8532;2.36086;48.8652;2.32652;48.8413;2.39519;14
13:02:40.036;48.8527;2.3606;48.8646;2.32626;48.8407;2.39493;14
13:02:40.141;48.8524;2.36052;48.8643;2.32619;48.8404;2.39485;14
13:02:40.754;48.8523;2.36078;48.8642;2.32645;48.8403;2.39511;14
13:02:40.755;48.8518;2.36095;48.8638;2.32661;48.8399;2.39528;14
13:02:40.832;48.8516;2.36;48.8636;2.32567;48.8397;2.39433;14
13:02:40.832;48.8517;2.35941;48.8636;2.32507;48.8397;2.39374;14
13:02:40.970;48.8523;2.35828;48.8643;2.32394;48.8404;2.39261;14
13:02:40.970;48.8529;2.35742;48.8649;2.32309;48.841;2.39175;14
13:02:41.103;48.8545;2.35571;48.8665;2.32138;48.8426;2.39005;14
13:02:41.103;48.8551;2.3551;48.8671;2.32077;48.8432;2.38943;14
13:02:41.239;48.8561;2.35451;48.868;2.32018;48.8442;2.38884;14
13:02:41.239;48.8561;2.35442;48.868;2.32008;48.8442;2.38875;14
13:02:41.307;48.8563;2.35391;48.8683;2.31958;48.8444;2.38824;14
13:02:41.763;48.8563;2.35391;48.8683;2.31958;48.8444;2.38824;14
13:02:41.763;48.8563;2.35391;48.8683;2.31958;48.8444;2.38824;14
13:02:41.802;48.8576;2.35434;48.8696;2.32001;48.8457;2.38867;14
13:02:41.802;48.8579;2.35425;48.8699;2.31992;48.846;2.38858;14
13:02:41.901;48.8591;2.3533;48.8711;2.31897;48.8472;2.38763;14
13:02:41.901;48.8594;2.35304;48.8714;2.31871;48.8475;2.38737;14
13:02:42.003;48.8603;2.35245;48.8722;2.31812;48.8483;2.38678;14
13:02:42.003;48.8605;2.35219;48.8724;2.31786;48.8485;2.38652;14
13:02:42.512;48.8605;2.35245;48.8724;2.31812;48.8485;2.38678;14
13:02:42.513;48.8605;2.35278;48.8724;2.31845;48.8485;2.38712;14
13:02:42.543;48.8609;2.35519;48.8728;2.32086;48.849;2.38953;14
13:02:42.543;48.8611;2.35545;48.873;2.32112;48.8491;2.38979;14
13:02:42.654;48.8621;2.35735;48.874;2.32301;48.8502;2.39168;14
13:02:42.654;48.8625;2.35837;48.8745;2.32404;48.8506;2.3927;14
13:02:42.736;48.8637;2.35922;48.8756;2.32489;48.8517;2.39355;14
13:02:43.364;48.8636;2.35974;48.8755;2.32541;48.8517;2.39407;14
13:02:43.364;48.8635;2.36026;48.8754;2.32593;48.8516;2.39459;14
13:02:43.410;48.8644;2.36111;48.8764;2.32678;48.8525;2.39545;14
13:02:43.410;48.8648;2.36111;48.8767;2.32678;48.8529;2.39545;14
13:02:43.529;48.8658;2.36137;48.8778;2.32704;48.8539;2.39571;14
13:02:43.530;48.8663;2.36172;48.8783;2.32739;48.8544;2.39606;14
13:02:44.379;48.8663;2.3618;48.8783;2.32747;48.8544;2.39613;14
13:02:44.379;48.8661;2.3618;48.8781;2.32747;48.8542;2.39613;14
13:02:44.415;48.8627;2.36163;48.8746;2.3273;48.8508;2.39597;14
13:02:44.416;48.862;2.3618;48.874;2.32747;48.8501;2.39613;14
13:02:44.522;48.8584;2.3618;48.8704;2.32747;48.8465;2.39613;14
13:02:44.522;48.8581;2.3618;48.87;2.32747;48.8461;2.39613;14
13:02:44.603;48.8573;2.3618;48.8693;2.32747;48.8454;2.39613;14
13:02:45.326;48.8573;2.36275;48.8693;2.32841;48.8454;2.39708;14
13:02:45.326;48.8562;2.36472;48.8681;2.33038;48.8442;2.39905;14
13:02:45.423;48.8551;2.36746;48.8671;2.33313;48.8432;2.40179;14
13:02:45.424;48.855;2.36961;48.8669;2.33528;48.843;2.40395;14
13:02:45.424;48.855;2.37004;48.8669;2.33571;48.843;2.40437;14
13:02:47.661;48.855;2.37021;48.8669;2.33588;48.843;2.40454;14
13:02:47.661;48.8551;2.36961;48.8671;2.33528;48.8432;2.40395;14
13:02:47.830;48.8558;2.36687;48.8678;2.33253;48.8439;2.4012;14
13:02:47.830;48.8558;2.36601;48.8678;2.33168;48.8439;2.40034;14
13:02:48.004;48.8559;2.36566;48.8678;2.33133;48.8439;2.39999;14
13:02:48.726;48.8559;2.36566;48.8619;2.3485;48.8499;2.38283;15
13:02:50.062;48.856;2.3658;48.8619;2.34863;48.85;2.38297;15
13:02:50.062;48.8577;2.36365;48.8636;2.34648;48.8517;2.38081;15
13:02:50.340;48.8578;2.36343;48.8638;2.34627;48.8518;2.3806;15
13:02:50.608;48.8599;2.36575;48.8659;2.34859;48.8539;2.38292;15
13:02:50.609;48.8613;2.36613;48.8672;2.34897;48.8553;2.3833;15
13:02:51.032;48.8614;2.36613;48.8674;2.34897;48.8554;2.3833;15
13:02:51.032;48.8642;2.36781;48.8702;2.35065;48.8583;2.38498;15
13:02:51.231;48.8647;2.36768;48.8706;2.35051;48.8587;2.38484;15
13:02:52.443;48.8647;2.36751;48.8706;2.35034;48.8587;2.38467;15
13:02:52.444;48.8653;2.36464;48.8713;2.34747;48.8593;2.38181;15
13:02:52.517;48.8659;2.36365;48.8719;2.34648;48.8599;2.38081;15
13:02:53.473;48.8659;2.36334;48.8719;2.34618;48.86;2.38051;15
13:02:53.474;48.8664;2.36043;48.8723;2.34326;48.8604;2.37759;15
13:02:54.187;48.8665;2.36026;48.8725;2.34309;48.8605;2.37743;15
13:02:54.187;48.8668;2.35905;48.8728;2.34189;48.8609;2.37622;15
13:02:54.320;48.8673;2.35699;48.8733;2.33983;48.8613;2.37416;15
13:02:55.114;48.8673;2.35666;48.8732;2.33949;48.8613;2.37383;15
13:02:55.114;48.866;2.35532;48.872;2.33815;48.86;2.37248;15
13:02:55.349;48.8652;2.35394;48.8712;2.33678;48.8592;2.37111;15
13:02:55.349;48.8647;2.35283;48.8707;2.33566;48.8588;2.37;15
13:02:55.819;48.8647;2.35287;48.8706;2.33571;48.8587;2.37004;15
13:02:55.820;48.864;2.35197;48.8699;2.33481;48.858;2.36914;15
13:02:56.115;48.8635;2.3512;48.8695;2.33403;48.8575;2.36836;15
13:02:56.115;48.8634;2.35103;48.8694;2.33386;48.8574;2.36819;15
13:02:56.366;48.8634;2.3506;48.8693;2.33344;48.8574;2.36777;15
13:02:56.366;48.8634;2.35051;48.8694;2.33334;48.8574;2.36768;15
13:02:58.437;48.8633;2.3506;48.8693;2.33344;48.8574;2.36777;15
13:02:58.438;48.8636;2.35027;48.8695;2.3331;48.8576;2.36743;15
13:02:58.825;48.8638;2.34982;48.8698;2.33266;48.8579;2.36699;15
13:02:58.825;48.8639;2.34958;48.8699;2.33241;48.858;2.36674;15
13:02:58.895;48.8639;2.34949;48.8699;2.33232;48.858;2.36665;15
13:03:00.557;48.8639;2.34949;48.8699;2.33232;48.858;2.36665;15
13:03:00.557;48.8636;2.34991;48.8696;2.33275;48.8576;2.36708;15
13:03:01.106;48.8637;2.34712;48.8697;2.32996;48.8577;2.36429;15
13:03:01.106;48.8638;2.34705;48.8697;2.32988;48.8578;2.36421;15
13:03:01.188;48.8638;2.34705;48.8697;2.32988;48.8578;2.36421;15
13:03:03.168;48.8643;2.34639;48.8702;2.32922;48.8583;2.36356;15
13:03:03.168;48.8647;2.34639;48.8706;2.32922;48.8587;2.36356;15
13:03:03.238;48.8655;2.34662;48.8714;2.32944;48.8595;2.36377;15
13:03:06.567;48.8653;2.34683;48.8713;2.32967;48.8593;2.364;15
13:03:06.567;48.8652;2.3461;48.8711;2.32893;48.8592;2.36327;15
13:03:06.609;48.8649;2.34451;48.8709;2.32735;48.859;2.36168;15
13:03:07.379;48.8649;2.34464;48.8708;2.32747;48.8589;2.3618;15
13:03:07.380;48.865;2.34416;48.8709;2.327;48.859;2.36133;15
13:03:07.629;48.8653;2.34293;48.8713;2.32576;48.8594;2.36009;15
13:03:07.629;48.8654;2.34172;48.8714;2.32455;48.8595;2.35889;15
13:03:07.698;48.8654;2.34137;48.8714;2.3242;48.8595;2.35854;15
13:03:08.239;48.8654;2.34137;48.8713;2.3242;48.8594;2.35854;15
13:03:08.239;48.8653;2.34068;48.8713;2.32352;48.8594;2.35785;15
13:03:08.307;48.8656;2.33978;48.8716;2.32262;48.8596;2.35695;15
13:03:09.830;48.8656;2.33978;48.8686;2.33121;48.8626;2.34837;16
13:03:15.566;48.8656;2.33987;48.8685;2.33128;48.8626;2.34845;16
13:03:15.566;48.8646;2.34035;48.8676;2.33176;48.8616;2.34892;16
13:03:15.904;48.8642;2.34073;48.8672;2.33215;48.8612;2.34932;16
13:03:15.904;48.8642;2.34073;48.8672;2.33215;48.8612;2.34932;16
13:03:17.312;48.8642;2.34071;48.8672;2.33212;48.8612;2.34927;16
13:03:17.312;48.8641;2.3401;48.8671;2.33153;48.8611;2.34866;16
13:03:18.128;48.8648;2.33862;48.8677;2.33005;48.8618;2.34721;16
13:03:18.892;48.8658;2.33865;48.8688;2.33006;48.8628;2.34721;16
13:03:21.457;48.8646;2.33722;48.8676;2.32863;48.8616;2.34579;16
13:03:23.039;48.8657;2.33818;48.8687;2.32959;48.8628;2.34674;16
13:03:23.661;48.8663;2.3387;48.8693;2.33011;48.8633;2.34726;16
13:03:25.638;48.8651;2.33725;48.868;2.32867;48.8621;2.34584;16
13:03:26.036;48.865;2.33725;48.868;2.32867;48.862;2.34584;16
13:03:26.036;48.8644;2.3363;48.8674;2.32773;48.8614;2.34489;16
13:03:26.162;48.8642;2.33577;48.8672;2.32719;48.8612;2.34433;16
13:03:26.863;48.8641;2.33585;48.8671;2.32726;48.8611;2.34442;16
13:03:26.864;48.8644;2.33508;48.8673;2.32651;48.8614;2.34364;16
13:03:26.972;48.8644;2.33493;48.8674;2.32635;48.8615;2.34352;16
13:03:28.168;48.8644;2.33493;48.8674;2.32635;48.8615;2.34352;16
13:03:28.168;48.8648;2.33443;48.8677;2.32584;48.8618;2.343;16
13:03:32.123;48.8647;2.33443;48.8677;2.32584;48.8617;2.343;16
13:03:32.123;48.8644;2.33324;48.8674;2.32466;48.8614;2.3418;16
13:03:32.341;48.8643;2.3329;48.8673;2.32431;48.8613;2.34146;16
13:03:35.192;48.8643;2.33334;48.8672;2.32477;48.8613;2.34193;16
13:03:35.192;48.8646;2.33603;48.8676;2.32745;48.8617;2.34459;16
13:03:35.728;48.8646;2.33627;48.8676;2.32768;48.8617;2.34485;16
13:03:35.728;48.8647;2.33849;48.8677;2.3299;48.8617;2.34705;16
13:03:35.858;48.8647;2.3387;48.8677;2.33011;48.8617;2.34726;16
13:03:36.536;48.8646;2.33887;48.8676;2.33028;48.8616;2.34743;16
13:03:36.536;48.8638;2.34026;48.8668;2.33168;48.8608;2.34885;16
13:03:38.598;48.8637;2.3405;48.8667;2.33191;48.8607;2.34906;16
13:03:38.598;48.8638;2.34193;48.8668;2.33334;48.8608;2.35051;16
13:03:38.836;48.8639;2.34256;48.8669;2.33397;48.8609;2.35112;16
13:03:48.739;48.8638;2.34262;48.8668;2.33403;48.8608;2.3512;16
13:03:48.739;48.8639;2.34099;48.8669;2.33241;48.8609;2.34958;16
13:03:50.295;48.8639;2.341;48.8669;2.33243;48.8609;2.34958;16
13:03:50.295;48.8639;2.34052;48.8669;2.33194;48.861;2.34911;16
13:03:50.464;48.8641;2.33977;48.867;2.33118;48.8611;2.34833;16
13:03:51.238;48.864;2.33955;48.867;2.33096;48.861;2.34811;16
13:03:51.239;48.8643;2.33908;48.8673;2.33049;48.8613;2.34764;16
13:03:51.767;48.8648;2.33873;48.8678;2.33015;48.8618;2.34729;16
13:03:52.256;48.8661;2.33838;48.8691;2.32979;48.8631;2.34695;16
13:03:52.256;48.8662;2.33829;48.8692;2.3297;48.8632;2.34686;16
13:03:52.560;48.8665;2.33867;48.8695;2.33009;48.8635;2.34726;16
13:03:52.560;48.8671;2.33876;48.8701;2.33017;48.8641;2.34734;16
13:03:52.681;48.8672;2.33876;48.8702;2.33017;48.8642;2.34734;16
13:03:53.129;48.8672;2.33876;48.8702;2.33017;48.8642;2.34734;16
13:03:53.129;48.8669;2.33865;48.8699;2.33006;48.864;2.34721;16
13:03:53.418;48.8664;2.3383;48.8694;2.32973;48.8634;2.34686;16
13:03:53.418;48.8658;2.3378;48.8688;2.32921;48.8629;2.34636;16
13:03:53.957;48.8658;2.3378;48.8688;2.32921;48.8629;2.34636;16
13:03:53.957;48.8654;2.33736;48.8683;2.32878;48.8624;2.34592;16
13:03:54.051;48.8648;2.33606;48.8678;2.32747;48.8618;2.34464;16
13:03:54.567;48.8647;2.33606;48.8676;2.32747;48.8617;2.34464;16
13:03:54.568;48.8642;2.33432;48.8671;2.32573;48.8612;2.34288;16
13:03:55.653;48.8641;2.33423;48.8671;2.32565;48.8611;2.34279;16
13:03:55.654;48.8642;2.33249;48.8671;2.32391;48.8612;2.34108;16
13:03:56.606;48.8643;2.33063;48.8673;2.32204;48.8614;2.33919;16
13:03:57.966;48.8647;2.32925;48.8677;2.32066;48.8617;2.33781;16
13:04:01.528;48.8647;2.32925;48.8707;2.31209;48.8587;2.34639;15
13:04:02.072;48.8647;2.32925;48.8767;2.29492;48.8528;2.36356;14
13:04:10.824;48.8645;2.32916;48.8765;2.29483;48.8526;2.36348;14
13:04:10.825;48.8646;2.32736;48.8765;2.29303;48.8527;2.36168;14
13:04:10.935;48.8655;2.32359;48.8774;2.28926;48.8535;2.35789;14
13:04:10.935;48.8666;2.3205;48.8786;2.28616;48.8547;2.35481;14
13:04:11.050;48.8669;2.32016;48.8789;2.28583;48.855;2.35446;14
13:04:12.219;48.8669;2.32016;48.8729;2.30299;48.861;2.3373;15
13:04:13.392;48.8668;2.31969;48.8727;2.30252;48.8608;2.33682;15
13:04:13.392;48.8682;2.3159;48.8742;2.29874;48.8622;2.33305;15
13:04:14.304;48.868;2.3159;48.874;2.29874;48.862;2.33305;15
13:04:14.304;48.8688;2.31166;48.8748;2.29449;48.8629;2.3288;15
13:04:15.239;48.8688;2.31166;48.8748;2.29449;48.8629;2.3288;15
13:04:15.240;48.8687;2.31178;48.8747;2.29462;48.8627;2.32893;15
13:04:20.743;48.8687;2.31178;48.8717;2.30321;48.8657;2.32034;16
13:04:24.024;48.8687;2.31178;48.8702;2.3075;48.8672;2.31606;17
13:04:24.024;48.8687;2.31178;48.8694;2.30965;48.868;2.3139;18
13:04:24.024;48.8687;2.31178;48.8702;2.3075;48.8672;2.31606;17
13:04:24.024;48.8687;2.31178;48.8702;2.3075;48.8672;2.31606;17
13:04:26.941;48.8686;2.31178;48.8701;2.3075;48.8672;2.31606;17
13:04:26.941;48.8684;2.31152;48.8699;2.30724;48.8669;2.31583;17
13:04:27.176;48.8682;2.31099;48.8697;2.3067;48.8667;2.31528;17
13:04:27.177;48.8681;2.31067;48.8696;2.30638;48.8666;2.31496;17
13:04:27.286;48.868;2.31039;48.8695;2.30609;48.8665;2.31468;17
13:04:27.773;48.8679;2.31021;48.8694;2.30592;48.8664;2.31451;17
13:04:27.773;48.8679;2.30992;48.8693;2.30563;48.8663;2.31421;17
13:04:28.016;48.8678;2.30951;48.8693;2.30522;48.8663;2.3138;17
13:04:28.016;48.8678;2.30934;48.8693;2.30505;48.8663;2.31361;17
13:04:28.158;48.8678;2.30934;48.8693;2.30505;48.8663;2.31361;17
13:04:30.636;48.8678;2.30945;48.8693;2.30516;48.8663;2.31374;17
13:04:30.637;48.8679;2.31015;48.8694;2.30586;48.8664;2.31442;17
13:04:30.873;48.8681;2.31094;48.8696;2.30666;48.8666;2.31525;17
13:04:30.873;48.8681;2.31102;48.8696;2.30672;48.8666;2.31528;17
13:04:31.390;48.8681;2.31102;48.8696;2.30672;48.8666;2.31531;17
13:04:31.391;48.8681;2.31136;48.8696;2.30707;48.8666;2.31564;17
13:04:31.600;48.8682;2.31215;48.8697;2.30786;48.8668;2.31644;17
13:04:31.600;48.8684;2.31242;48.8699;2.30814;48.8669;2.31673;17
13:04:32.113;48.8683;2.31245;48.8698;2.30817;48.8669;2.31674;17
13:04:32.114;48.8682;2.31279;48.8697;2.3085;48.8667;2.31708;17
13:04:32.378;48.868;2.31354;48.8695;2.30925;48.8665;2.31781;17
13:04:32.379;48.868;2.31358;48.8695;2.3093;48.8665;2.31789;17
13:04:33.866;48.868;2.31358;48.871;2.30501;48.865;2.32217;16
13:04:35.548;48.868;2.31358;48.874;2.29642;48.862;2.33075;15
13:04:39.754;48.8675;2.31895;48.8734;2.30179;48.8615;2.33612;15
13:04:40.638;48.8675;2.32269;48.8734;2.30553;48.8615;2.33986;15
13:04:40.639;48.8675;2.32964;48.8735;2.31247;48.8616;2.3468;15
13:04:40.906;48.8679;2.33688;48.8739;2.31972;48.862;2.35405;15
13:04:40.906;48.8675;2.33771;48.8735;2.32054;48.8616;2.35487;15
13:04:41.804;48.8665;2.33792;48.8725;2.32076;48.8605;2.35509;15
13:04:41.805;48.8647;2.33719;48.8706;2.32002;48.8587;2.35435;15
13:04:42.003;48.864;2.3365;48.8699;2.31934;48.858;2.35367;15
13:04:45.668;48.8652;2.34126;48.8712;2.3241;48.8593;2.35843;15
13:04:56.668;48.8651;2.34123;48.8711;2.32407;48.8592;2.3584;15
13:04:56.668;48.8645;2.33809;48.8705;2.32092;48.8586;2.35526;15
13:04:56.881;48.8649;2.33522;48.8708;2.31805;48.8589;2.35239;15
13:04:56.882;48.8651;2.33487;48.871;2.3177;48.8591;2.35204;15
13:04:58.701;48.8651;2.33487;48.868;2.32629;48.8621;2.34346;16
13:04:59.762;48.865;2.33487;48.868;2.32629;48.862;2.34346;16
13:04:59.762;48.8644;2.334;48.8674;2.32541;48.8614;2.34258;16
13:05:00.332;48.8638;2.33232;48.8667;2.32373;48.8608;2.3409;16
13:05:00.332;48.8636;2.33186;48.8666;2.32329;48.8606;2.34045;16
13:05:00.332;48.8636;2.33183;48.8666;2.32324;48.8606;2.34041;16
13:05:00.773;48.8636;2.33191;48.8666;2.32333;48.8606;2.3405;16
13:05:00.774;48.8641;2.33057;48.8671;2.32198;48.8611;2.33914;16
13:05:01.082;48.8641;2.33046;48.8671;2.32187;48.8611;2.33904;16
13:05:02.183;48.8641;2.33046;48.8671;2.32187;48.8611;2.33904;16
13:05:02.183;48.8645;2.33005;48.8675;2.32146;48.8615;2.33862;16
13:05:02.288;48.8645;2.32994;48.8675;2.32135;48.8615;2.33852;16
13:05:06.226;48.8645;2.32994;48.866;2.32565;48.863;2.33423;17
13:05:07.340;48.8645;2.33002;48.866;2.32573;48.863;2.33429;17
13:05:07.340;48.8644;2.32983;48.8659;2.32555;48.8629;2.33412;17
13:05:07.605;48.8642;2.32843;48.8657;2.32414;48.8627;2.33273;17
13:05:07.605;48.8642;2.32835;48.8657;2.32407;48.8627;2.33263;17
13:05:08.538;48.8642;2.32835;48.8649;2.3262;48.8634;2.33047;18
13:05:09.263;48.8641;2.32832;48.8648;2.32619;48.8633;2.33047;18
13:05:09.263;48.864;2.32811;48.8647;2.32597;48.8633;2.33026;18
13:05:09.562;48.8639;2.32784;48.8646;2.32568;48.8631;2.32999;18
13:05:09.563;48.8639;2.32782;48.8646;2.32567;48.8631;2.32996;18
13:05:09.708;48.8639;2.32782;48.8646;2.32567;48.8631;2.32994;18
13:05:31.999;48.8639;2.32782;48.8654;2.32352;48.8624;2.33208;17
13:05:34.936;48.8639;2.32782;48.8669;2.31923;48.8609;2.33638;16
13:05:35.269;48.8639;2.32782;48.8654;2.32352;48.8624;2.33208;17
13:05:56.915;48.8639;2.32782;48.8669;2.31923;48.8609;2.33638;16
13:06:00.184;48.8646;2.33038;48.8676;2.32181;48.8617;2.33897;16
13:06:14.528;48.8646;2.33031;48.8676;2.32172;48.8616;2.33888;16
13:06:14.529;48.8648;2.3291;48.8677;2.32053;48.8618;2.33768;16
13:06:14.894;48.8645;2.32683;48.8675;2.31824;48.8615;2.33539;16
13:06:14.894;48.8643;2.32507;48.8673;2.31648;48.8613;2.33363;16
13:06:15.199;48.8642;2.32323;48.8671;2.31464;48.8612;2.33179;16
13:06:15.199;48.8642;2.32314;48.8672;2.31456;48.8612;2.3317;16
13:06:15.847;48.8642;2.32314;48.8672;2.31456;48.8612;2.3317;16
13:06:15.847;48.864;2.32198;48.867;2.3134;48.861;2.33054;16
13:06:16.293;48.8636;2.31996;48.8666;2.31137;48.8606;2.32852;16
13:06:16.293;48.8635;2.31958;48.8665;2.31099;48.8605;2.32814;16
13:06:16.293;48.8635;2.31949;48.8665;2.31091;48.8605;2.32805;16
13:06:18.746;48.8656;2.3215;48.8685;2.31293;48.8626;2.33009;16
13:06:20.181;48.8656;2.3215;48.8715;2.30434;48.8596;2.33867;15
13:06:26.605;48.8654;2.32181;48.8714;2.30464;48.8595;2.33897;15
13:06:26.605;48.8653;2.32619;48.8713;2.30902;48.8594;2.34335;15
13:06:26.704;48.8652;2.32825;48.8712;2.31108;48.8592;2.34541;15
13:06:27.774;48.8654;2.32811;48.8713;2.31094;48.8594;2.34528;15
13:06:27.775;48.8672;2.32803;48.8731;2.31087;48.8612;2.3452;15
13:06:28.091;48.8701;2.32799;48.8761;2.31082;48.8641;2.34515;15
13:06:28.092;48.8703;2.32756;48.8763;2.31039;48.8644;2.34473;15
13:06:29.777;48.8704;2.32761;48.8764;2.31044;48.8645;2.34477;15
13:06:29.777;48.872;2.32898;48.878;2.31181;48.866;2.34615;15
13:06:29.996;48.8729;2.3291;48.8788;2.31194;48.8669;2.34627;15
13:06:32.965;48.8729;2.3291;48.8758;2.32053;48.8699;2.33768;16
13:06:36.495;48.8718;2.32893;48.8748;2.32034;48.8689;2.33749;16
13:06:36.496;48.8716;2.32884;48.8745;2.32027;48.8686;2.3374;16
13:06:36.714;48.8713;2.32863;48.8743;2.32005;48.8683;2.33719;16
13:06:37.761;48.8713;2.32863;48.8743;2.32005;48.8683;2.33719;16
13:06:37.761;48.8709;2.32841;48.8739;2.31982;48.8679;2.33698;16
13:06:38.554;48.8704;2.32799;48.8734;2.3194;48.8674;2.33655;16
13:06:39.146;48.8693;2.32751;48.8723;2.31892;48.8664;2.33607;16
13:06:39.784;48.8686;2.32721;48.8716;2.31863;48.8656;2.3358;16
13:06:39.784;48.8685;2.32716;48.8715;2.31859;48.8656;2.33575;16
13:06:40.403;48.8699;2.32764;48.8729;2.31906;48.867;2.33623;16
13:06:40.403;48.8703;2.32768;48.8733;2.31911;48.8673;2.33624;16
13:06:41.027;48.8704;2.32768;48.8734;2.31911;48.8674;2.33624;16
13:06:41.027;48.8714;2.3282;48.8744;2.31961;48.8684;2.33678;16
13:06:41.856;48.8716;2.3282;48.8746;2.31961;48.8686;2.33678;16
13:06:41.857;48.8725;2.32867;48.8755;2.32008;48.8695;2.33723;16
13:06:42.782;48.8725;2.32867;48.874;2.32439;48.871;2.33295;17
13:06:43.458;48.8725;2.32867;48.874;2.32439;48.871;2.33296;17
13:06:43.459;48.8725;2.32837;48.874;2.32408;48.8711;2.33266;17
13:06:43.950;48.8727;2.32794;48.8742;2.32365;48.8712;2.33223;17
13:06:44.459;48.8727;2.32779;48.8742;2.3235;48.8712;2.33208;17
13:06:44.459;48.8728;2.32747;48.8743;2.32318;48.8713;2.33176;17
13:06:45.379;48.8727;2.32745;48.8742;2.32315;48.8712;2.33174;17
13:06:45.379;48.8729;2.32704;48.8744;2.32275;48.8714;2.33133;17
13:06:45.691;48.8729;2.32693;48.8744;2.32265;48.8714;2.33122;17
13:06:55.082;48.8729;2.32693;48.8737;2.32478;48.8722;2.32909;18
13:06:55.745;48.8729;2.32693;48.8744;2.32265;48.8714;2.33122;17
13:06:56.457;48.8729;2.32693;48.8759;2.31834;48.8699;2.33551;16
13:06:58.966;48.8729;2.32693;48.8789;2.30977;48.867;2.3441;15
13:07:00.723;48.8703;2.32637;48.8763;2.3092;48.8644;2.34354;15
13:07:01.848;48.867;2.32552;48.873;2.30835;48.8611;2.34268;15
13:07:05.266;48.8672;2.32011;48.8732;2.30295;48.8612;2.33728;15
13:07:06.564;48.8676;2.31715;48.8736;2.29999;48.8616;2.33432;15
13:07:08.463;48.8676;2.31491;48.8736;2.29774;48.8616;2.33208;15
13:07:13.120;48.8676;2.31277;48.8736;2.29561;48.8616;2.32994;15
13:07:13.121;48.8677;2.31119;48.8736;2.29402;48.8617;2.32835;15
13:07:13.427;48.8677;2.31119;48.8707;2.3026;48.8647;2.31976;16
13:07:14.436;48.8677;2.31119;48.8692;2.3069;48.8662;2.31548;17
13:07:15.690;48.8677;2.31108;48.8692;2.30679;48.8662;2.31535;17
13:07:15.691;48.8677;2.31076;48.8692;2.30646;48.8662;2.31505;17
13:07:15.860;48.8677;2.31065;48.8692;2.30635;48.8662;2.31491;17
13:08:07.206;48.8677;2.31065;48.8692;2.30635;48.8662;2.31491;17
13:08:07.206;48.8677;2.31065;48.8692;2.30635;48.8662;2.31494;17
13:08:07.425;48.868;2.31087;48.8694;2.30656;48.8665;2.31514;17
13:08:07.425;48.868;2.31091;48.8695;2.30661;48.8665;2.3152;17
13:08:07.659;48.8682;2.31125;48.8697;2.30696;48.8667;2.31552;17
13:08:07.659;48.8683;2.31142;48.8698;2.30713;48.8668;2.3157;17
13:08:07.847;48.8684;2.31168;48.8699;2.30739;48.8669;2.31595;17
13:08:07.848;48.8684;2.31168;48.8699;2.30739;48.8669;2.31596;17
13:08:08.051;48.8684;2.31172;48.8699;2.30743;48.8669;2.31601;17
13:08:08.051;48.8685;2.31172;48.8699;2.30743;48.867;2.31601;17
13:08:08.125;48.8685;2.31168;48.87;2.30739;48.867;2.31595;17
13:08:34.162;48.8685;2.31166;48.87;2.30736;48.867;2.31595;17
13:08:34.162;48.8684;2.31137;48.8699;2.30708;48.8669;2.31564;17
13:08:34.265;48.8682;2.31093;48.8697;2.30664;48.8667;2.31522;17
13:08:34.266;48.8682;2.31068;48.8697;2.3064;48.8667;2.31499;17
13:08:36.378;48.8681;2.31071;48.8696;2.30643;48.8666;2.315;17
13:08:36.614;48.868;2.31056;48.8695;2.30627;48.8665;2.31483;17
13:08:36.614;48.8679;2.31039;48.8694;2.30609;48.8664;2.31467;17
13:08:36.839;48.8679;2.31021;48.8693;2.30592;48.8664;2.31451;17
13:08:36.839;48.8678;2.31004;48.8693;2.30576;48.8663;2.31433;17
13:08:37.059;48.8677;2.30966;48.8692;2.30537;48.8662;2.31393;17
13:08:37.059;48.8676;2.30957;48.8691;2.30528;48.8662;2.31387;17
13:08:37.116;48.8676;2.30957;48.8691;2.30528;48.8662;2.31387;17
13:08:38.230;48.8676;2.30962;48.8691;2.30533;48.8661;2.3139;17
13:08:38.231;48.8675;2.3096;48.8689;2.3053;48.866;2.31389;17
13:08:38.479;48.8673;2.30936;48.8688;2.30507;48.8658;2.31363;17
13:08:38.479;48.8672;2.30907;48.8686;2.30476;48.8657;2.31332;17
13:08:38.698;48.867;2.30855;48.8685;2.30426;48.8655;2.31282;17
13:08:38.698;48.867;2.30844;48.8685;2.30415;48.8655;2.31273;17
13:09:03.836;48.867;2.3094;48.8685;2.30511;48.8656;2.31367;17
13:09:03.837;48.867;2.31;48.8685;2.30571;48.8655;2.31427;17
13:09:04.143;48.867;2.31131;48.8685;2.30702;48.8655;2.3156;17
13:09:04.504;48.867;2.3114;48.8685;2.30711;48.8655;2.31569;17
13:09:04.504;48.8669;2.31206;48.8684;2.30777;48.8654;2.31633;17
13:09:04.872;48.867;2.31267;48.8685;2.30838;48.8655;2.31696;17
13:09:04.872;48.8672;2.31299;48.8687;2.3087;48.8658;2.31728;17
13:09:04.956;48.8678;2.31322;48.8693;2.30893;48.8663;2.31752;17
13:09:05.612;48.8686;2.31279;48.8701;2.3085;48.8671;2.31708;17
13:09:05.612;48.8689;2.31267;48.8704;2.30838;48.8674;2.31696;17
13:09:05.658;48.869;2.31262;48.8705;2.30833;48.8675;2.31691;17
13:09:07.230;48.869;2.31262;48.872;2.30405;48.8661;2.3212;16
13:09:08.971;48.869;2.31262;48.875;2.29546;48.8631;2.32979;15
13:09:13.713;48.8691;2.31319;48.8751;2.29602;48.8632;2.33035;15
13:09:13.714;48.8682;2.31506;48.8742;2.2979;48.8623;2.33223;15
13:09:14.213;48.8668;2.31554;48.8728;2.29837;48.8609;2.3327;15
13:09:14.721;48.8663;2.31575;48.8722;2.29858;48.8603;2.33292;15
13:09:14.722;48.8634;2.31622;48.8694;2.29906;48.8574;2.33339;15
13:09:15.299;48.8619;2.31641;48.8679;2.29922;48.8559;2.33356;15
13:09:15.810;48.8569;2.31726;48.8629;2.30009;48.8509;2.33443;15
13:09:16.964;48.8569;2.3176;48.8629;2.30043;48.8509;2.33476;15
13:09:16.964;48.8573;2.32065;48.8633;2.30348;48.8514;2.33781;15
13:09:17.086;48.8569;2.32224;48.8629;2.30507;48.851;2.3394;15
13:09:18.122;48.8569;2.32236;48.8629;2.30519;48.851;2.33952;15
13:09:18.122;48.8572;2.32442;48.8632;2.30725;48.8512;2.34158;15
13:09:18.236;48.8571;2.32605;48.8631;2.30888;48.8512;2.34322;15
13:09:19.144;48.857;2.32837;48.863;2.3112;48.851;2.34554;15
13:09:19.145;48.8565;2.33014;48.8625;2.31296;48.8505;2.34729;15
13:09:20.870;48.8565;2.33014;48.8595;2.32155;48.8535;2.33871;16
13:09:22.932;48.8565;2.33014;48.858;2.32584;48.855;2.33443;17
13:09:23.839;48.8565;2.33031;48.858;2.32602;48.855;2.33458;17
13:09:23.839;48.8567;2.33057;48.8582;2.32626;48.8552;2.33485;17
13:09:24.198;48.8569;2.33084;48.8584;2.32655;48.8554;2.33513;17
13:09:24.198;48.8569;2.33086;48.8584;2.32657;48.8554;2.33516;17
13:09:24.198;48.8569;2.33084;48.8584;2.32655;48.8554;2.33513;17
13:09:25.002;48.8569;2.3309;48.8584;2.32661;48.8554;2.33519;17
13:09:25.003;48.8574;2.33125;48.8589;2.32695;48.8559;2.33554;17
13:09:25.236;48.8577;2.33127;48.8592;2.32698;48.8562;2.33556;17
13:09:25.237;48.8577;2.33125;48.8592;2.32695;48.8562;2.33554;17
13:09:25.582;48.8577;2.33125;48.8592;2.32695;48.8563;2.33554;17
13:09:25.582;48.8578;2.33125;48.8593;2.32695;48.8563;2.33554;17
13:09:25.649;48.8578;2.33125;48.8593;2.32695;48.8563;2.33554;17
13:09:32.202;48.8578;2.33125;48.8608;2.32266;48.8549;2.33983;16
13:09:34.338;48.8578;2.33125;48.8638;2.31409;48.8519;2.34842;15
13:09:36.426;48.8578;2.33133;48.8638;2.31416;48.8518;2.3485;15
13:09:36.426;48.8591;2.33104;48.8651;2.31387;48.8532;2.34821;15
13:09:36.886;48.8606;2.32996;48.8666;2.31279;48.8546;2.34712;15
13:09:42.905;48.8616;2.3261;48.8676;2.30893;48.8556;2.34326;15
13:09:43.742;48.8628;2.32181;48.8688;2.30464;48.8568;2.33897;15
13:09:46.340;48.8631;2.31958;48.8691;2.30241;48.8572;2.33675;15
13:09:46.340;48.8653;2.31906;48.8713;2.3019;48.8594;2.33623;15
13:09:46.340;48.8672;2.32034;48.8732;2.30318;48.8613;2.33751;15
13:09:48.808;48.8692;2.32053;48.8751;2.30334;48.8632;2.33768;15
13:09:48.808;48.8686;2.32018;48.8746;2.30301;48.8627;2.33734;15
13:09:51.165;48.8686;2.32018;48.8716;2.31158;48.8657;2.32877;16
13:09:52.163;48.8682;2.31715;48.8712;2.30856;48.8652;2.32573;16
13:09:56.348;48.8682;2.31715;48.8697;2.31285;48.8667;2.32144;17
13:09:57.496;48.8681;2.317;48.8696;2.31271;48.8666;2.32129;17
13:09:57.496;48.868;2.31662;48.8695;2.31232;48.8665;2.32088;17
13:09:57.974;48.8679;2.31638;48.8694;2.31209;48.8664;2.32066;17
13:09:59.346;48.8679;2.31638;48.8687;2.31422;48.8672;2.31853;18
13:10:00.354;48.8679;2.31607;48.8686;2.31393;48.8672;2.31821;18
13:10:00.354;48.8679;2.3158;48.8687;2.31366;48.8672;2.31795;18
13:10:00.995;48.8679;2.31528;48.8686;2.31314;48.8671;2.31743;18
13:10:01.542;48.8679;2.31528;48.8686;2.31314;48.8671;2.31743;18
13:10:01.542;48.8678;2.31516;48.8686;2.313;48.8671;2.31731;18
13:10:01.688;48.8678;2.31516;48.8686;2.313;48.8671;2.31728;18
13:10:01.688;48.8678;2.31514;48.8686;2.31299;48.8671;2.31728;18
13:10:02.066;48.8678;2.31511;48.8686;2.31296;48.8671;2.31726;18
13:10:02.066;48.8678;2.31511;48.8686;2.31296;48.8671;2.31723;18
13:10:26.979;48.8678;2.31511;48.8686;2.31296;48.8671;2.31723;18
13:10:26.979;48.8676;2.315;48.8684;2.31285;48.8669;2.31715;18
13:10:27.031;48.8673;2.31488;48.8681;2.31273;48.8666;2.317;18
13:10:28.424;48.8673;2.31488;48.8688;2.31058;48.8658;2.31915;17
13:10:29.802;48.8673;2.3149;48.8688;2.31061;48.8658;2.31918;17
13:10:32.885;48.8669;2.31505;48.8684;2.31076;48.8654;2.31934;17
13:10:32.886;48.8667;2.31506;48.8682;2.31078;48.8652;2.31937;17
13:10:33.746;48.8667;2.31506;48.8697;2.30649;48.8637;2.32365;16
13:10:33.746;48.8667;2.31506;48.8727;2.2979;48.8607;2.33223;15
13:10:33.747;48.8667;2.31506;48.8786;2.28073;48.8548;2.3494;14
13:10:33.747;48.8667;2.31506;48.8906;2.2464;48.8428;2.38373;13
13:10:34.029;48.8667;2.31506;48.9144;2.17773;48.8189;2.45239;12
13:10:34.861;48.8667;2.31506;48.8906;2.2464;48.8428;2.38373;13
13:10:35.716;48.8667;2.31506;48.8786;2.28073;48.8548;2.3494;14
13:10:36.647;48.8667;2.31636;48.8786;2.28203;48.8548;2.35069;14
13:10:36.647;48.8662;2.32048;48.8782;2.28615;48.8543;2.35481;14
13:10:36.751;48.8657;2.32751;48.8776;2.29318;48.8537;2.36185;14
13:10:37.488;48.8661;2.32967;48.878;2.29533;48.8541;2.364;14
13:10:37.488;48.8657;2.33275;48.8777;2.29842;48.8538;2.36708;14
13:10:37.570;48.8651;2.34004;48.8771;2.30571;48.8532;2.37437;14
13:10:37.570;48.866;2.34322;48.8779;2.30888;48.854;2.37755;14
13:10:37.570;48.8665;2.34546;48.8785;2.31113;48.8546;2.37979;14
13:10:38.005;48.8651;2.34752;48.877;2.31319;48.8531;2.38185;14
13:10:38.006;48.8625;2.34975;48.8745;2.31541;48.8506;2.38408;14
13:10:38.149;48.86;2.35172;48.872;2.31738;48.8481;2.38605;14
13:10:39.635;48.86;2.35197;48.8719;2.31764;48.848;2.38631;14
13:10:39.636;48.8598;2.35233;48.8717;2.31799;48.8479;2.38666;14
13:10:39.669;48.8591;2.35301;48.871;2.31868;48.8471;2.38734;14
13:10:39.669;48.8582;2.35352;48.8702;2.31918;48.8463;2.38785;14
13:10:39.856;48.8557;2.35455;48.8677;2.32022;48.8438;2.38889;14
13:10:39.856;48.8549;2.35481;48.8669;2.32048;48.843;2.38914;14
13:10:39.943;48.8536;2.35507;48.8655;2.32074;48.8417;2.3894;14
13:10:40.028;48.8536;2.35498;48.8655;2.32065;48.8417;2.38931;14
13:10:41.057;48.8536;2.35498;48.8655;2.32065;48.8417;2.38931;14
13:10:41.057;48.8536;2.35558;48.8655;2.32124;48.8417;2.38991;14
13:10:41.105;48.8542;2.35764;48.8662;2.3233;48.8423;2.39197;14
13:10:41.105;48.8542;2.35806;48.8662;2.32373;48.8423;2.3924;14
13:10:41.309;48.8546;2.36047;48.8666;2.32614;48.8427;2.39481;14
13:10:41.309;48.8548;2.36133;48.8668;2.327;48.8429;2.39566;14
13:10:41.518;48.8549;2.3627;48.8668;2.32837;48.843;2.39703;14
13:10:41.519;48.8549;2.36296;48.8669;2.32863;48.843;2.39729;14
13:10:41.519;48.8549;2.36313;48.8669;2.3288;48.843;2.39746;14
13:10:43.139;48.8549;2.36313;48.8609;2.34596;48.849;2.38029;15
13:10:45.160;48.8549;2.36313;48.8579;2.35455;48.852;2.37172;16
13:10:46.111;48.8548;2.36218;48.8578;2.35361;48.8518;2.37077;16
13:10:46.111;48.8545;2.36046;48.8575;2.35187;48.8515;2.36902;16
13:10:47.689;48.8532;2.35953;48.8562;2.35095;48.8502;2.36812;16
13:10:48.317;48.8523;2.35861;48.8553;2.35002;48.8493;2.36717;16
13:10:48.318;48.8523;2.35857;48.8553;2.34998;48.8493;2.36713;16
13:10:49.987;48.852;2.35895;48.855;2.35037;48.849;2.36751;16
13:10:49.987;48.8518;2.3591;48.8548;2.35051;48.8488;2.36768;16
13:10:50.049;48.8515;2.35941;48.8545;2.35081;48.8485;2.36798;16
13:10:50.845;48.8515;2.35941;48.853;2.3551;48.85;2.36369;17
13:10:51.823;48.8515;2.35938;48.853;2.35509;48.85;2.36365;17
13:10:51.823;48.8517;2.35909;48.8532;2.35478;48.8502;2.36337;17
13:10:51.911;48.8518;2.3589;48.8533;2.35461;48.8503;2.3632;17
13:10:52.708;48.8518;2.3589;48.8533;2.35461;48.8503;2.3632;17
13:10:52.709;48.8518;2.35872;48.8534;2.35442;48.8504;2.36301;17
13:10:52.866;48.8522;2.35828;48.8537;2.35399;48.8507;2.36258;17
13:10:53.505;48.8522;2.35831;48.8537;2.35402;48.8507;2.36258;17
13:10:53.505;48.8523;2.35799;48.8538;2.3537;48.8508;2.36227;17
13:10:53.576;48.8523;2.35783;48.8538;2.35355;48.8508;2.36211;17
13:10:54.712;48.8523;2.35783;48.8531;2.35568;48.8516;2.35995;18
13:10:56.012;48.8523;2.35783;48.8531;2.35568;48.8516;2.35995;18
13:10:56.012;48.8523;2.35768;48.8531;2.35553;48.8516;2.35983;18
13:10:56.425;48.8522;2.35725;48.853;2.3551;48.8515;2.35941;18
13:10:56.425;48.8522;2.35715;48.8529;2.355;48.8514;2.35927;18
13:10:57.080;48.8522;2.35713;48.8529;2.35498;48.8514;2.35927;18
13:10:57.080;48.8521;2.35687;48.8529;2.35472;48.8514;2.35901;18
13:10:57.177;48.8521;2.35666;48.8528;2.35451;48.8513;2.3588;18
13:10:57.717;48.8521;2.35666;48.8528;2.35451;48.8513;2.3588;18
13:10:57.717;48.852;2.35663;48.8527;2.35449;48.8512;2.35878;18
13:10:57.958;48.8518;2.35648;48.8526;2.35434;48.8511;2.35863;18
13:10:57.958;48.8518;2.35645;48.8525;2.35429;48.851;2.35858;18
13:10:58.363;48.8518;2.35645;48.8525;2.35429;48.851;2.35858;18
13:10:58.363;48.8517;2.35645;48.8524;2.35429;48.8509;2.35858;18
13:10:58.519;48.8515;2.35637;48.8523;2.35423;48.8508;2.35852;18
13:10:59.432;48.8515;2.35637;48.8523;2.35423;48.8508;2.35852;18
13:10:59.433;48.8518;2.3564;48.8526;2.35425;48.8511;2.35852;18
13:10:59.908;48.8519;2.35637;48.8527;2.35423;48.8512;2.35852;18
13:11:00.143;48.8523;2.35645;48.8531;2.35429;48.8516;2.35857;18
13:11:00.871;48.8523;2.35645;48.8538;2.35214;48.8509;2.3607;17
13:11:01.604;48.8523;2.35645;48.8553;2.34785;48.8494;2.36501;16
13:11:02.313;48.8523;2.35635;48.8553;2.34776;48.8493;2.36493;16
13:11:02.314;48.8528;2.35532;48.8558;2.34674;48.8498;2.36389;16
13:11:02.381;48.8531;2.35463;48.8561;2.34605;48.8501;2.36322;16
13:11:03.466;48.8531;2.35463;48.8561;2.34605;48.8501;2.36322;16
13:11:03.466;48.8531;2.35455;48.8561;2.34596;48.8502;2.36311;16
13:11:04.018;48.8533;2.35323;48.8563;2.34464;48.8504;2.3618;16
13:11:04.768;48.8534;2.35257;48.8564;2.34399;48.8504;2.36116;16
13:11:04.768;48.8535;2.35223;48.8565;2.34364;48.8505;2.36079;16
13:11:04.769;48.8536;2.35193;48.8566;2.34335;48.8506;2.36052;16
13:11:05.457;48.8538;2.35167;48.8568;2.34309;48.8508;2.36023;16
13:11:05.457;48.8539;2.35159;48.8569;2.343;48.8509;2.36015;16
13:11:05.961;48.8541;2.35141;48.8571;2.34283;48.8512;2.35999;16
13:11:05.962;48.8543;2.35133;48.8573;2.34274;48.8513;2.35989;16
13:11:06.279;48.8544;2.35124;48.8574;2.34267;48.8514;2.35983;16
13:11:08.120;48.8544;2.35069;48.8574;2.3421;48.8515;2.35927;16
13:11:10.378;48.8544;2.35069;48.8559;2.34639;48.853;2.35498;17
13:11:11.523;48.8544;2.35069;48.8559;2.34639;48.8529;2.35498;17
13:11:11.523;48.8545;2.35049;48.856;2.34621;48.853;2.35478;17
13:11:11.594;48.8545;2.35023;48.856;2.34595;48.853;2.35452;17
13:11:15.370;48.8545;2.35023;48.856;2.34595;48.853;2.35452;17
13:11:15.370;48.8548;2.35002;48.8562;2.34573;48.8533;2.35431;17
13:11:15.619;48.8548;2.34981;48.8563;2.34552;48.8533;2.3541;17
13:11:15.620;48.8547;2.3497;48.8562;2.34541;48.8532;2.35399;17
13:11:16.043;48.8546;2.34969;48.8561;2.34538;48.8531;2.35397;17
13:11:17.268;48.8547;2.34958;48.8562;2.34528;48.8532;2.35384;17
13:11:17.268;48.8547;2.34937;48.8562;2.34506;48.8532;2.35365;17
13:11:17.753;48.8542;2.34923;48.8557;2.34494;48.8527;2.35352;17
13:11:17.754;48.854;2.34918;48.8555;2.34489;48.8526;2.35345;17
13:11:18.064;48.854;2.34914;48.8555;2.34485;48.8525;2.35344;17
13:11:18.183;48.8535;2.34895;48.855;2.34467;48.8521;2.35324;17
13:11:19.714;48.8531;2.34882;48.8546;2.34453;48.8516;2.35312;17
13:11:19.715;48.8531;2.34879;48.8545;2.34448;48.8516;2.35307;17
13:11:20.725;48.853;2.34885;48.8545;2.34454;48.8516;2.35313;17
13:11:20.726;48.8533;2.34889;48.8548;2.34459;48.8518;2.35318;17
13:11:20.809;48.8537;2.34875;48.8552;2.34447;48.8522;2.35304;17
13:11:21.299;48.8537;2.34885;48.8552;2.34454;48.8522;2.35312;17
13:11:21.299;48.8539;2.34889;48.8554;2.34459;48.8525;2.35318;17
13:11:21.384;48.8544;2.34871;48.8559;2.34442;48.8529;2.35301;17
13:11:21.842;48.8544;2.3488;48.8559;2.34451;48.8529;2.35307;17
13:11:21.843;48.8548;2.34889;48.8563;2.34459;48.8533;2.35318;17
13:11:21.914;48.8549;2.34889;48.8564;2.34459;48.8534;2.35318;17
13:11:23.448;48.8549;2.34889;48.8556;2.34674;48.8542;2.35103;18
13:11:24.167;48.8549;2.34889;48.8556;2.34674;48.8541;2.35103;18
13:11:24.167;48.8549;2.3488;48.8557;2.34665;48.8542;2.35095;18
13:11:24.482;48.855;2.34863;48.8557;2.34648;48.8542;2.35077;18
13:11:36.948;48.855;2.34863;48.8565;2.34433;48.8535;2.35292;17
13:11:39.517;48.8549;2.34863;48.8564;2.34433;48.8534;2.35292;17
13:11:39.518;48.8547;2.3488;48.8562;2.34451;48.8532;2.35307;17
13:11:39.721;48.8545;2.34886;48.856;2.34457;48.853;2.35315;17
13:11:39.721;48.8544;2.34889;48.8559;2.34459;48.8529;2.35318;17
13:11:55.611;48.8544;2.34889;48.8559;2.34459;48.8529;2.35318;17
13:11:55.612;48.8545;2.3488;48.856;2.34451;48.853;2.35309;17
13:11:55.924;48.8546;2.34874;48.8561;2.34444;48.8531;2.35303;17
13:11:55.924;48.8547;2.34871;48.8562;2.34442;48.8532;2.35298;17
13:11:56.198;48.8548;2.34869;48.8562;2.34441;48.8533;2.35298;17
13:11:56.198;48.8548;2.34871;48.8563;2.34442;48.8533;2.35301;17
13:11:56.298;48.8548;2.34866;48.8563;2.34438;48.8534;2.35297;17
13:11:58.971;48.8548;2.34866;48.8563;2.34438;48.8533;2.35297;17
13:11:58.971;48.855;2.34854;48.8565;2.34425;48.8535;2.35283;17
13:11:59.197;48.8554;2.34833;48.8569;2.34404;48.8539;2.35262;17
13:11:59.198;48.8555;2.34821;48.857;2.3439;48.8541;2.35249;17
13:11:59.988;48.8555;2.34821;48.857;2.3439;48.854;2.35249;17
13:11:59.988;48.8554;2.34854;48.8569;2.34425;48.8539;2.35281;17
13:12:00.245;48.8553;2.34892;48.8568;2.34464;48.8538;2.3532;17
13:12:00.246;48.8552;2.34917;48.8567;2.34488;48.8537;2.35345;17
13:12:00.359;48.8552;2.34921;48.8567;2.34491;48.8537;2.3535;17
13:12:01.714;48.8552;2.34924;48.8567;2.34496;48.8537;2.35355;17
13:12:01.715;48.855;2.34979;48.8565;2.34549;48.8535;2.35405;17
13:12:01.775;48.8548;2.35022;48.8563;2.34592;48.8533;2.35451;17
13:12:02.978;48.8548;2.35022;48.8563;2.34592;48.8533;2.35451;17
13:12:02.979;48.8546;2.35043;48.8561;2.34615;48.8531;2.35472;17
13:12:03.038;48.8546;2.35048;48.8561;2.34618;48.8531;2.35474;17
13:12:03.526;48.8546;2.35045;48.8561;2.34616;48.8531;2.35474;17
13:12:13.214;48.8546;2.35045;48.8553;2.34831;48.8538;2.3526;18
13:12:13.978;48.8549;2.35045;48.8556;2.34831;48.8542;2.35257;18
13:12:34.713;48.8549;2.35045;48.8564;2.34616;48.8534;2.35472;17
13:12:35.511;48.8549;2.35045;48.8579;2.34187;48.8519;2.35901;16
13:12:54.379;48.8549;2.35045;48.8609;2.33328;48.8489;2.3676;15
13:12:55.795;48.8549;2.35045;48.8669;2.31612;48.843;2.38477;14
13:13:02.119;48.8549;2.35045;48.8668;2.31612;48.8429;2.38477;14
13:13:02.119;48.8545;2.35045;48.8664;2.31612;48.8425;2.38477;14
13:13:02.157;48.8531;2.34865;48.865;2.31432;48.8411;2.38297;14
13:13:02.157;48.8527;2.34813;48.8646;2.3138;48.8408;2.38245;14
13:13:02.290;48.8521;2.34659;48.864;2.31226;48.8401;2.38091;14
13:13:02.290;48.8516;2.34573;48.8636;2.3114;48.8397;2.38004;14
13:13:02.383;48.8514;2.3447;48.8633;2.31036;48.8395;2.37901;14
13:13:03.088;48.8514;2.34453;48.8633;2.3102;48.8395;2.37885;14
13:13:03.088;48.8515;2.3447;48.8635;2.31036;48.8396;2.37901;14
13:13:03.146;48.8531;2.34273;48.8651;2.3084;48.8412;2.37704;14
13:13:03.146;48.8535;2.34221;48.8654;2.30788;48.8415;2.37653;14
13:13:03.320;48.8544;2.34119;48.8663;2.30685;48.8424;2.37549;14
13:13:03.320;48.855;2.3405;48.867;2.30617;48.8431;2.3748;14
13:13:03.409;48.857;2.33981;48.8689;2.30548;48.8451;2.37411;14
13:13:04.883;48.858;2.33818;48.8699;2.30385;48.8461;2.37248;14
13:13:04.884;48.8582;2.33792;48.8701;2.30359;48.8462;2.37224;14
13:13:05.063;48.8598;2.33655;48.8718;2.30222;48.8479;2.37086;14
13:13:05.064;48.8603;2.3362;48.8722;2.30186;48.8483;2.37051;14
13:13:05.184;48.8615;2.33543;48.8735;2.3011;48.8496;2.36974;14
13:13:05.184;48.8617;2.33527;48.8736;2.30093;48.8497;2.36957;14
13:13:05.274;48.8619;2.33517;48.8738;2.30084;48.8499;2.36949;14
13:13:16.689;48.8617;2.3356;48.8737;2.30127;48.8498;2.36992;14
13:13:16.689;48.8615;2.3362;48.8735;2.30186;48.8496;2.37051;14
13:13:16.762;48.8612;2.33946;48.8732;2.30513;48.8493;2.37378;14
13:13:16.763;48.8611;2.3405;48.8731;2.30617;48.8492;2.3748;14
13:13:16.869;48.8607;2.34315;48.8726;2.30882;48.8487;2.37747;14
13:13:16.869;48.8603;2.34367;48.8722;2.30934;48.8483;2.37798;14
13:13:16.954;48.86;2.34384;48.872;2.30951;48.8481;2.37816;14
13:13:17.517;48.8599;2.3441;48.8718;2.30977;48.8479;2.37842;14
13:13:17.517;48.8595;2.34436;48.8714;2.31003;48.8475;2.37866;14
13:13:17.572;48.8573;2.34531;48.8692;2.31097;48.8453;2.37961;14
13:13:17.572;48.857;2.34564;48.8689;2.31131;48.8451;2.37996;14
13:13:17.720;48.8551;2.34763;48.8671;2.31329;48.8432;2.38193;14
13:13:17.720;48.854;2.34796;48.8659;2.31363;48.842;2.38228;14
13:13:17.720;48.8538;2.34813;48.8658;2.3138;48.8419;2.38245;14
13:13:37.752;48.8538;2.34813;48.8658;2.3138;48.8419;2.38245;14
13:13:37.752;48.8546;2.34813;48.8665;2.3138;48.8426;2.38245;14
13:13:37.788;48.8553;2.34737;48.8672;2.31303;48.8433;2.38167;14
13:13:37.789;48.8555;2.34625;48.8674;2.31192;48.8435;2.38055;14
13:13:37.917;48.8543;2.34195;48.8662;2.30762;48.8423;2.37627;14
13:13:37.917;48.8535;2.33801;48.8654;2.30368;48.8415;2.37231;14
13:13:38.066;48.8538;2.33337;48.8658;2.29904;48.8419;2.36768;14
13:13:38.066;48.8539;2.33011;48.8659;2.29578;48.842;2.36443;14
13:13:38.706;48.8541;2.33011;48.8661;2.29578;48.8422;2.36443;14
13:13:38.706;48.8554;2.32899;48.8673;2.29466;48.8434;2.36331;14
13:13:38.762;48.8569;2.32556;48.8689;2.29123;48.845;2.35988;14
13:13:38.762;48.8574;2.32384;48.8693;2.28951;48.8454;2.35815;14
13:13:38.896;48.8582;2.32076;48.8701;2.28642;48.8462;2.35507;14
13:13:38.896;48.8589;2.31972;48.8708;2.28539;48.847;2.35403;14
13:13:42.807;48.8589;2.31972;48.8828;2.25105;48.835;2.38837;13
13:13:43.799;48.8589;2.31972;48.8708;2.28539;48.847;2.35403;14
13:13:44.486;48.8589;2.31972;48.8649;2.30255;48.8529;2.33687;15
13:13:46.869;48.8589;2.31981;48.8648;2.30264;48.8529;2.33696;15
13:13:46.869;48.8578;2.31976;48.8638;2.3026;48.8519;2.33691;15
13:13:46.993;48.8578;2.31969;48.8638;2.30252;48.8519;2.33682;15
13:13:47.462;48.8578;2.31969;48.8638;2.30252;48.8519;2.33682;15
13:13:47.463;48.8579;2.31964;48.8638;2.30247;48.8519;2.33678;15
13:13:47.728;48.8579;2.31964;48.8638;2.30247;48.8519;2.33678;15
13:13:48.088;48.8579;2.31964;48.8638;2.30247;48.8519;2.33678;15
13:13:48.088;48.8579;2.31964;48.8638;2.30247;48.8519;2.33678;15
13:13:48.658;48.8579;2.31964;48.8638;2.30247;48.8519;2.33678;15
13:13:48.658;48.8579;2.31964;48.8638;2.30247;48.8519;2.33678;15
13:13:49.018;48.8579;2.31976;48.8639;2.3026;48.852;2.33691;15
13:13:49.018;48.8583;2.31985;48.8642;2.30269;48.8523;2.33701;15
13:13:50.823;48.8583;2.31985;48.8612;2.31126;48.8553;2.32841;16
13:13:51.713;48.8583;2.31969;48.8612;2.3111;48.8553;2.32825;16
13:13:51.714;48.8589;2.31892;48.8619;2.31035;48.8559;2.32751;16
13:13:52.574;48.8589;2.31892;48.8619;2.31035;48.8559;2.32751;16
13:13:52.574;48.8589;2.31895;48.8619;2.31036;48.8559;2.32751;16
13:13:52.901;48.8591;2.31886;48.8621;2.31029;48.8561;2.32742;16
13:13:52.901;48.86;2.3187;48.863;2.3101;48.857;2.32726;16
13:13:53.015;48.8606;2.31857;48.8636;2.30998;48.8576;2.32713;16
13:13:53.830;48.8606;2.31859;48.8636;2.31;48.8576;2.32716;16
13:13:53.830;48.8609;2.31863;48.8639;2.31004;48.8579;2.32721;16
13:13:54.087;48.8611;2.3186;48.8641;2.31003;48.8581;2.32716;16
13:13:54.087;48.8611;2.3186;48.8641;2.31003;48.8581;2.32716;16
13:13:54.208;48.8612;2.31859;48.8642;2.31;48.8582;2.32716;16
13:13:56.705;48.8611;2.31859;48.8641;2.31;48.8582;2.32716;16
13:13:56.705;48.8606;2.3185;48.8636;2.30992;48.8576;2.32709;16
13:13:56.796;48.8605;2.31842;48.8635;2.30983;48.8575;2.327;16
13:13:57.517;48.8605;2.31842;48.8635;2.30983;48.8575;2.327;16
13:13:57.517;48.8601;2.31845;48.8631;2.30988;48.8571;2.32704;16
13:13:57.846;48.8596;2.31839;48.8626;2.30981;48.8567;2.32695;16
13:13:57.846;48.8592;2.31828;48.8622;2.30971;48.8562;2.32687;16
13:13:57.964;48.8592;2.31824;48.8622;2.30966;48.8562;2.32683;16
13:14:15.954;48.8592;2.31824;48.8622;2.30966;48.8562;2.32683;16
13:14:15.955;48.8601;2.31865;48.8631;2.31007;48.8571;2.32721;16
13:14:16.189;48.8614;2.31897;48.8644;2.31039;48.8585;2.32756;16
13:14:16.189;48.8615;2.31897;48.8644;2.31039;48.8585;2.32756;16
13:14:51.642;48.8614;2.31902;48.8644;2.31044;48.8584;2.32761;16
13:14:51.642;48.8606;2.3179;48.8635;2.30931;48.8576;2.32648;16
13:14:51.947;48.8592;2.31564;48.8622;2.30707;48.8563;2.3242;16
13:14:51.948;48.8591;2.31543;48.862;2.30685;48.8561;2.32399;16
13:14:53.618;48.8591;2.31543;48.865;2.29826;48.8531;2.33258;15
13:14:55.725;48.859;2.31607;48.865;2.2989;48.853;2.33322;15
13:14:55.725;48.8587;2.31538;48.8646;2.29822;48.8527;2.33253;15
13:14:56.338;48.8579;2.31432;48.8639;2.29715;48.852;2.33147;15
13:14:56.338;48.8574;2.31372;48.8633;2.29655;48.8514;2.33086;15
13:14:56.338;48.8571;2.31308;48.863;2.29591;48.8511;2.33022;15
13:14:56.783;48.8566;2.31235;48.8625;2.29518;48.8506;2.32948;15
13:14:56.784;48.8564;2.31216;48.8624;2.295;48.8504;2.32932;15
13:14:58.189;48.8564;2.31242;48.8624;2.29526;48.8504;2.32957;15
13:14:58.189;48.8563;2.31204;48.8623;2.29488;48.8503;2.32919;15
13:14:58.634;48.8563;2.31055;48.8622;2.29338;48.8503;2.32768;15
13:14:58.634;48.8561;2.30899;48.8621;2.29182;48.8502;2.32614;15
13:14:59.190;48.8562;2.30797;48.8622;2.2908;48.8502;2.3251;15
13:14:59.190;48.8563;2.3074;48.8623;2.29024;48.8504;2.32455;15
13:14:59.376;48.8564;2.30719;48.8624;2.29002;48.8504;2.32434;15
13:15:01.306;48.8564;2.30719;48.8683;2.27286;48.8444;2.34151;14
13:15:02.920;48.8564;2.30719;48.8803;2.23853;48.8325;2.37584;13
13:15:40.801;48.8564;2.30719;48.8683;2.27286;48.8444;2.34151;14
13:15:41.259;48.8564;2.30719;48.8624;2.29002;48.8504;2.32434;15
13:15:41.931;48.8564;2.30719;48.8594;2.29861;48.8534;2.31575;16
13:15:42.043;48.8583;2.3087;48.8613;2.30011;48.8553;2.31726;16
13:15:43.446;48.8582;2.30862;48.8612;2.30005;48.8552;2.31721;16
13:15:43.447;48.8575;2.30844;48.8605;2.29985;48.8545;2.317;16
13:15:43.517;48.8573;2.30844;48.8603;2.29985;48.8544;2.317;16
13:15:43.899;48.8572;2.30849;48.8602;2.2999;48.8542;2.31705;16
13:15:43.900;48.8566;2.3085;48.8595;2.29993;48.8536;2.31708;16
13:15:43.975;48.8557;2.30823;48.8587;2.29964;48.8527;2.31679;16
13:15:44.404;48.8557;2.30824;48.8587;2.29967;48.8527;2.31683;16
13:15:44.405;48.855;2.30838;48.858;2.29979;48.852;2.31696;16
13:15:44.565;48.8549;2.30835;48.8579;2.29977;48.852;2.31691;16
