13:21:04.679;48.8561;2.34283;48.9038;2.20551;48.8083;2.48016;12
13:21:04.724;48.8581;2.32806;48.9059;2.19073;48.8103;2.46539;12
13:21:04.813;48.8592;2.31366;48.907;2.17633;48.8114;2.45099;12
13:21:04.813;48.8595;2.31091;48.9072;2.17358;48.8117;2.44824;12
13:21:04.891;48.8606;2.30405;48.9083;2.16672;48.8128;2.44138;12
13:21:04.967;48.861;2.29889;48.9088;2.16156;48.8133;2.43622;12
13:21:05.046;48.8608;2.29683;48.9086;2.1595;48.813;2.43416;12
13:21:05.046;48.8595;2.29648;48.9072;2.15915;48.8117;2.43381;12
13:21:05.120;48.8579;2.29648;48.9056;2.15915;48.8101;2.43381;12
13:21:05.922;48.8574;2.29683;48.9052;2.1595;48.8096;2.43416;12
13:21:05.981;48.8477;2.3013;48.8955;2.16397;48.7999;2.43863;12
13:21:06.082;48.8428;2.30095;48.8905;2.16362;48.7949;2.43828;12
13:21:06.082;48.8428;2.30095;48.8905;2.16362;48.7949;2.43828;12
13:21:06.212;48.8425;2.3006;48.8903;2.16327;48.7947;2.43793;12
13:21:06.213;48.8423;2.3013;48.8901;2.16397;48.7945;2.43863;12
13:21:06.293;48.8423;2.30267;48.8901;2.16534;48.7945;2.44;12
13:21:06.407;48.8446;2.29683;48.8923;2.1595;48.7967;2.43416;12
13:21:06.480;48.845;2.29752;48.8928;2.16019;48.7972;2.43484;12
13:21:06.480;48.8475;2.29614;48.8952;2.15881;48.7997;2.43347;12
13:21:06.550;48.8498;2.29785;48.8975;2.16052;48.8019;2.43518;12
13:21:06.626;48.8509;2.29785;48.8986;2.16052;48.8031;2.43518;12
13:21:06.626;48.8513;2.29752;48.8991;2.16019;48.8035;2.43484;12
13:21:06.690;48.8529;2.29648;48.9007;2.15915;48.8051;2.43381;12
13:21:13.897;48.8529;2.29648;48.8768;2.22781;48.829;2.36514;13
13:21:14.533;48.8529;2.29648;48.8649;2.26215;48.841;2.33081;14
13:21:14.848;48.8529;2.29581;48.8648;2.26147;48.8409;2.33014;14
13:21:15.797;48.8528;2.29588;48.8647;2.26155;48.8409;2.33022;14
13:21:15.797;48.851;2.29529;48.8629;2.26096;48.8391;2.32962;14
13:21:15.828;48.8505;2.29417;48.8624;2.25984;48.8385;2.32851;14
13:21:16.680;48.8505;2.29417;48.8624;2.25984;48.8385;2.32851;14
13:21:16.680;48.8499;2.29366;48.8618;2.25932;48.8379;2.32799;14
13:21:16.882;48.8466;2.2916;48.8585;2.25726;48.8346;2.32593;14
13:21:16.882;48.8444;2.28928;48.8564;2.25494;48.8325;2.32361;14
13:21:16.942;48.8416;2.28712;48.8535;2.25279;48.8296;2.32146;14
13:21:24.051;48.8416;2.28712;48.8475;2.26996;48.8356;2.30429;15
13:21:24.964;48.8416;2.28712;48.8445;2.27855;48.8386;2.29572;16
13:21:26.562;48.8416;2.28712;48.8475;2.26996;48.8356;2.30429;15
13:21:27.637;48.8416;2.28712;48.8535;2.25279;48.8296;2.32146;14
13:21:28.097;48.8397;2.28163;48.8517;2.2473;48.8278;2.31596;14
13:21:28.097;48.8381;2.27623;48.8501;2.2419;48.8262;2.31056;14
13:21:28.460;48.8364;2.27116;48.8483;2.23683;48.8244;2.3055;14
13:21:28.460;48.8357;2.26636;48.8477;2.23203;48.8238;2.30069;14
13:21:28.548;48.8358;2.26534;48.8477;2.231;48.8238;2.29967;14
13:21:29.198;48.8358;2.26534;48.8597;2.19667;48.8119;2.334;13
13:21:29.628;48.8364;2.26515;48.8602;2.19649;48.8125;2.33382;13
13:21:29.629;48.8405;2.2607;48.8644;2.19203;48.8166;2.32936;13
13:21:29.835;48.8437;2.25262;48.8676;2.18396;48.8198;2.32129;13
13:21:29.836;48.8442;2.25177;48.868;2.18311;48.8203;2.32043;13
13:21:30.563;48.8446;2.25125;48.8685;2.18259;48.8207;2.31992;13
13:21:30.563;48.8447;2.24886;48.8686;2.18019;48.8208;2.31752;13
13:21:30.635;48.8434;2.23735;48.8673;2.16869;48.8195;2.30602;13
13:21:30.635;48.8419;2.23392;48.8658;2.16525;48.818;2.30258;13
13:21:30.820;48.8395;2.22653;48.8634;2.15787;48.8156;2.2952;13
13:21:30.821;48.8394;2.22327;48.8633;2.1546;48.8155;2.29193;13
13:21:31.148;48.8419;2.21864;48.8658;2.14998;48.818;2.28731;13
13:21:31.149;48.844;2.21796;48.8679;2.14929;48.8201;2.28662;13
13:21:31.185;48.8489;2.21777;48.8728;2.14911;48.825;2.28644;13
13:21:31.757;48.8495;2.21829;48.8733;2.14963;48.8256;2.28696;13
13:21:31.757;48.8504;2.22258;48.8743;2.15392;48.8265;2.29124;13
13:21:31.933;48.852;2.23444;48.8758;2.16577;48.8281;2.3031;13
13:21:31.933;48.852;2.23494;48.8758;2.16628;48.8281;2.3036;13
13:21:32.009;48.8525;2.2365;48.8764;2.16783;48.8286;2.30516;13
13:21:32.009;48.8521;2.23581;48.8759;2.16714;48.8282;2.30447;13
13:21:32.930;48.8521;2.23581;48.864;2.20148;48.8401;2.27014;14
13:21:33.406;48.852;2.23555;48.8639;2.20122;48.84;2.26988;14
13:21:33.734;48.8498;2.23958;48.8618;2.20525;48.8379;2.27391;14
13:21:33.734;48.8463;2.24413;48.8582;2.20979;48.8344;2.27846;14
13:21:34.764;48.8463;2.24413;48.8582;2.20979;48.8344;2.27846;14
13:21:34.765;48.8452;2.24602;48.8571;2.21169;48.8332;2.28035;14
13:21:34.828;48.8444;2.24971;48.8563;2.21538;48.8324;2.28404;14
13:21:36.611;48.8444;2.24971;48.8504;2.23254;48.8384;2.26688;15
13:21:37.406;48.8444;2.25005;48.8504;2.23288;48.8384;2.26721;15
13:21:37.407;48.8443;2.25142;48.8503;2.23425;48.8383;2.26859;15
13:21:39.265;48.8443;2.25151;48.8503;2.23434;48.8383;2.26868;15
13:21:39.699;48.8411;2.25404;48.8471;2.23688;48.8351;2.27121;15
13:21:39.699;48.8408;2.2543;48.8468;2.23714;48.8348;2.27147;15
13:21:40.501;48.8408;2.2543;48.8527;2.21997;48.8288;2.28864;14
13:21:41.314;48.8424;2.25267;48.8543;2.21834;48.8304;2.287;14
13:21:41.314;48.8466;2.24881;48.8586;2.21448;48.8347;2.28314;14
13:21:41.660;48.8483;2.24692;48.8602;2.21259;48.8364;2.28125;14
13:21:56.413;48.8486;2.24649;48.8605;2.21216;48.8366;2.28082;14
13:21:56.413;48.8496;2.24477;48.8615;2.21043;48.8377;2.2791;14
13:21:56.671;48.8518;2.24228;48.8638;2.20795;48.8399;2.27661;14
13:21:56.671;48.8528;2.24133;48.8647;2.207;48.8408;2.27567;14
13:21:57.010;48.8538;2.24031;48.8657;2.20598;48.8418;2.27464;14
13:21:57.010;48.8544;2.23962;48.8663;2.20529;48.8425;2.27396;14
13:21:57.258;48.8549;2.23953;48.8669;2.2052;48.843;2.27386;14
13:21:57.258;48.8549;2.23979;48.8669;2.20546;48.843;2.27412;14
13:21:57.930;48.8548;2.24194;48.8667;2.20761;48.8428;2.27628;14
13:21:57.930;48.8548;2.24426;48.8667;2.20993;48.8429;2.27859;14
13:21:58.134;48.8563;2.24486;48.8682;2.21053;48.8443;2.27919;14
13:21:58.134;48.8576;2.24408;48.8695;2.20975;48.8456;2.27841;14
13:21:58.422;48.859;2.24417;48.8709;2.20984;48.847;2.2785;14
13:21:58.422;48.8593;2.24417;48.8713;2.20984;48.8474;2.2785;14
13:21:58.616;48.8595;2.24417;48.8714;2.20984;48.8475;2.2785;14
13:21:59.036;48.8595;2.24452;48.8714;2.21019;48.8475;2.27885;14
13:21:59.036;48.8606;2.24838;48.8726;2.21405;48.8487;2.28271;14
13:21:59.289;48.8615;2.25156;48.8735;2.21722;48.8496;2.28589;14
13:21:59.289;48.8618;2.25224;48.8737;2.21791;48.8498;2.28658;14
13:21:59.523;48.8622;2.25319;48.8741;2.21886;48.8503;2.28752;14
13:21:59.524;48.8626;2.25319;48.8745;2.21886;48.8507;2.28752;14
13:21:59.524;48.8636;2.25293;48.8755;2.2186;48.8517;2.28726;14
13:21:59.980;48.8642;2.25319;48.8761;2.21886;48.8522;2.28752;14
13:21:59.980;48.8667;2.25395;48.8786;2.21962;48.8547;2.28828;14
13:22:00.243;48.8694;2.2543;48.8814;2.21997;48.8575;2.28864;14
13:22:00.243;48.8702;2.25456;48.8822;2.22023;48.8583;2.28889;14
13:22:00.274;48.8707;2.25473;48.8827;2.2204;48.8588;2.28906;14
13:22:00.391;48.8707;2.25473;48.8827;2.2204;48.8588;2.28906;14
13:22:00.676;48.8707;2.25473;48.8827;2.2204;48.8588;2.28906;14
13:22:00.676;48.8707;2.25456;48.8827;2.22023;48.8588;2.28889;14
13:22:01.008;48.8709;2.25499;48.8829;2.22066;48.859;2.28932;14
13:22:01.008;48.8699;2.25482;48.8818;2.22049;48.8579;2.28915;14
13:22:01.211;48.8657;2.25533;48.8776;2.22099;48.8537;2.28966;14
13:22:01.212;48.8642;2.25584;48.8762;2.22151;48.8523;2.29018;14
13:22:01.310;48.8607;2.25713;48.8726;2.22279;48.8487;2.29146;14
13:22:01.310;48.8594;2.25833;48.8714;2.224;48.8475;2.29266;14
13:22:01.436;48.858;2.25826;48.87;2.22392;48.8461;2.29259;14
13:22:03.789;48.8585;2.2579;48.8704;2.22357;48.8465;2.29224;14
13:22:03.790;48.8597;2.25627;48.8717;2.22194;48.8478;2.2906;14
13:22:03.920;48.8613;2.25447;48.8732;2.22014;48.8493;2.2888;14
13:22:03.921;48.8619;2.25362;48.8739;2.21928;48.85;2.28795;14
13:22:04.241;48.8623;2.25319;48.8743;2.21886;48.8504;2.28752;14
13:22:04.242;48.8623;2.25345;48.8743;2.21912;48.8504;2.28778;14
13:22:18.012;48.8624;2.25258;48.8744;2.21825;48.8505;2.28691;14
13:22:18.012;48.8643;2.25345;48.8762;2.21912;48.8523;2.28778;14
13:22:18.257;48.8694;2.25293;48.8814;2.2186;48.8575;2.28726;14
13:22:18.258;48.8709;2.25267;48.8828;2.21834;48.859;2.287;14
13:22:18.295;48.8717;2.25319;48.8836;2.21886;48.8597;2.28752;14
13:22:18.728;48.8727;2.25327;48.8846;2.21893;48.8608;2.2876;14
13:22:18.728;48.8749;2.25327;48.8868;2.21893;48.8629;2.2876;14
13:22:19.038;48.8755;2.25319;48.8874;2.21886;48.8635;2.28752;14
13:22:19.039;48.8754;2.25319;48.8873;2.21886;48.8635;2.28752;14
13:22:19.157;48.8755;2.25378;48.8875;2.21945;48.8636;2.28812;14
13:22:19.158;48.8741;2.25482;48.886;2.22049;48.8621;2.28915;14
13:22:19.324;48.8707;2.25507;48.8826;2.22073;48.8587;2.2894;14
13:22:19.324;48.8699;2.25525;48.8819;2.22092;48.858;2.28958;14
13:22:19.484;48.8681;2.25568;48.8801;2.22134;48.8562;2.29001;14
13:22:19.484;48.8681;2.25688;48.88;2.22255;48.8561;2.29121;14
13:22:19.984;48.8677;2.25705;48.8796;2.22272;48.8557;2.29138;14
13:22:19.984;48.8658;2.2585;48.8777;2.22417;48.8538;2.29283;14
13:22:20.210;48.8628;2.26039;48.8748;2.22606;48.8509;2.29472;14
13:22:20.211;48.8616;2.26143;48.8736;2.2271;48.8497;2.29576;14
13:22:20.256;48.8584;2.26297;48.8703;2.22864;48.8464;2.2973;14
13:22:20.694;48.8585;2.26331;48.8705;2.22897;48.8466;2.29764;14
13:22:20.694;48.856;2.26151;48.8679;2.22717;48.844;2.29584;14
13:22:20.923;48.8539;2.26056;48.8658;2.22623;48.842;2.29489;14
13:22:20.923;48.8529;2.26022;48.8648;2.22589;48.8409;2.29456;14
13:22:21.052;48.852;2.26176;48.864;2.22743;48.8401;2.2961;14
13:22:21.550;48.8517;2.26143;48.8636;2.2271;48.8397;2.29576;14
13:22:21.550;48.8498;2.26117;48.8617;2.22684;48.8378;2.2955;14
13:22:21.828;48.8474;2.26108;48.8593;2.22675;48.8355;2.29541;14
13:22:21.828;48.847;2.26134;48.8589;2.22701;48.835;2.29567;14
13:22:21.926;48.8467;2.26193;48.8587;2.2276;48.8348;2.29626;14
13:22:23.983;48.847;2.2616;48.859;2.22726;48.8351;2.29593;14
13:22:23.984;48.8477;2.26065;48.8596;2.22632;48.8357;2.29498;14
13:22:24.250;48.8482;2.25954;48.8601;2.2252;48.8363;2.29387;14
13:22:24.251;48.8485;2.2585;48.8604;2.22417;48.8365;2.29283;14
13:22:24.251;48.8484;2.25876;48.8603;2.22443;48.8364;2.29309;14
13:22:24.325;48.8479;2.2597;48.8598;2.22537;48.8359;2.29404;14
13:22:39.219;48.8477;2.25919;48.8596;2.22485;48.8357;2.29352;14
13:22:39.461;48.852;2.25739;48.8639;2.22305;48.84;2.29172;14
13:22:39.461;48.8537;2.2567;48.8656;2.22237;48.8417;2.29103;14
13:22:39.595;48.8551;2.2561;48.867;2.22177;48.8431;2.29044;14
13:22:39.595;48.8557;2.25558;48.8676;2.22125;48.8438;2.28992;14
13:22:39.715;48.8562;2.25533;48.8681;2.22099;48.8442;2.28966;14
13:22:39.967;48.856;2.25533;48.8679;2.22099;48.844;2.28966;14
13:22:39.967;48.856;2.25542;48.8679;2.22108;48.844;2.28975;14
13:22:40.116;48.8566;2.25601;48.8685;2.22168;48.8447;2.29034;14
13:22:42.814;48.8557;2.2561;48.8676;2.22177;48.8437;2.29044;14
13:22:42.814;48.8533;2.25679;48.8653;2.22246;48.8414;2.29112;14
13:22:43.047;48.8507;2.2579;48.8626;2.22357;48.8387;2.29224;14
13:22:43.047;48.8504;2.25781;48.8623;2.22348;48.8385;2.29214;14
13:22:43.084;48.8504;2.2579;48.8623;2.22357;48.8385;2.29224;14
13:22:46.094;48.8504;2.2579;48.8564;2.24074;48.8444;2.27507;15
13:22:46.695;48.8504;2.2579;48.8534;2.24933;48.8474;2.26649;16
13:22:48.880;48.8504;2.2579;48.8564;2.24074;48.8444;2.27507;15
13:22:50.267;48.8503;2.25821;48.8562;2.24104;48.8443;2.27538;15
13:22:50.267;48.849;2.26228;48.855;2.24512;48.843;2.27945;15
13:22:50.727;48.8486;2.26318;48.8546;2.24602;48.8426;2.28035;15
13:22:50.727;48.8489;2.26335;48.8549;2.24619;48.8429;2.28052;15
13:22:51.408;48.8489;2.26335;48.8518;2.25478;48.8459;2.27194;16
13:22:52.234;48.8489;2.26344;48.8518;2.25485;48.8459;2.27202;16
13:22:52.234;48.8489;2.26451;48.8518;2.25594;48.8459;2.2731;16
13:22:52.660;48.8489;2.2653;48.8519;2.25673;48.846;2.27386;16
13:22:52.660;48.8491;2.26598;48.8521;2.25739;48.8461;2.27455;16
13:22:53.002;48.8493;2.26631;48.8523;2.25774;48.8463;2.2749;16
13:22:54.090;48.8493;2.26631;48.8508;2.26202;48.8478;2.27061;17
13:22:54.806;48.8494;2.26674;48.8509;2.26245;48.8479;2.27104;17
13:22:54.806;48.8494;2.26688;48.8509;2.26259;48.8479;2.27116;17
13:22:55.056;48.8495;2.26709;48.851;2.2628;48.848;2.27138;17
13:22:55.056;48.8496;2.26724;48.8511;2.26295;48.8481;2.27153;17
13:22:55.314;48.8498;2.26758;48.8513;2.26329;48.8483;2.27185;17
13:22:55.314;48.8498;2.26762;48.8513;2.26334;48.8484;2.2719;17
13:22:55.734;48.8499;2.26767;48.8514;2.26338;48.8484;2.27196;17
13:22:55.735;48.8501;2.26822;48.8516;2.26393;48.8486;2.27249;17
13:22:56.040;48.8503;2.26857;48.8517;2.26428;48.8488;2.27286;17
13:22:56.040;48.8503;2.26863;48.8518;2.26434;48.8488;2.27292;17
13:22:56.092;48.8503;2.26866;48.8518;2.26436;48.8488;2.27295;17
13:23:47.821;48.8503;2.26863;48.8518;2.26434;48.8489;2.27292;17
13:23:47.822;48.8505;2.26837;48.852;2.26408;48.8491;2.27267;17
13:23:48.056;48.8507;2.26826;48.8522;2.26398;48.8492;2.27254;17
13:23:48.057;48.8507;2.26826;48.8522;2.26398;48.8493;2.27254;17
13:23:48.341;48.8512;2.26793;48.8527;2.26364;48.8497;2.27222;17
13:23:48.341;48.8514;2.26779;48.8529;2.2635;48.85;2.27209;17
13:23:48.440;48.8516;2.26768;48.8531;2.2634;48.8501;2.27199;17
13:23:48.440;48.8516;2.26773;48.8531;2.26344;48.8501;2.27202;17
13:23:49.144;48.8516;2.26767;48.8531;2.26338;48.8501;2.27194;17
13:23:49.144;48.8518;2.26735;48.8533;2.26306;48.8503;2.27164;17
13:23:49.400;48.8525;2.267;48.854;2.26271;48.851;2.2713;17
13:23:49.400;48.8527;2.26703;48.8542;2.26273;48.8512;2.2713;17
13:23:49.776;48.8528;2.26692;48.8543;2.26262;48.8513;2.27121;17
13:23:49.777;48.8536;2.26649;48.8551;2.26219;48.8522;2.27078;17
13:23:49.917;48.8539;2.26651;48.8554;2.26222;48.8524;2.27078;17
13:23:50.555;48.8539;2.2664;48.8554;2.26212;48.8524;2.27069;17
13:23:50.556;48.8543;2.26591;48.8558;2.26161;48.8528;2.2702;17
13:23:50.588;48.8551;2.26587;48.8566;2.26158;48.8536;2.27016;17
13:23:52.651;48.8551;2.26588;48.8566;2.2616;48.8536;2.27017;17
13:23:52.651;48.855;2.26591;48.8565;2.26161;48.8535;2.2702;17
13:23:52.899;48.8551;2.26593;48.8566;2.26164;48.8536;2.27022;17
13:23:52.899;48.8551;2.26595;48.8565;2.26166;48.8536;2.27022;17
13:23:53.020;48.8551;2.26591;48.8565;2.26161;48.8536;2.2702;17
13:23:53.947;48.8551;2.26591;48.858;2.25732;48.8521;2.27449;16
13:23:54.629;48.8551;2.26591;48.861;2.24875;48.8491;2.28308;15
13:23:56.206;48.8549;2.26591;48.8609;2.24875;48.849;2.28308;15
13:23:56.206;48.8525;2.26677;48.8584;2.2496;48.8465;2.28394;15
13:23:56.320;48.8514;2.26732;48.8574;2.25015;48.8455;2.28448;15
13:23:57.015;48.8519;2.26732;48.8579;2.25015;48.8459;2.28448;15
13:23:57.016;48.8545;2.26753;48.8605;2.25037;48.8485;2.2847;15
13:23:57.132;48.8547;2.2675;48.8607;2.25034;48.8488;2.28467;15
13:23:57.759;48.855;2.26776;48.861;2.2506;48.849;2.28493;15
13:23:57.760;48.8579;2.26909;48.8638;2.25192;48.8519;2.28625;15
13:23:57.864;48.8581;2.26909;48.8641;2.25192;48.8522;2.28625;15
13:23:58.567;48.8583;2.2693;48.8643;2.25214;48.8523;2.28647;15
13:23:58.567;48.8599;2.27162;48.8658;2.25446;48.8539;2.28879;15
13:23:58.854;48.8591;2.27226;48.8651;2.2551;48.8531;2.28943;15
13:23:58.854;48.8566;2.27191;48.8625;2.25475;48.8506;2.28908;15
13:23:59.009;48.8553;2.27209;48.8612;2.25493;48.8493;2.28926;15
13:23:59.546;48.8552;2.27209;48.8611;2.25493;48.8492;2.28926;15
13:23:59.546;48.853;2.27209;48.8589;2.25493;48.847;2.28926;15
13:23:59.678;48.8512;2.27179;48.8572;2.25462;48.8453;2.28896;15
13:24:00.454;48.8512;2.27165;48.8572;2.25449;48.8453;2.28882;15
13:24:00.454;48.85;2.27119;48.856;2.25403;48.844;2.28836;15
13:24:00.673;48.8488;2.27144;48.8548;2.25427;48.8428;2.2886;15
13:24:12.486;48.8488;2.27144;48.8548;2.25427;48.8428;2.2886;15
13:24:12.486;48.8495;2.27132;48.8555;2.25415;48.8436;2.28848;15
13:24:12.599;48.8502;2.27127;48.8562;2.2541;48.8442;2.28844;15
13:24:13.681;48.8502;2.27127;48.8531;2.2627;48.8472;2.27986;16
13:24:14.455;48.8502;2.27127;48.8517;2.26698;48.8487;2.27556;17
13:24:15.017;48.8502;2.27112;48.8517;2.26683;48.8487;2.27542;17
13:24:15.017;48.8502;2.27069;48.8517;2.2664;48.8487;2.27498;17
13:24:15.076;48.8503;2.27025;48.8517;2.26595;48.8488;2.27454;17
13:24:22.837;48.8503;2.27014;48.8517;2.26584;48.8488;2.27443;17
13:24:22.837;48.8508;2.26898;48.8523;2.26468;48.8493;2.27327;17
13:24:22.894;48.851;2.26883;48.8525;2.26454;48.8495;2.2731;17
13:24:23.943;48.851;2.26883;48.854;2.26024;48.848;2.27739;16
13:24:25.324;48.851;2.26883;48.8569;2.25166;48.845;2.28596;15
13:24:26.192;48.851;2.26869;48.8569;2.25153;48.845;2.28584;15
13:24:26.193;48.849;2.26973;48.855;2.25256;48.843;2.28687;15
13:24:26.520;48.8472;2.2708;48.8532;2.25363;48.8412;2.28795;15
13:24:26.520;48.8465;2.27097;48.8524;2.2538;48.8405;2.28812;15
13:24:27.159;48.8453;2.26982;48.8513;2.25266;48.8394;2.28696;15
13:24:27.159;48.8433;2.26814;48.8493;2.25098;48.8374;2.28528;15
13:24:27.247;48.8425;2.26642;48.8485;2.24925;48.8366;2.28357;15
13:24:28.338;48.8425;2.26656;48.8484;2.24939;48.8365;2.28369;15
13:24:28.338;48.842;2.26956;48.8479;2.2524;48.836;2.2867;15
13:24:28.603;48.8419;2.27141;48.8479;2.25424;48.8359;2.28854;15
13:24:28.603;48.8419;2.27222;48.8479;2.25505;48.836;2.28937;15
13:24:28.712;48.842;2.27231;48.8479;2.25514;48.836;2.28944;15
13:24:29.172;48.842;2.27238;48.8479;2.25522;48.836;2.28954;15
13:24:29.172;48.8423;2.27281;48.8483;2.25565;48.8363;2.28996;15
13:24:29.451;48.8437;2.27158;48.8496;2.25441;48.8377;2.28871;15
13:24:29.451;48.844;2.27141;48.85;2.25424;48.838;2.28854;15
13:24:29.743;48.844;2.27127;48.85;2.2541;48.838;2.28842;15
13:24:29.744;48.844;2.27122;48.85;2.25406;48.838;2.28838;15
13:24:30.033;48.844;2.27115;48.85;2.25398;48.8381;2.28828;15
13:24:30.033;48.8443;2.27097;48.8502;2.2538;48.8383;2.28812;15
13:24:30.306;48.8432;2.27141;48.8492;2.25424;48.8372;2.28854;15
13:24:30.307;48.8422;2.27153;48.8482;2.25436;48.8362;2.28868;15
13:24:30.627;48.8416;2.27188;48.8475;2.25471;48.8356;2.28902;15
13:24:30.627;48.8415;2.27217;48.8475;2.255;48.8355;2.28932;15
13:24:36.533;48.8415;2.27196;48.8475;2.25479;48.8355;2.28911;15
13:24:36.533;48.8402;2.27295;48.8462;2.25578;48.8342;2.29008;15
13:24:36.744;48.839;2.27371;48.845;2.25655;48.833;2.29086;15
13:24:36.745;48.8388;2.2738;48.8448;2.25664;48.8329;2.29095;15
13:24:36.868;48.8387;2.27415;48.8447;2.25699;48.8328;2.29129;15
13:24:37.283;48.8387;2.27415;48.8447;2.25699;48.8328;2.29129;15
13:24:37.283;48.8391;2.27428;48.8451;2.25711;48.8331;2.29143;15
13:24:37.541;48.8399;2.2744;48.8459;2.25723;48.834;2.29155;15
13:24:37.542;48.8405;2.27432;48.8465;2.25716;48.8345;2.29146;15
13:24:37.853;48.8413;2.2739;48.8473;2.25673;48.8353;2.29103;15
13:24:37.853;48.8417;2.27359;48.8477;2.25642;48.8358;2.29074;15
13:24:38.131;48.842;2.2735;48.848;2.25633;48.836;2.29065;15
13:24:38.131;48.8421;2.27342;48.8481;2.25626;48.8362;2.29056;15
13:24:38.402;48.8422;2.27342;48.8481;2.25626;48.8362;2.29056;15
13:24:38.403;48.8422;2.27333;48.8482;2.25616;48.8362;2.29048;15
13:24:38.688;48.8427;2.27312;48.8487;2.25595;48.8367;2.29027;15
13:24:38.689;48.843;2.27307;48.849;2.25591;48.837;2.29022;15
13:24:38.979;48.8432;2.27338;48.8492;2.25621;48.8372;2.29053;15
13:24:38.979;48.8432;2.27347;48.8491;2.2563;48.8372;2.2906;15
13:24:39.237;48.8432;2.2738;48.8491;2.25664;48.8372;2.29095;15
13:24:39.237;48.8429;2.2739;48.8489;2.25673;48.8369;2.29103;15
13:24:39.495;48.8425;2.27402;48.8485;2.25685;48.8365;2.29117;15
13:24:39.495;48.8424;2.27402;48.8484;2.25685;48.8365;2.29117;15
13:24:40.065;48.8424;2.27402;48.8484;2.25685;48.8364;2.29117;15
13:24:40.065;48.8423;2.27402;48.8483;2.25685;48.8363;2.29117;15
13:24:40.338;48.842;2.27402;48.848;2.25685;48.836;2.29117;15
13:24:40.338;48.8419;2.27415;48.8479;2.25699;48.8359;2.29129;15
13:24:40.799;48.8421;2.27415;48.8481;2.25699;48.8361;2.29129;15
13:24:41.080;48.8426;2.27385;48.8486;2.25668;48.8366;2.29099;15
13:24:41.081;48.8426;2.27402;48.8486;2.25685;48.8366;2.29117;15
13:24:41.361;48.8418;2.27454;48.8477;2.25737;48.8358;2.29169;15
13:24:41.361;48.8414;2.27458;48.8474;2.25742;48.8354;2.29172;15
13:24:41.464;48.8414;2.27466;48.8474;2.25749;48.8354;2.29181;15
13:24:45.006;48.8414;2.27466;48.8444;2.26608;48.8384;2.28322;16
13:24:45.908;48.8411;2.27448;48.8441;2.26588;48.8381;2.28305;16
13:24:45.908;48.8406;2.27451;48.8436;2.26593;48.8376;2.2831;16
13:24:46.142;48.8403;2.27466;48.8433;2.26608;48.8373;2.28322;16
13:24:46.143;48.8402;2.27466;48.8432;2.26608;48.8372;2.28322;16
13:24:46.254;48.8401;2.2749;48.8431;2.26631;48.8372;2.28348;16
13:25:33.363;48.8401;2.2748;48.8431;2.2662;48.8372;2.28336;16
13:25:33.479;48.8404;2.27385;48.8434;2.26526;48.8374;2.28241;16
13:25:33.623;48.8405;2.2735;48.8434;2.26492;48.8375;2.28207;16
13:25:50.144;48.8405;2.2735;48.8464;2.25633;48.8345;2.29065;15
13:25:51.963;48.8404;2.27342;48.8464;2.25626;48.8345;2.29056;15
13:25:51.964;48.8403;2.27144;48.8463;2.25427;48.8343;2.28859;15
13:25:52.276;48.8406;2.26913;48.8466;2.25197;48.8346;2.28627;15
13:25:52.276;48.841;2.26831;48.847;2.25114;48.8351;2.28546;15
13:25:53.052;48.842;2.26685;48.848;2.24968;48.836;2.284;15
13:25:53.052;48.8426;2.26642;48.8485;2.24925;48.8366;2.28357;15
13:25:53.052;48.8428;2.26639;48.8488;2.24922;48.8368;2.28352;15
13:25:53.052;48.8429;2.26642;48.8488;2.24925;48.8369;2.28357;15
13:25:53.053;48.8429;2.2663;48.8488;2.24913;48.8369;2.28345;15
13:25:53.272;48.8429;2.2663;48.8488;2.24913;48.8369;2.28345;15
13:25:53.847;48.8429;2.2663;48.8488;2.24913;48.8369;2.28345;15
13:25:54.167;48.8429;2.2663;48.8488;2.24913;48.8369;2.28345;15
13:25:54.167;48.8429;2.26625;48.8488;2.24908;48.8369;2.2834;15
13:25:54.468;48.8429;2.26634;48.8488;2.24918;48.8369;2.28348;15
13:25:54.469;48.8429;2.26639;48.8488;2.24922;48.8369;2.28352;15
13:25:54.797;48.8428;2.2666;48.8487;2.24944;48.8368;2.28374;15
13:25:54.798;48.8429;2.26566;48.8489;2.24849;48.837;2.28279;15
13:25:55.386;48.843;2.26566;48.849;2.24849;48.837;2.28279;15
13:25:55.386;48.845;2.26282;48.8509;2.24565;48.839;2.27997;15
13:25:55.621;48.8454;2.26166;48.8514;2.24449;48.8395;2.27881;15
13:25:56.488;48.8457;2.26158;48.8517;2.24442;48.8398;2.27872;15
13:25:56.488;48.8458;2.26158;48.8518;2.24442;48.8399;2.27872;15
13:25:57.018;48.8458;2.26158;48.8518;2.24442;48.8399;2.27872;15
13:25:57.019;48.8447;2.26329;48.8506;2.24612;48.8387;2.28044;15
13:25:57.268;48.8441;2.2636;48.8501;2.24643;48.8382;2.28073;15
13:25:59.050;48.844;2.26372;48.85;2.24655;48.8381;2.28087;15
13:25:59.050;48.843;2.26822;48.849;2.25105;48.8371;2.28537;15
13:25:59.333;48.843;2.26926;48.849;2.25209;48.837;2.28641;15
13:25:59.333;48.843;2.26926;48.849;2.25209;48.837;2.28641;15
13:26:09.885;48.8429;2.26917;48.8488;2.252;48.8369;2.28632;15
13:26:09.886;48.8395;2.27032;48.8454;2.25316;48.8335;2.28748;15
13:26:09.964;48.8364;2.27051;48.8424;2.25334;48.8305;2.28764;15
13:26:10.558;48.8359;2.27054;48.8419;2.25337;48.83;2.28769;15
13:26:10.558;48.8349;2.27058;48.8409;2.25342;48.8289;2.28773;15
13:26:11.527;48.8353;2.27094;48.8412;2.25377;48.8293;2.28807;15
13:26:11.527;48.8367;2.27252;48.8427;2.25536;48.8307;2.28966;15
13:26:11.609;48.8374;2.27419;48.8434;2.25702;48.8314;2.29134;15
13:26:12.573;48.8374;2.27419;48.8434;2.25702;48.8314;2.29134;15
13:26:12.573;48.8384;2.27539;48.8444;2.25822;48.8324;2.29254;15
13:26:12.822;48.839;2.27638;48.845;2.25922;48.833;2.29352;15
13:26:12.823;48.8392;2.27655;48.8452;2.25938;48.8333;2.2937;15
13:26:12.916;48.8391;2.27707;48.8451;2.2599;48.8331;2.2942;15
13:26:13.807;48.8391;2.27707;48.842;2.26848;48.8361;2.28563;16
13:26:15.292;48.8391;2.27707;48.8406;2.27278;48.8376;2.28134;17
13:26:36.816;48.8391;2.27707;48.842;2.26848;48.8361;2.28563;16
13:26:37.457;48.8391;2.27707;48.8451;2.2599;48.8331;2.2942;15
13:26:38.137;48.8391;2.27707;48.851;2.24274;48.8271;2.31137;14
13:26:39.870;48.8391;2.27707;48.863;2.2084;48.8152;2.3457;13
13:26:41.144;48.8387;2.27707;48.8626;2.2084;48.8148;2.3457;13
13:26:41.144;48.8374;2.28102;48.8613;2.21236;48.8135;2.34966;13
13:26:41.198;48.8359;2.28891;48.8598;2.22025;48.812;2.35756;13
13:26:41.198;48.8352;2.2908;48.8591;2.22214;48.8113;2.35944;13
13:26:41.340;48.8348;2.29457;48.8587;2.22591;48.8109;2.36322;13
13:26:41.341;48.8344;2.29578;48.8583;2.22711;48.8105;2.36443;13
13:26:41.486;48.8344;2.29561;48.8583;2.22694;48.8105;2.36424;13
13:26:41.592;48.8344;2.29561;48.8583;2.22694;48.8105;2.36424;13
13:26:41.592;48.8357;2.29578;48.8596;2.22711;48.8118;2.36443;13
13:26:41.770;48.837;2.29698;48.8609;2.22832;48.8131;2.36562;13
13:26:41.770;48.8376;2.29921;48.8615;2.23055;48.8137;2.36786;13
13:26:41.770;48.8373;2.30127;48.8612;2.2326;48.8134;2.36992;13
13:26:41.941;48.8369;2.30608;48.8608;2.23741;48.813;2.37473;13
13:26:41.941;48.8345;2.30986;48.8585;2.2412;48.8106;2.37849;13
13:26:42.254;48.825;2.31947;48.8489;2.25081;48.801;2.38811;13
13:26:42.254;48.8221;2.32291;48.846;2.25424;48.7982;2.39154;13
13:26:42.361;48.8193;2.32651;48.8432;2.25784;48.7954;2.39514;13
13:26:42.707;48.8178;2.3289;48.8417;2.26024;48.7939;2.39755;13
13:26:42.707;48.8133;2.3387;48.8372;2.27003;48.7894;2.40733;13
13:26:42.958;48.8126;2.33989;48.8365;2.27122;48.7887;2.40854;13
13:26:42.958;48.8126;2.33939;48.8365;2.27072;48.7887;2.40802;13
13:26:43.167;48.8125;2.33939;48.8364;2.27072;48.7886;2.40802;13
13:26:43.167;48.8125;2.34093;48.8364;2.27226;48.7886;2.40956;13
13:26:44.441;48.8125;2.34093;48.8364;2.27226;48.7886;2.40956;13
13:26:44.441;48.8144;2.34401;48.8383;2.27534;48.7905;2.41266;13
13:26:44.667;48.8172;2.35243;48.841;2.28377;48.7932;2.42107;13
13:26:44.667;48.8173;2.35963;48.8412;2.29097;48.7934;2.42828;13
13:26:45.222;48.8182;2.36255;48.8421;2.29388;48.7943;2.4312;13
13:26:45.222;48.8202;2.37422;48.8441;2.30556;48.7963;2.44287;13
13:26:45.542;48.822;2.38127;48.8459;2.31261;48.7981;2.44991;13
13:26:46.363;48.8216;2.38367;48.8455;2.315;48.7976;2.45232;13
13:26:46.363;48.8209;2.40324;48.8448;2.33458;48.797;2.47188;13
13:26:46.684;48.8214;2.40942;48.8453;2.34076;48.7975;2.47806;13
13:26:47.582;48.8212;2.40976;48.8451;2.34109;48.7973;2.47841;13
13:26:47.582;48.8239;2.4319;48.8478;2.36324;48.8;2.50055;13
13:26:47.887;48.8242;2.43294;48.8481;2.36427;48.8003;2.50157;13
13:26:49.761;48.8246;2.43311;48.8485;2.36444;48.8007;2.50175;13
13:26:49.761;48.8295;2.4319;48.8534;2.36324;48.8056;2.50055;13
13:26:50.050;48.8295;2.43517;48.8534;2.3665;48.8056;2.50381;13
13:26:58.313;48.8295;2.43517;48.8414;2.40083;48.8175;2.46948;14
13:27:31.866;48.8295;2.43517;48.8534;2.3665;48.8056;2.50381;13
13:27:33.146;48.8318;2.44101;48.8557;2.37234;48.8079;2.50964;13
13:27:33.146;48.8321;2.44392;48.856;2.37526;48.8082;2.51256;13
13:27:33.391;48.8318;2.44392;48.8557;2.37526;48.8079;2.51256;13
13:27:43.147;48.8316;2.44357;48.8555;2.37491;48.8077;2.51222;13
13:27:43.147;48.8263;2.43723;48.8502;2.36856;48.8024;2.50587;13
13:27:43.898;48.8246;2.42728;48.8485;2.35861;48.8007;2.49591;13
13:27:43.898;48.825;2.42453;48.8489;2.35587;48.801;2.49316;13
13:27:43.898;48.8254;2.42435;48.8493;2.35568;48.8015;2.493;13
13:27:50.314;48.8239;2.41904;48.8478;2.35037;48.8;2.48767;13
13:27:50.314;48.8175;2.39105;48.8414;2.32239;48.7936;2.45969;13
13:27:52.450;48.8162;2.38864;48.8401;2.31998;48.7923;2.45729;13
13:27:52.450;48.8105;2.36908;48.8344;2.30042;48.7866;2.43771;13
13:27:53.308;48.8105;2.36908;48.8583;2.23175;48.7626;2.50638;12
13:27:55.264;48.8132;2.37285;48.861;2.23552;48.7654;2.51016;12
13:27:55.264;48.8164;2.37628;48.8642;2.23895;48.7685;2.5136;12
13:27:55.410;48.8211;2.37869;48.8689;2.24136;48.7733;2.51599;12
13:27:55.410;48.822;2.37869;48.8698;2.24136;48.7742;2.51599;12
13:27:55.501;48.8279;2.38109;48.8757;2.24376;48.7801;2.5184;12
13:27:55.501;48.8286;2.38109;48.8764;2.24376;48.7807;2.5184;12
13:27:55.600;48.8299;2.38109;48.8777;2.24376;48.7821;2.5184;12
13:27:55.600;48.8299;2.38109;48.8777;2.24376;48.7821;2.5184;12
13:27:55.749;48.8331;2.37971;48.8809;2.24239;48.7853;2.51703;12
13:27:55.749;48.8338;2.37869;48.8815;2.24136;48.7859;2.51599;12
13:27:55.857;48.8369;2.37183;48.8847;2.2345;48.7891;2.50912;12
13:27:55.857;48.8378;2.37114;48.8856;2.23381;48.79;2.50844;12
13:27:55.915;48.8383;2.36771;48.8861;2.23038;48.7905;2.505;12
13:27:56.849;48.8387;2.36598;48.8865;2.22865;48.7909;2.5033;12
13:27:56.849;48.839;2.34813;48.8867;2.2108;48.7911;2.48544;12
13:27:56.910;48.8399;2.34264;48.8876;2.20531;48.792;2.47995;12
13:27:56.911;48.8405;2.34264;48.8883;2.20531;48.7927;2.47995;12
13:27:56.977;48.8421;2.33783;48.8899;2.2005;48.7943;2.47514;12
13:27:57.110;48.8428;2.33543;48.8906;2.1981;48.795;2.47273;12
13:27:57.110;48.843;2.33371;48.8908;2.19638;48.7952;2.47102;12
13:27:57.217;48.8437;2.32959;48.8915;2.19226;48.7959;2.4669;12
13:27:57.217;48.8439;2.32857;48.8917;2.19124;48.7961;2.46587;12
13:27:57.313;48.8439;2.32788;48.8917;2.19055;48.7961;2.46518;12
13:27:57.313;48.8439;2.32753;48.8917;2.1902;48.7961;2.46484;12
13:27:57.402;48.8439;2.32684;48.8917;2.18951;48.7961;2.46416;12
13:27:57.514;48.8439;2.32582;48.8917;2.18849;48.7961;2.46312;12
13:27:57.573;48.8439;2.32582;48.8917;2.18849;48.7961;2.46312;12
13:27:57.648;48.8439;2.32547;48.8917;2.18814;48.7961;2.46278;12
13:27:57.648;48.8439;2.32582;48.8917;2.18849;48.7961;2.46312;12
13:27:59.070;48.8453;2.33096;48.8931;2.19363;48.7975;2.46828;12
13:27:59.101;48.8439;2.33887;48.8917;2.20154;48.7961;2.47617;12
13:27:59.101;48.8439;2.34093;48.8917;2.2036;48.7961;2.47823;12
13:27:59.169;48.8435;2.34642;48.8913;2.20909;48.7957;2.48372;12
13:27:59.169;48.8433;2.34917;48.891;2.21184;48.7954;2.48647;12
13:27:59.234;48.8428;2.35947;48.8906;2.22214;48.795;2.49677;12
13:27:59.905;48.8433;2.36015;48.891;2.22282;48.7954;2.49745;12
13:27:59.936;48.8453;2.37869;48.8931;2.24136;48.7975;2.51599;12
13:28:00.002;48.8444;2.39413;48.8922;2.25681;48.7966;2.53145;12
13:28:00.002;48.8444;2.39825;48.8922;2.26093;48.7966;2.53557;12
13:28:00.145;48.8455;2.41302;48.8933;2.2757;48.7977;2.55032;12
13:28:00.145;48.8451;2.41885;48.8928;2.28152;48.7972;2.55617;12
13:28:00.255;48.8444;2.42503;48.8922;2.2877;48.7966;2.56235;12
13:28:00.763;48.8439;2.42607;48.8917;2.28874;48.7961;2.56337;12
13:28:00.764;48.8399;2.42435;48.8876;2.28702;48.792;2.56166;12
13:28:00.838;48.8317;2.41611;48.8795;2.27878;48.7839;2.55342;12
13:28:00.838;48.8308;2.41577;48.8786;2.27844;48.783;2.55307;12
13:28:00.932;48.8281;2.41165;48.8759;2.27432;48.7803;2.54895;12
13:28:02.240;48.829;2.41096;48.8768;2.27364;48.7812;2.54826;12
13:28:02.241;48.8261;2.39963;48.8739;2.2623;48.7783;2.53694;12
13:28:02.276;48.8234;2.38762;48.8712;2.25029;48.7755;2.52492;12
13:28:02.276;48.8234;2.38281;48.8712;2.24548;48.7755;2.52011;12
13:28:02.399;48.8227;2.3732;48.8705;2.23587;48.7749;2.5105;12
13:28:02.400;48.8227;2.36977;48.8705;2.23244;48.7749;2.50706;12
13:28:02.512;48.8247;2.36118;48.8725;2.22385;48.7769;2.49849;12
13:28:02.513;48.825;2.35878;48.8727;2.22145;48.7771;2.49608;12
13:28:02.606;48.8259;2.35603;48.8736;2.2187;48.778;2.49333;12
13:28:02.606;48.8259;2.35466;48.8736;2.21733;48.778;2.49196;12
13:28:02.722;48.8268;2.35019;48.8745;2.21286;48.7789;2.4875;12
13:28:02.723;48.8272;2.34985;48.875;2.21252;48.7794;2.48715;12
13:28:02.810;48.8286;2.34401;48.8764;2.20668;48.7807;2.48132;12
13:28:02.810;48.8292;2.34332;48.877;2.20599;48.7814;2.48064;12
13:28:02.913;48.8308;2.34195;48.8786;2.20462;48.783;2.47926;12
13:28:02.969;48.8317;2.34058;48.8795;2.20325;48.7839;2.47789;12
13:28:02.969;48.8322;2.34058;48.88;2.20325;48.7844;2.47789;12
13:28:03.031;48.8326;2.34058;48.8804;2.20325;48.7848;2.47789;12
13:28:03.123;48.8338;2.34093;48.8815;2.2036;48.7859;2.47823;12
13:28:03.187;48.834;2.34126;48.8818;2.20393;48.7862;2.47858;12
13:28:03.279;48.8349;2.34161;48.8827;2.20428;48.7871;2.47891;12
13:28:03.279;48.8349;2.34161;48.8827;2.20428;48.7871;2.47891;12
13:28:03.324;48.8349;2.34161;48.8827;2.20428;48.7871;2.47891;12
13:28:05.765;48.8376;2.36118;48.8854;2.22385;48.7898;2.49849;12
13:28:05.796;48.8399;2.3804;48.8876;2.24307;48.792;2.51772;12
13:28:05.854;48.8399;2.38762;48.8876;2.25029;48.792;2.52492;12
13:28:05.855;48.8405;2.38899;48.8883;2.25166;48.7927;2.52629;12
13:28:05.918;48.8408;2.39207;48.8885;2.25475;48.793;2.52939;12
13:28:06.838;48.8403;2.39345;48.8881;2.25612;48.7925;2.53076;12
13:28:06.868;48.8419;2.40685;48.8897;2.26952;48.7941;2.54414;12
13:28:06.868;48.8419;2.41165;48.8897;2.27432;48.7941;2.54895;12
13:28:06.969;48.8408;2.41817;48.8885;2.28084;48.793;2.55548;12
13:28:06.969;48.8412;2.4192;48.889;2.28188;48.7934;2.5565;12
13:28:07.057;48.8414;2.41646;48.8892;2.27913;48.7936;2.55376;12
13:28:23.817;48.8414;2.41646;48.8653;2.34779;48.8176;2.48509;13
13:28:24.837;48.8416;2.41731;48.8655;2.34865;48.8177;2.48596;13
13:28:24.837;48.8403;2.42847;48.8642;2.3598;48.8164;2.49712;13
13:28:25.060;48.8384;2.43602;48.8623;2.36736;48.8145;2.50467;13
13:28:25.750;48.8384;2.43602;48.8503;2.40169;48.8265;2.47034;14
13:28:26.444;48.8384;2.43602;48.8503;2.40169;48.8265;2.47034;14
13:28:26.444;48.8371;2.43663;48.849;2.4023;48.8251;2.47093;14
13:28:26.547;48.8355;2.4386;48.8474;2.40427;48.8235;2.47292;14
13:28:26.548;48.8342;2.43919;48.8461;2.40486;48.8222;2.47351;14
13:28:32.578;48.8329;2.43834;48.8449;2.40401;48.821;2.47266;14
13:28:32.578;48.8315;2.4368;48.8434;2.40247;48.8195;2.47112;14
13:28:32.833;48.829;2.43336;48.841;2.39903;48.8171;2.46768;14
13:28:32.833;48.8282;2.43233;48.8402;2.39799;48.8163;2.46664;14
13:28:32.935;48.8272;2.43088;48.8392;2.39655;48.8153;2.46518;14
13:28:32.936;48.8274;2.42993;48.8393;2.3956;48.8154;2.46425;14
13:28:33.109;48.8274;2.42976;48.8393;2.39543;48.8154;2.46407;14
13:28:34.688;48.8273;2.42941;48.8393;2.39508;48.8154;2.46373;14
13:28:34.688;48.8266;2.42581;48.8386;2.39148;48.8147;2.46013;14
13:28:35.483;48.8261;2.42049;48.8381;2.38615;48.8142;2.4548;14
13:28:35.483;48.8262;2.4198;48.8382;2.38547;48.8143;2.45412;14
13:28:35.484;48.8265;2.4192;48.8384;2.38487;48.8145;2.45351;14
13:28:35.484;48.8265;2.4192;48.8384;2.38487;48.8145;2.45351;14
13:28:35.484;48.8266;2.41878;48.8386;2.38445;48.8147;2.45308;14
13:28:35.484;48.8266;2.41878;48.8386;2.38445;48.8147;2.45308;14
13:28:35.810;48.8266;2.41869;48.8386;2.38435;48.8147;2.453;14
13:28:35.811;48.8266;2.41869;48.8386;2.38435;48.8147;2.453;14
13:28:36.513;48.8266;2.41869;48.8386;2.38435;48.8147;2.453;14
13:28:36.513;48.8265;2.41885;48.8384;2.38452;48.8145;2.45317;14
13:28:36.767;48.8268;2.41809;48.8388;2.38376;48.8149;2.45239;14
13:28:36.767;48.827;2.41757;48.8389;2.38324;48.815;2.45189;14
13:28:37.044;48.8271;2.41679;48.8391;2.38246;48.8152;2.45111;14
13:28:37.045;48.8273;2.41663;48.8393;2.38229;48.8154;2.45094;14
13:28:37.165;48.8274;2.4162;48.8393;2.38187;48.8154;2.45052;14
13:28:39.739;48.8284;2.42041;48.8404;2.38608;48.8165;2.45471;14
13:28:39.739;48.8291;2.42607;48.8411;2.39174;48.8172;2.46037;14
13:28:39.883;48.8305;2.43105;48.8425;2.39671;48.8186;2.46536;14
13:28:42.791;48.8309;2.4314;48.8428;2.39706;48.8189;2.4657;14
13:28:42.792;48.8326;2.43233;48.8446;2.39799;48.8207;2.46664;14
13:28:43.010;48.8343;2.43242;48.8462;2.39809;48.8223;2.46674;14
13:28:43.010;48.8345;2.43233;48.8465;2.39799;48.8226;2.46664;14
13:28:43.223;48.8352;2.43147;48.8471;2.39714;48.8232;2.46579;14
13:28:43.223;48.8355;2.43114;48.8474;2.3968;48.8235;2.46544;14
13:28:43.347;48.8356;2.43071;48.8476;2.39638;48.8237;2.46501;14
13:28:43.347;48.8358;2.43027;48.8478;2.39594;48.8239;2.46458;14
13:28:43.661;48.8358;2.43002;48.8478;2.39569;48.8239;2.46432;14
13:28:43.661;48.8358;2.43002;48.8478;2.39569;48.8239;2.46432;14
13:28:43.917;48.8358;2.42984;48.8478;2.39551;48.8239;2.46416;14
13:28:43.917;48.8359;2.42976;48.8479;2.39543;48.824;2.46407;14
13:28:43.960;48.8359;2.42976;48.8479;2.39543;48.824;2.46407;14
13:28:44.130;48.836;2.42967;48.8479;2.39534;48.824;2.46399;14
13:28:44.130;48.8361;2.42967;48.848;2.39534;48.8241;2.46399;14
13:28:44.256;48.8361;2.42908;48.8481;2.39474;48.8242;2.46338;14
13:29:15.140;48.8361;2.42908;48.86;2.36041;48.8122;2.49771;13
13:29:16.482;48.8361;2.42908;48.8839;2.29175;48.7883;2.56638;12
13:29:17.022;48.8384;2.42529;48.8862;2.28796;48.7906;2.56261;12
13:29:17.022;48.8418;2.40985;48.8895;2.27252;48.794;2.54715;12
13:29:17.314;48.8436;2.38959;48.8914;2.25226;48.7958;2.5269;12
13:29:17.314;48.8438;2.38684;48.8916;2.24951;48.796;2.52415;12
13:29:17.314;48.8434;2.38066;48.8911;2.24333;48.7956;2.51797;12
13:29:17.706;48.844;2.37791;48.8918;2.24059;48.7962;2.51523;12
13:29:17.793;48.842;2.36006;48.8898;2.22273;48.7942;2.49738;12
13:29:17.793;48.8411;2.34702;48.8889;2.20969;48.7933;2.48433;12
13:29:17.793;48.8407;2.34358;48.8884;2.20625;48.7928;2.4809;12
13:29:17.891;48.8393;2.33363;48.8871;2.1963;48.7915;2.47093;12
13:29:17.968;48.8379;2.33295;48.8857;2.19562;48.7901;2.47025;12
13:29:18.880;48.8379;2.33295;48.8618;2.26428;48.814;2.40158;13
13:29:19.587;48.8379;2.33295;48.8499;2.29861;48.826;2.36725;14
13:29:19.972;48.8379;2.3326;48.8499;2.29826;48.826;2.36691;14
13:29:19.972;48.8368;2.32504;48.8487;2.29071;48.8248;2.35936;14
13:29:20.240;48.8362;2.315;48.8481;2.28067;48.8242;2.34932;14
13:29:20.241;48.8363;2.31354;48.8483;2.27921;48.8244;2.34785;14
13:29:20.722;48.8363;2.31216;48.8482;2.27783;48.8243;2.34648;14
13:29:20.722;48.8363;2.3083;48.8482;2.27397;48.8243;2.34262;14
13:29:20.930;48.8365;2.30247;48.8485;2.26814;48.8246;2.33678;14
13:29:20.930;48.8365;2.30006;48.8484;2.26573;48.8245;2.33438;14
13:29:21.063;48.8365;2.29938;48.8484;2.26505;48.8245;2.33369;14
13:29:21.604;48.8364;2.29956;48.8484;2.26523;48.8245;2.33386;14
13:29:21.604;48.8369;2.29869;48.8488;2.26436;48.8249;2.33301;14
13:29:21.793;48.8375;2.29663;48.8494;2.2623;48.8255;2.33095;14
13:29:21.793;48.8377;2.29509;48.8497;2.26076;48.8258;2.32941;14
13:29:21.878;48.8378;2.28882;48.8497;2.25449;48.8258;2.32314;14
13:29:21.878;48.8371;2.28394;48.849;2.2496;48.8251;2.31824;14
13:29:23.552;48.8371;2.28394;48.8431;2.26677;48.8311;2.30107;15
13:29:26.342;48.8371;2.28394;48.8401;2.27534;48.8341;2.2925;16
13:29:27.190;48.8371;2.28384;48.8401;2.27527;48.8341;2.2924;16
13:29:27.191;48.8371;2.28348;48.8401;2.2749;48.8341;2.29207;16
13:29:27.433;48.8371;2.2831;48.8401;2.27451;48.8341;2.29169;16
13:29:27.433;48.8371;2.28297;48.8401;2.27438;48.8341;2.29155;16
13:29:27.790;48.8372;2.28256;48.8401;2.27397;48.8342;2.29112;16
13:29:27.790;48.8372;2.28246;48.8402;2.27386;48.8342;2.29103;16
13:29:28.151;48.8372;2.28239;48.8402;2.2738;48.8342;2.29095;16
13:29:28.151;48.8372;2.28226;48.8401;2.27368;48.8342;2.29082;16
13:29:29.200;48.8372;2.28226;48.8387;2.27797;48.8357;2.28653;17
13:29:30.083;48.8371;2.28215;48.8386;2.27786;48.8356;2.28644;17
13:29:30.083;48.8371;2.28195;48.8386;2.27766;48.8356;2.28622;17
13:29:30.319;48.837;2.28171;48.8385;2.2774;48.8355;2.28596;17
13:29:30.319;48.837;2.28156;48.8385;2.27725;48.8355;2.28584;17
13:29:30.411;48.8369;2.28136;48.8384;2.27707;48.8354;2.28564;17
13:29:35.428;48.8369;2.28134;48.8384;2.27704;48.8354;2.28563;17
13:29:35.429;48.837;2.28093;48.8385;2.27664;48.8355;2.2852;17
13:29:36.693;48.837;2.28088;48.8385;2.2766;48.8355;2.28517;17
13:29:36.693;48.837;2.28088;48.8385;2.2766;48.8355;2.28517;17
13:29:37.733;48.837;2.28088;48.8385;2.2766;48.8355;2.28516;17
13:29:37.733;48.837;2.28062;48.8385;2.27634;48.8355;2.28493;17
13:29:38.802;48.837;2.28062;48.8385;2.27634;48.8355;2.28493;17
13:29:38.802;48.8372;2.28026;48.8387;2.27597;48.8357;2.28456;17
13:29:38.847;48.8372;2.2802;48.8387;2.27591;48.8357;2.28448;17
13:29:39.718;48.8373;2.2802;48.8388;2.27591;48.8358;2.28448;17
13:29:39.718;48.8375;2.27983;48.839;2.27554;48.836;2.28412;17
13:29:39.761;48.8375;2.27934;48.839;2.27505;48.836;2.28362;17
13:29:40.427;48.8376;2.27928;48.8391;2.27498;48.8361;2.28357;17
13:29:40.427;48.8378;2.27852;48.8393;2.27423;48.8363;2.28279;17
13:29:40.490;48.8378;2.2785;48.8392;2.27422;48.8363;2.28279;17
13:29:42.154;48.8377;2.2785;48.8392;2.27422;48.8363;2.28279;17
13:29:42.154;48.8376;2.27856;48.8391;2.27428;48.8361;2.28287;17
13:29:42.380;48.8372;2.27866;48.8387;2.27437;48.8357;2.28294;17
13:29:42.380;48.8372;2.27859;48.8387;2.27429;48.8357;2.28288;17
13:30:46.217;48.8372;2.27861;48.8387;2.27432;48.8357;2.2829;17
13:30:46.217;48.8375;2.27863;48.839;2.27434;48.836;2.28293;17
13:30:46.279;48.8379;2.27863;48.8394;2.27434;48.8364;2.28293;17
13:30:50.561;48.8379;2.27863;48.8409;2.27005;48.8349;2.28722;16
13:30:51.299;48.8379;2.27863;48.8438;2.26147;48.8319;2.29581;15
13:30:51.823;48.8379;2.27863;48.8498;2.24429;48.8259;2.31296;14
13:30:52.570;48.8379;2.27863;48.8618;2.20996;48.814;2.34729;13
13:30:53.127;48.8379;2.27863;48.8856;2.1413;48.7901;2.41595;12
13:30:55.310;48.841;2.28275;48.8888;2.14542;48.7932;2.42007;12
13:30:55.345;48.8526;2.29169;48.9003;2.15436;48.8048;2.42902;12
13:30:55.375;48.8582;2.29236;48.906;2.15503;48.8104;2.42969;12
13:30:55.427;48.8582;2.28722;48.906;2.14989;48.8104;2.42455;12
13:30:56.673;48.8582;2.28722;48.8821;2.21855;48.8343;2.35588;13
13:30:59.582;48.8583;2.28757;48.8822;2.2189;48.8344;2.35623;13
13:30:59.582;48.8584;2.2879;48.8823;2.21924;48.8345;2.35657;13
13:30:59.642;48.8579;2.28773;48.8817;2.21907;48.834;2.3564;13
13:31:01.132;48.8579;2.28773;48.8698;2.2534;48.8459;2.32207;14
13:31:02.975;48.8582;2.28807;48.8701;2.25374;48.8462;2.3224;14
13:31:02.975;48.8588;2.28807;48.8708;2.25374;48.8469;2.3224;14
13:31:03.048;48.86;2.28781;48.872;2.25348;48.8481;2.32214;14
13:31:03.048;48.8604;2.28773;48.8723;2.2534;48.8484;2.32207;14
13:31:03.183;48.861;2.28705;48.8729;2.25272;48.849;2.32138;14
13:31:03.183;48.8613;2.28705;48.8732;2.25272;48.8494;2.32138;14
13:31:03.318;48.8618;2.28687;48.8738;2.25253;48.8499;2.3212;14
13:31:03.318;48.8619;2.28662;48.8738;2.25229;48.8499;2.32095;14
13:31:03.450;48.8622;2.28636;48.8742;2.25203;48.8503;2.32069;14
13:31:03.451;48.8625;2.28636;48.8744;2.25203;48.8506;2.32069;14
13:31:03.584;48.8631;2.28575;48.875;2.25142;48.8511;2.32008;14
13:31:03.584;48.8632;2.28558;48.8751;2.25125;48.8512;2.31992;14
13:31:03.729;48.8634;2.28532;48.8753;2.25099;48.8515;2.31966;14
13:31:03.729;48.8637;2.28532;48.8756;2.25099;48.8517;2.31966;14
13:31:03.850;48.8636;2.28473;48.8756;2.2504;48.8517;2.31906;14
13:31:03.850;48.8634;2.28369;48.8753;2.24936;48.8515;2.31802;14
13:31:07.468;48.8634;2.28369;48.8694;2.26653;48.8574;2.30086;15
13:31:09.154;48.8635;2.28391;48.8695;2.26674;48.8576;2.30107;15
13:31:09.155;48.8652;2.28494;48.8712;2.26778;48.8593;2.30211;15
13:31:09.452;48.8659;2.28477;48.8718;2.26761;48.8599;2.30194;15
13:31:09.452;48.866;2.28452;48.872;2.26735;48.86;2.30168;15
13:31:10.011;48.866;2.28452;48.869;2.27592;48.863;2.29309;16
13:31:11.280;48.8659;2.28436;48.8689;2.27577;48.8629;2.29292;16
13:31:11.280;48.8656;2.28416;48.8685;2.27559;48.8626;2.29276;16
13:31:11.671;48.8651;2.284;48.868;2.27542;48.8621;2.29259;16
13:31:11.671;48.8631;2.28288;48.8661;2.27429;48.8601;2.29146;16
13:31:11.923;48.8626;2.28241;48.8656;2.27383;48.8596;2.29099;16
13:31:12.309;48.863;2.28268;48.866;2.27411;48.8601;2.29124;16
13:31:12.309;48.8639;2.28226;48.8669;2.27368;48.8609;2.29082;16
13:31:12.558;48.8642;2.28189;48.8672;2.27332;48.8612;2.29048;16
13:31:13.073;48.8642;2.28194;48.8672;2.27336;48.8612;2.29053;16
13:31:13.073;48.8654;2.28198;48.8684;2.27339;48.8624;2.29056;16
13:31:13.255;48.8658;2.28185;48.8688;2.27327;48.8629;2.29044;16
13:31:14.116;48.8658;2.28185;48.8673;2.27756;48.8643;2.28615;17
13:31:14.984;48.8665;2.2822;48.868;2.27791;48.865;2.28648;17
13:31:14.984;48.8666;2.28221;48.868;2.27792;48.8651;2.28648;17
13:31:15.030;48.8666;2.2821;48.8681;2.27782;48.8652;2.28641;17
13:31:16.624;48.8666;2.28218;48.8681;2.27788;48.8652;2.28644;17
13:31:16.625;48.8661;2.2821;48.8676;2.27782;48.8646;2.28641;17
13:31:16.687;48.865;2.28198;48.8665;2.27769;48.8635;2.28627;17
13:31:17.255;48.865;2.28207;48.8665;2.27777;48.8636;2.28636;17
13:31:17.255;48.8644;2.28198;48.8659;2.27769;48.8629;2.28627;17
13:31:17.467;48.8637;2.28188;48.8652;2.27759;48.8622;2.28616;17
13:31:17.468;48.8636;2.28188;48.8651;2.27759;48.8621;2.28615;17
13:31:18.320;48.8636;2.28188;48.8666;2.27328;48.8606;2.29044;16
13:31:18.756;48.8636;2.28188;48.8696;2.26471;48.8576;2.29901;15
13:31:19.545;48.8638;2.28247;48.8697;2.2653;48.8578;2.29962;15
13:31:19.546;48.8616;2.28441;48.8675;2.26724;48.8556;2.30154;15
13:31:19.598;48.8591;2.28685;48.8651;2.26968;48.8531;2.304;15
13:31:20.584;48.8591;2.28694;48.865;2.26978;48.8531;2.30408;15
13:31:20.585;48.8558;2.28633;48.8618;2.26917;48.8498;2.30348;15
13:31:20.651;48.8541;2.28548;48.86;2.26831;48.8481;2.30263;15
13:31:21.390;48.8539;2.28548;48.8599;2.26831;48.8479;2.30263;15
13:31:21.391;48.8517;2.28394;48.8577;2.26677;48.8458;2.30107;15
13:31:21.726;48.8489;2.28098;48.8549;2.26381;48.8429;2.29811;15
13:31:21.726;48.8485;2.28067;48.8544;2.2635;48.8425;2.29782;15
13:31:22.756;48.8485;2.28067;48.8544;2.2635;48.8425;2.29782;15
13:31:22.756;48.8478;2.27814;48.8537;2.26097;48.8418;2.29529;15
13:31:23.057;48.847;2.27269;48.8529;2.25552;48.841;2.28984;15
13:31:23.057;48.8468;2.27106;48.8527;2.25389;48.8408;2.28821;15
13:31:24.022;48.8469;2.27106;48.8529;2.25389;48.841;2.28821;15
13:31:24.022;48.8483;2.27115;48.8543;2.25398;48.8424;2.28828;15
13:31:24.329;48.8489;2.27032;48.8549;2.25316;48.8429;2.28748;15
13:31:24.330;48.8489;2.26985;48.8549;2.25269;48.8429;2.287;15
13:31:24.804;48.8489;2.26985;48.8549;2.25269;48.8429;2.287;15
13:31:24.804;48.8489;2.26999;48.8549;2.25282;48.8429;2.28712;15
13:31:26.467;48.8489;2.26999;48.8519;2.2614;48.8459;2.27855;16
13:31:27.946;48.8489;2.26999;48.8504;2.2657;48.8474;2.27426;17
13:31:28.632;48.8495;2.26949;48.851;2.2652;48.8481;2.27379;17
13:31:28.632;48.8498;2.26921;48.8513;2.26492;48.8484;2.2735;17
13:31:29.223;48.8499;2.26926;48.8514;2.26497;48.8484;2.27353;17
13:31:29.224;48.8504;2.26921;48.8519;2.26492;48.8489;2.2735;17
13:31:29.298;48.8506;2.26889;48.8521;2.2646;48.8491;2.27318;17
13:31:29.788;48.8506;2.26894;48.8521;2.26465;48.8491;2.27322;17
13:31:29.788;48.8512;2.26888;48.8527;2.26457;48.8497;2.27316;17
13:31:29.857;48.8515;2.26868;48.853;2.26439;48.85;2.27296;17
13:31:33.000;48.8515;2.26869;48.853;2.2644;48.85;2.27296;17
13:31:33.000;48.8509;2.26904;48.8524;2.26476;48.8494;2.27332;17
13:31:33.045;48.8502;2.26932;48.8517;2.26503;48.8487;2.27361;17
13:31:33.592;48.8502;2.26927;48.8517;2.26498;48.8487;2.27357;17
13:31:33.593;48.85;2.26938;48.8515;2.26509;48.8485;2.27365;17
13:31:33.842;48.8494;2.26952;48.8509;2.26523;48.8479;2.27379;17
13:31:33.842;48.8492;2.26958;48.8507;2.26529;48.8477;2.27386;17
13:31:34.030;48.849;2.26974;48.8505;2.26546;48.8475;2.27405;17
13:31:34.030;48.8489;2.26982;48.8504;2.26552;48.8474;2.27408;17
13:31:34.102;48.8488;2.26994;48.8503;2.26566;48.8473;2.27422;17
13:31:35.695;48.8489;2.26994;48.8503;2.26566;48.8474;2.27422;17
13:31:35.696;48.8487;2.26971;48.8502;2.26541;48.8472;2.274;17
13:31:35.960;48.8484;2.26936;48.8499;2.26508;48.8469;2.27365;17
13:31:35.960;48.8483;2.26936;48.8497;2.26508;48.8468;2.27365;17
13:31:36.145;48.8482;2.26932;48.8497;2.26503;48.8467;2.27361;17
13:31:36.146;48.8482;2.2693;48.8497;2.26501;48.8467;2.27359;17
13:31:36.404;48.8482;2.26926;48.8497;2.26497;48.8467;2.27354;17
13:31:36.405;48.8482;2.26927;48.8497;2.26498;48.8467;2.27357;17
13:31:36.451;48.8482;2.26927;48.8497;2.26498;48.8467;2.27357;17
13:31:36.780;48.8481;2.26932;48.8495;2.26503;48.8466;2.27361;17
13:31:36.780;48.8484;2.26938;48.8498;2.26509;48.8469;2.27365;17
13:31:37.030;48.8489;2.26938;48.8504;2.26509;48.8474;2.27368;17
13:31:37.030;48.8494;2.26915;48.8509;2.26486;48.8479;2.27344;17
13:31:37.569;48.8494;2.26913;48.8509;2.26483;48.8479;2.27339;17
13:31:37.569;48.8498;2.26927;48.8512;2.26498;48.8483;2.27357;17
13:31:37.788;48.8502;2.26956;48.8517;2.26526;48.8488;2.27383;17
13:31:37.788;48.8503;2.26958;48.8518;2.26529;48.8489;2.27386;17
13:31:38.413;48.8503;2.26958;48.8518;2.26529;48.8489;2.27386;17
13:31:38.413;48.8506;2.26967;48.8521;2.26537;48.8491;2.27396;17
13:31:38.647;48.8509;2.26956;48.8525;2.26526;48.8495;2.27383;17
13:31:38.647;48.8511;2.26949;48.8526;2.2652;48.8496;2.27379;17
13:31:39.522;48.8511;2.26942;48.8526;2.26514;48.8496;2.2737;17
13:31:39.523;48.8512;2.26917;48.8526;2.26488;48.8497;2.27344;17
13:31:39.742;48.8512;2.26898;48.8527;2.26468;48.8497;2.27327;17
13:31:39.742;48.8512;2.26898;48.8527;2.26468;48.8498;2.27327;17
13:31:40.007;48.8514;2.26891;48.8529;2.26462;48.8499;2.27321;17
13:31:40.007;48.8514;2.26891;48.8529;2.26462;48.8499;2.27321;17
13:31:40.035;48.8513;2.26895;48.8528;2.26466;48.8498;2.27322;17
13:31:47.147;48.8512;2.26906;48.8527;2.26477;48.8497;2.27336;17
13:31:47.148;48.8507;2.26979;48.8522;2.2655;48.8492;2.27408;17
13:31:47.382;48.8501;2.27042;48.8516;2.26613;48.8486;2.27469;17
13:31:47.382;48.85;2.27072;48.8515;2.26642;48.8485;2.27501;17
13:31:47.670;48.8499;2.27072;48.8514;2.26642;48.8485;2.27501;17
13:31:47.671;48.8495;2.27116;48.851;2.26688;48.848;2.27545;17
13:31:47.751;48.8489;2.27173;48.8504;2.26743;48.8474;2.27602;17
13:31:48.415;48.8489;2.27173;48.8504;2.26743;48.8474;2.27602;17
13:31:48.415;48.8489;2.2718;48.8503;2.26752;48.8474;2.27611;17
13:31:48.647;48.8487;2.272;48.8502;2.26772;48.8472;2.27629;17
13:31:48.648;48.8486;2.2722;48.8501;2.2679;48.8471;2.27649;17
13:31:48.892;48.8485;2.27231;48.85;2.26801;48.847;2.27658;17
13:31:48.893;48.8484;2.27238;48.8499;2.2681;48.847;2.27669;17
13:31:49.100;48.8484;2.27243;48.8499;2.26814;48.8469;2.27672;17
13:31:49.100;48.8484;2.27246;48.8499;2.26816;48.8469;2.27675;17
13:31:49.158;48.8484;2.27246;48.8499;2.26816;48.8469;2.27675;17
13:31:51.476;48.8484;2.27246;48.8499;2.26816;48.8469;2.27675;17
13:31:51.476;48.8491;2.27065;48.8506;2.26636;48.8476;2.27495;17
13:31:51.710;48.8493;2.27022;48.8508;2.26593;48.8478;2.27451;17
13:31:51.710;48.8493;2.27017;48.8508;2.26588;48.8478;2.27448;17
13:31:52.249;48.8493;2.27011;48.8508;2.26582;48.8479;2.2744;17
13:31:52.249;48.8497;2.26968;48.8512;2.2654;48.8482;2.27396;17
13:31:52.499;48.8501;2.26917;48.8515;2.26488;48.8485;2.27344;17
13:31:52.500;48.8503;2.26884;48.8518;2.26456;48.8488;2.27313;17
13:31:52.710;48.8505;2.26863;48.8519;2.26434;48.849;2.27292;17
13:31:52.710;48.8505;2.26855;48.852;2.26425;48.849;2.27284;17
13:31:53.210;48.8505;2.26855;48.852;2.26425;48.849;2.27284;17
13:31:53.210;48.8507;2.26862;48.8522;2.26433;48.8492;2.27289;17
13:31:53.445;48.8509;2.26883;48.8524;2.26454;48.8494;2.27312;17
13:31:53.445;48.8509;2.26898;48.8524;2.26468;48.8494;2.27327;17
