13:21:21.831;48.8547;2.34662;48.8786;2.27795;48.8308;2.41528;13
13:21:22.458;48.8547;2.34679;48.8786;2.27812;48.8308;2.41545;13
13:21:22.458;48.8542;2.34267;48.878;2.274;48.8303;2.41133;13
13:21:22.622;48.8547;2.32893;48.8786;2.26027;48.8308;2.3976;13
13:21:22.623;48.8547;2.32756;48.8786;2.2589;48.8308;2.39622;13
13:21:22.782;48.8532;2.32155;48.8771;2.25288;48.8294;2.39021;13
13:21:23.172;48.8526;2.3219;48.8765;2.25323;48.8287;2.39056;13
13:21:23.172;48.8522;2.3212;48.8761;2.25253;48.8283;2.38986;13
13:21:23.203;48.8521;2.3152;48.876;2.24654;48.8282;2.38387;13
13:21:23.203;48.852;2.31383;48.8759;2.24516;48.8281;2.38249;13
13:21:23.347;48.8517;2.30902;48.8755;2.24036;48.8278;2.37769;13
13:21:23.347;48.8517;2.30798;48.8755;2.23932;48.8278;2.37665;13
13:21:24.467;48.8517;2.30798;48.8755;2.23932;48.8278;2.37665;13
13:21:24.467;48.8517;2.30798;48.8755;2.23932;48.8278;2.37665;13
13:21:24.735;48.8516;2.30798;48.8754;2.23932;48.8277;2.37665;13
13:21:25.117;48.8516;2.30798;48.8635;2.27365;48.8396;2.34232;14
13:21:26.297;48.8513;2.30817;48.8633;2.27383;48.8394;2.3425;14
13:21:26.298;48.8514;2.30824;48.8633;2.27391;48.8394;2.34258;14
13:21:26.531;48.8525;2.30746;48.8644;2.27313;48.8405;2.3418;14
13:21:26.532;48.8536;2.30609;48.8655;2.27176;48.8416;2.34042;14
13:21:26.613;48.8548;2.30396;48.8668;2.26962;48.8429;2.33829;14
13:21:26.614;48.8548;2.30275;48.8668;2.26842;48.8429;2.33708;14
13:21:26.715;48.8545;2.30154;48.8664;2.26721;48.8425;2.33588;14
13:21:27.178;48.854;2.3018;48.866;2.26747;48.8421;2.33614;14
13:21:27.178;48.8536;2.30069;48.8656;2.26636;48.8417;2.33502;14
13:21:27.485;48.8534;2.29666;48.8653;2.26233;48.8414;2.33099;14
13:21:27.485;48.8531;2.29572;48.8651;2.26138;48.8412;2.33005;14
13:21:27.605;48.8526;2.29468;48.8646;2.26035;48.8407;2.32901;14
13:21:28.026;48.8524;2.29468;48.8643;2.26035;48.8405;2.32901;14
13:21:30.789;48.8525;2.29503;48.8644;2.2607;48.8405;2.32936;14
13:21:30.789;48.8549;2.29468;48.8669;2.26035;48.843;2.32901;14
13:21:30.869;48.8577;2.29417;48.8697;2.25984;48.8458;2.32851;14
13:21:30.869;48.8584;2.29408;48.8703;2.25975;48.8465;2.32841;14
13:21:30.971;48.8586;2.29391;48.8705;2.25958;48.8466;2.32825;14
13:21:32.761;48.8586;2.29391;48.8705;2.25958;48.8466;2.32825;14
13:21:32.762;48.8586;2.29391;48.8705;2.25958;48.8466;2.32825;14
13:21:32.819;48.8572;2.29134;48.8691;2.257;48.8453;2.32567;14
13:21:32.820;48.8564;2.29074;48.8683;2.25641;48.8444;2.32507;14
13:21:32.952;48.8551;2.28911;48.867;2.25478;48.8431;2.32344;14
13:21:32.952;48.8545;2.28859;48.8665;2.25426;48.8426;2.32292;14
13:21:33.088;48.8526;2.28781;48.8645;2.25348;48.8406;2.32214;14
13:21:33.089;48.8523;2.28764;48.8642;2.25331;48.8403;2.32198;14
13:21:33.523;48.8523;2.28764;48.8642;2.25331;48.8403;2.32198;14
13:21:33.524;48.852;2.28757;48.8639;2.25323;48.8401;2.3219;14
13:21:33.606;48.8507;2.28662;48.8627;2.25229;48.8388;2.32095;14
13:21:33.606;48.8503;2.28653;48.8622;2.2522;48.8383;2.32086;14
13:21:33.764;48.8498;2.28627;48.8618;2.25194;48.8379;2.3206;14
13:21:33.764;48.8498;2.28619;48.8618;2.25186;48.8379;2.32053;14
13:21:33.858;48.8498;2.28601;48.8618;2.25168;48.8379;2.32034;14
13:21:34.797;48.8496;2.28627;48.8616;2.25194;48.8377;2.3206;14
13:21:34.797;48.8496;2.28627;48.8616;2.25194;48.8377;2.3206;14
13:21:34.878;48.8499;2.28224;48.8618;2.24791;48.8379;2.31657;14
13:21:34.878;48.8493;2.27966;48.8613;2.24533;48.8374;2.314;14
13:21:34.979;48.8488;2.27812;48.8607;2.24379;48.8368;2.31245;14
13:21:36.305;48.8488;2.27812;48.8548;2.26096;48.8428;2.29529;15
13:21:36.955;48.8483;2.27628;48.8543;2.25911;48.8424;2.29344;15
13:21:36.956;48.8483;2.27563;48.8542;2.25847;48.8423;2.2928;15
13:21:38.773;48.8483;2.27563;48.8512;2.26704;48.8453;2.28421;16
13:21:40.563;48.8483;2.27563;48.8542;2.25847;48.8423;2.2928;15
13:21:41.144;48.8483;2.27563;48.8602;2.2413;48.8363;2.30997;14
13:21:44.140;48.8479;2.27528;48.8598;2.24095;48.8359;2.30962;14
13:21:44.141;48.8479;2.27246;48.8599;2.23813;48.836;2.30679;14
13:21:44.179;48.8487;2.2674;48.8606;2.23306;48.8368;2.30173;14
13:21:45.833;48.8487;2.2674;48.8726;2.19873;48.8248;2.33606;13
13:21:47.260;48.8487;2.2674;48.8606;2.23306;48.8368;2.30173;14
13:21:48.711;48.8487;2.2674;48.8547;2.25023;48.8427;2.28456;15
13:21:49.923;48.8487;2.2674;48.8517;2.2588;48.8457;2.27597;16
13:21:51.273;48.8486;2.2674;48.8516;2.2588;48.8456;2.27597;16
13:21:51.273;48.8496;2.2679;48.8526;2.25932;48.8466;2.27649;16
13:21:51.531;48.8502;2.26822;48.8532;2.25964;48.8472;2.27679;16
13:21:53.481;48.8502;2.26822;48.8517;2.26393;48.8487;2.27249;17
13:21:55.990;48.8502;2.26825;48.8517;2.26396;48.8487;2.27254;17
13:21:55.991;48.8503;2.26837;48.8518;2.26408;48.8489;2.27267;17
13:21:56.057;48.8505;2.2684;48.852;2.2641;48.849;2.27269;17
13:21:57.742;48.8505;2.2684;48.852;2.2641;48.849;2.27269;17
13:21:57.742;48.8505;2.2683;48.852;2.26399;48.849;2.27258;17
13:21:58.000;48.8506;2.26805;48.8521;2.26376;48.8491;2.27234;17
13:21:58.000;48.8507;2.26782;48.8522;2.26352;48.8492;2.27211;17
13:21:58.165;48.8509;2.26741;48.8524;2.26312;48.8494;2.27168;17
13:21:59.004;48.8509;2.26741;48.8524;2.26312;48.8494;2.2717;17
13:21:59.005;48.8509;2.26741;48.8525;2.26312;48.8495;2.27168;17
13:21:59.214;48.8512;2.2673;48.8527;2.26302;48.8497;2.27159;17
13:21:59.214;48.8513;2.26729;48.8528;2.26299;48.8498;2.27155;17
13:21:59.360;48.8513;2.26724;48.8528;2.26295;48.8498;2.27151;17
13:21:59.813;48.8513;2.26726;48.8528;2.26297;48.8498;2.27155;17
13:21:59.814;48.8513;2.267;48.8528;2.26271;48.8498;2.2713;17
13:22:16.570;48.8513;2.267;48.8528;2.26271;48.8498;2.2713;17
13:22:16.570;48.8514;2.26689;48.8529;2.2626;48.8499;2.27119;17
13:22:16.796;48.8518;2.26605;48.8533;2.26176;48.8503;2.27036;17
13:22:16.796;48.8522;2.26534;48.8537;2.26103;48.8507;2.26962;17
13:22:16.907;48.8524;2.26483;48.8539;2.26054;48.8509;2.26913;17
13:22:17.649;48.8524;2.26483;48.8554;2.25626;48.8494;2.27342;16
13:22:18.644;48.8525;2.26479;48.8554;2.25621;48.8495;2.27338;16
13:22:18.644;48.8535;2.26248;48.8565;2.25389;48.8505;2.27106;16
13:22:18.759;48.8543;2.26077;48.8573;2.2522;48.8513;2.26936;16
13:22:23.304;48.8542;2.26076;48.8572;2.25218;48.8513;2.26935;16
13:22:23.305;48.8533;2.26254;48.8563;2.25395;48.8504;2.27112;16
13:22:23.727;48.8517;2.26529;48.8547;2.2567;48.8487;2.27386;16
13:22:23.727;48.8511;2.26666;48.8541;2.25807;48.8481;2.27524;16
13:22:24.369;48.8512;2.2666;48.8542;2.25801;48.8482;2.27518;16
13:22:24.369;48.8495;2.26808;48.8525;2.25949;48.8465;2.27666;16
13:22:24.666;48.8484;2.27037;48.8514;2.2618;48.8454;2.27896;16
13:22:30.375;48.8484;2.27022;48.8514;2.26164;48.8454;2.27881;16
13:22:30.375;48.8492;2.26804;48.8522;2.25945;48.8462;2.27661;16
13:22:30.914;48.8492;2.2679;48.8522;2.25932;48.8462;2.27649;16
13:22:30.914;48.8506;2.26587;48.8536;2.25728;48.8476;2.27444;16
13:22:31.430;48.8506;2.26576;48.8536;2.25717;48.8476;2.27434;16
13:22:31.430;48.8512;2.26396;48.8542;2.25537;48.8483;2.27254;16
13:22:31.970;48.8513;2.26387;48.8543;2.25528;48.8483;2.27246;16
13:22:31.970;48.8521;2.26161;48.855;2.25304;48.8491;2.2702;16
13:22:32.099;48.8522;2.26129;48.8552;2.25272;48.8492;2.26988;16
13:22:32.759;48.8522;2.26118;48.8552;2.25261;48.8493;2.26978;16
13:22:32.760;48.8527;2.26021;48.8557;2.25162;48.8497;2.26878;16
13:22:33.327;48.8527;2.25992;48.8557;2.25134;48.8497;2.26851;16
13:22:33.327;48.8527;2.25916;48.8557;2.25056;48.8497;2.26773;16
13:22:34.082;48.8528;2.25908;48.8558;2.2505;48.8498;2.26767;16
13:22:34.082;48.8535;2.2581;48.8565;2.24951;48.8506;2.26668;16
13:22:34.712;48.8537;2.2581;48.8567;2.24951;48.8507;2.26668;16
13:22:34.712;48.8552;2.25821;48.8582;2.24962;48.8522;2.26678;16
13:22:35.656;48.8552;2.25821;48.8612;2.24104;48.8493;2.27538;15
13:22:37.031;48.8548;2.25786;48.8607;2.24069;48.8488;2.27502;15
13:22:37.031;48.8552;2.25551;48.8612;2.23834;48.8493;2.27267;15
13:22:38.117;48.855;2.25546;48.861;2.2383;48.849;2.27263;15
13:22:38.117;48.8548;2.25237;48.8607;2.2352;48.8488;2.26953;15
13:22:39.266;48.8546;2.25224;48.8606;2.23508;48.8487;2.26941;15
13:22:39.266;48.8542;2.24976;48.8601;2.23259;48.8482;2.26692;15
13:22:40.147;48.8541;2.24997;48.8601;2.2328;48.8482;2.26714;15
13:22:40.147;48.8559;2.25002;48.8619;2.23285;48.8499;2.26718;15
13:22:41.281;48.8559;2.25002;48.8679;2.21568;48.844;2.28435;14
13:22:41.952;48.8572;2.25224;48.8691;2.21791;48.8453;2.28658;14
13:22:41.953;48.8589;2.25284;48.8708;2.21851;48.847;2.28717;14
13:22:42.064;48.8613;2.25327;48.8733;2.21893;48.8494;2.2876;14
13:22:43.000;48.8613;2.25345;48.8732;2.21912;48.8493;2.28778;14
13:22:43.001;48.8623;2.25696;48.8743;2.22263;48.8504;2.29129;14
13:22:43.114;48.8638;2.25954;48.8758;2.2252;48.8519;2.29387;14
13:22:43.115;48.8653;2.26169;48.8773;2.22736;48.8534;2.29602;14
13:22:43.190;48.8661;2.26245;48.878;2.22812;48.8541;2.29678;14
13:22:44.251;48.8659;2.26245;48.8778;2.22812;48.854;2.29678;14
13:22:44.252;48.8655;2.26219;48.8774;2.22786;48.8535;2.29652;14
13:22:44.308;48.8648;2.26134;48.8768;2.22701;48.8529;2.29567;14
13:22:44.308;48.8646;2.26108;48.8765;2.22675;48.8527;2.29541;14
13:22:44.485;48.864;2.26031;48.876;2.22598;48.8521;2.29465;14
13:22:44.485;48.8636;2.25987;48.8756;2.22554;48.8517;2.2942;14
13:22:44.654;48.8624;2.25826;48.8743;2.22392;48.8505;2.29259;14
13:22:44.655;48.8619;2.25722;48.8739;2.22289;48.85;2.29155;14
13:22:44.837;48.8611;2.25601;48.873;2.22168;48.8492;2.29034;14
13:22:44.837;48.8606;2.25516;48.8726;2.22083;48.8487;2.28949;14
13:22:45.037;48.8596;2.25438;48.8716;2.22005;48.8477;2.28871;14
13:22:45.038;48.8592;2.25404;48.8711;2.21971;48.8472;2.28838;14
13:22:45.219;48.8585;2.25319;48.8704;2.21886;48.8466;2.28752;14
13:22:45.219;48.8583;2.2531;48.8703;2.21877;48.8464;2.28743;14
13:22:45.334;48.8583;2.25301;48.8702;2.21867;48.8463;2.28734;14
13:22:45.624;48.8582;2.25301;48.8702;2.21867;48.8463;2.28734;14
13:22:45.624;48.8581;2.25293;48.87;2.2186;48.8461;2.28726;14
13:22:45.727;48.8578;2.25267;48.8697;2.21834;48.8458;2.287;14
13:22:45.728;48.8578;2.25267;48.8697;2.21834;48.8458;2.287;14
13:22:45.846;48.8577;2.25267;48.8697;2.21834;48.8458;2.287;14
13:22:46.111;48.8576;2.25258;48.8695;2.21825;48.8457;2.28691;14
13:22:46.112;48.8576;2.25241;48.8695;2.21808;48.8457;2.28674;14
13:22:48.734;48.8576;2.25241;48.8695;2.21808;48.8457;2.28674;14
13:22:48.735;48.8576;2.25258;48.8695;2.21825;48.8457;2.28691;14
13:22:48.839;48.8577;2.25327;48.8696;2.21893;48.8457;2.2876;14
13:22:48.839;48.858;2.25438;48.8699;2.22005;48.8461;2.28871;14
13:22:49.035;48.8584;2.25575;48.8703;2.22142;48.8465;2.29008;14
13:22:49.035;48.8585;2.25601;48.8704;2.22168;48.8466;2.29034;14
13:22:49.202;48.8588;2.25679;48.8707;2.22246;48.8469;2.29112;14
13:22:49.203;48.8588;2.25696;48.8708;2.22263;48.8469;2.29129;14
13:22:49.374;48.8589;2.25705;48.8708;2.22272;48.847;2.29138;14
13:22:49.375;48.8589;2.25722;48.8708;2.22289;48.847;2.29155;14
13:22:49.494;48.859;2.25739;48.8709;2.22305;48.847;2.29172;14
13:22:49.606;48.859;2.25739;48.8709;2.22305;48.847;2.29172;14
13:22:50.207;48.859;2.25748;48.8709;2.22314;48.847;2.29181;14
13:22:50.208;48.8591;2.25764;48.8711;2.22331;48.8472;2.29198;14
13:22:50.299;48.8602;2.25963;48.8721;2.2253;48.8483;2.29396;14
13:22:50.300;48.8612;2.26091;48.8731;2.22658;48.8492;2.29524;14
13:22:50.459;48.8633;2.26262;48.8752;2.22829;48.8513;2.29695;14
13:22:50.460;48.8639;2.26297;48.8758;2.22864;48.8519;2.2973;14
13:22:50.628;48.8657;2.26399;48.8777;2.22966;48.8538;2.29832;14
13:22:50.628;48.8664;2.26425;48.8783;2.22992;48.8545;2.29858;14
13:22:50.774;48.8674;2.26425;48.8794;2.22992;48.8555;2.29858;14
13:22:51.176;48.8688;2.26434;48.8807;2.23001;48.8568;2.29868;14
13:22:51.177;48.871;2.26434;48.883;2.23001;48.8591;2.29868;14
13:22:51.368;48.8722;2.26408;48.8842;2.22975;48.8603;2.29842;14
13:22:51.368;48.8727;2.26408;48.8846;2.22975;48.8607;2.29842;14
13:22:51.474;48.8728;2.26408;48.8848;2.22975;48.8609;2.29842;14
13:22:52.859;48.8727;2.26399;48.8847;2.22966;48.8608;2.29832;14
13:22:52.860;48.8719;2.26366;48.8838;2.22932;48.86;2.29799;14
13:22:52.956;48.8711;2.26306;48.883;2.22873;48.8592;2.29739;14
13:22:52.956;48.8703;2.26245;48.8822;2.22812;48.8584;2.29678;14
13:22:53.104;48.8685;2.2616;48.8805;2.22726;48.8566;2.29593;14
13:22:53.105;48.8679;2.2616;48.8799;2.22726;48.856;2.29593;14
13:22:56.505;48.8679;2.2616;48.8799;2.22726;48.856;2.29593;14
13:22:56.506;48.8679;2.26169;48.8798;2.22736;48.8559;2.29602;14
13:22:56.599;48.8667;2.26186;48.8786;2.22752;48.8548;2.29619;14
13:22:56.600;48.8655;2.2616;48.8774;2.22726;48.8536;2.29593;14
13:22:56.763;48.8642;2.26143;48.8761;2.2271;48.8523;2.29576;14
13:22:56.763;48.8636;2.26143;48.8755;2.2271;48.8517;2.29576;14
13:22:56.936;48.863;2.2616;48.8749;2.22726;48.851;2.29593;14
13:22:56.936;48.863;2.2616;48.8749;2.22726;48.851;2.29593;14
13:22:57.045;48.8628;2.2616;48.8747;2.22726;48.8509;2.29593;14
13:22:57.162;48.8628;2.26169;48.8747;2.22736;48.8509;2.29602;14
13:22:57.267;48.8628;2.26151;48.8747;2.22717;48.8509;2.29584;14
13:23:00.343;48.8628;2.26151;48.8747;2.22717;48.8509;2.29584;14
13:23:00.343;48.8625;2.26193;48.8744;2.2276;48.8505;2.29626;14
13:23:00.561;48.8618;2.26297;48.8738;2.22864;48.8499;2.2973;14
13:23:00.562;48.8613;2.2634;48.8733;2.22906;48.8494;2.29773;14
13:23:00.663;48.86;2.26399;48.872;2.22966;48.8481;2.29832;14
13:23:00.663;48.8597;2.26425;48.8717;2.22992;48.8478;2.29858;14
13:23:00.779;48.8595;2.26434;48.8715;2.23001;48.8476;2.29868;14
13:23:01.298;48.8595;2.26434;48.8715;2.23001;48.8476;2.29868;14
13:23:01.298;48.8595;2.26418;48.8715;2.22984;48.8476;2.29851;14
13:23:35.105;48.8594;2.26443;48.8713;2.2301;48.8475;2.29877;14
13:23:35.105;48.8593;2.26598;48.8712;2.23164;48.8474;2.30031;14
13:23:35.213;48.8605;2.26984;48.8724;2.2355;48.8485;2.30417;14
13:23:35.213;48.8611;2.27173;48.873;2.2374;48.8492;2.30606;14
13:23:35.404;48.8618;2.27379;48.8738;2.23946;48.8499;2.30812;14
13:23:35.404;48.8621;2.27455;48.8741;2.24022;48.8502;2.30888;14
13:23:35.706;48.8629;2.27602;48.8749;2.24168;48.851;2.31035;14
13:23:35.707;48.8629;2.27611;48.8749;2.24178;48.851;2.31044;14
13:23:35.707;48.8632;2.27576;48.8751;2.24142;48.8512;2.31009;14
13:23:37.476;48.863;2.27585;48.8749;2.24152;48.851;2.31018;14
13:23:37.476;48.8638;2.27592;48.8757;2.24159;48.8518;2.31026;14
13:23:37.537;48.8655;2.27611;48.8774;2.24178;48.8535;2.31044;14
13:23:37.537;48.866;2.27611;48.8779;2.24178;48.8541;2.31044;14
13:23:37.678;48.867;2.27635;48.8789;2.24202;48.855;2.31068;14
13:23:37.678;48.8672;2.27644;48.8791;2.24211;48.8553;2.31078;14
13:23:37.869;48.8685;2.27654;48.8805;2.2422;48.8566;2.31087;14
13:23:37.870;48.8689;2.27661;48.8809;2.24228;48.857;2.31094;14
13:23:37.962;48.8695;2.27679;48.8815;2.24246;48.8576;2.31113;14
13:23:38.868;48.8693;2.27679;48.8812;2.24246;48.8573;2.31113;14
13:23:38.868;48.8695;2.27679;48.8814;2.24246;48.8575;2.31113;14
13:23:38.912;48.8704;2.27679;48.8824;2.24246;48.8585;2.31113;14
13:23:38.912;48.871;2.27687;48.8829;2.24254;48.8591;2.3112;14
13:23:39.036;48.8721;2.27687;48.884;2.24254;48.8601;2.3112;14
13:23:39.036;48.8722;2.27687;48.8842;2.24254;48.8603;2.3112;14
13:23:39.600;48.8721;2.27687;48.884;2.24254;48.8602;2.3112;14
13:23:39.601;48.8714;2.2767;48.8833;2.24237;48.8594;2.31104;14
13:23:39.707;48.8695;2.27559;48.8814;2.24126;48.8575;2.30992;14
13:23:39.707;48.8684;2.2749;48.8804;2.24057;48.8565;2.30923;14
13:23:39.940;48.8665;2.27336;48.8784;2.23903;48.8545;2.30769;14
13:23:39.940;48.866;2.27292;48.8779;2.23859;48.854;2.30725;14
13:23:39.941;48.8653;2.27267;48.8773;2.23834;48.8534;2.30701;14
13:23:40.415;48.8652;2.27267;48.8771;2.23834;48.8532;2.30701;14
13:23:40.415;48.8644;2.27267;48.8764;2.23834;48.8525;2.30701;14
13:23:40.616;48.8615;2.27078;48.8735;2.23645;48.8496;2.30511;14
13:23:40.616;48.8608;2.26993;48.8728;2.2356;48.8489;2.30426;14
13:23:40.660;48.8593;2.26846;48.8712;2.23413;48.8474;2.3028;14
13:23:40.754;48.8593;2.26846;48.8712;2.23413;48.8474;2.3028;14
13:23:42.586;48.8593;2.26846;48.8653;2.2513;48.8533;2.28563;15
13:23:43.310;48.8584;2.26799;48.8643;2.25082;48.8524;2.28516;15
13:23:43.310;48.8567;2.26649;48.8627;2.24933;48.8508;2.28366;15
13:23:43.619;48.8548;2.26494;48.8608;2.24777;48.8488;2.2821;15
13:23:44.095;48.8544;2.26494;48.8604;2.24777;48.8485;2.2821;15
13:23:44.095;48.8516;2.26375;48.8575;2.24658;48.8456;2.28091;15
13:23:44.302;48.8515;2.26375;48.8574;2.24658;48.8455;2.28091;15
13:23:45.604;48.8515;2.26378;48.8574;2.24661;48.8455;2.28094;15
13:23:45.604;48.8502;2.26534;48.8562;2.24817;48.8443;2.2825;15
13:23:45.821;48.85;2.26666;48.8559;2.2495;48.844;2.28383;15
13:23:46.975;48.8501;2.26683;48.856;2.24966;48.8441;2.284;15
13:23:47.210;48.8529;2.26804;48.8589;2.25087;48.8469;2.2852;15
13:23:47.635;48.8531;2.2683;48.8591;2.25113;48.8471;2.28546;15
13:23:47.635;48.8555;2.26868;48.8615;2.25151;48.8495;2.28584;15
13:23:48.273;48.8556;2.26877;48.8616;2.2516;48.8497;2.28593;15
13:23:48.273;48.8575;2.26927;48.8635;2.25211;48.8516;2.28644;15
13:23:48.508;48.8588;2.2688;48.8647;2.25163;48.8528;2.28596;15
13:23:48.959;48.8588;2.2692;48.8648;2.25203;48.8528;2.28636;15
13:23:48.959;48.8614;2.27039;48.8674;2.25323;48.8554;2.28757;15
13:23:50.227;48.8612;2.27043;48.8672;2.25327;48.8552;2.2876;15
13:23:50.227;48.8619;2.27194;48.8679;2.25478;48.8559;2.28911;15
13:23:50.301;48.863;2.27348;48.869;2.25632;48.8571;2.29065;15
13:23:51.858;48.863;2.27353;48.869;2.25636;48.8571;2.2907;15
13:23:51.859;48.8627;2.27405;48.8687;2.25688;48.8568;2.29121;15
13:23:52.108;48.8627;2.27602;48.8686;2.25885;48.8567;2.29318;15
13:23:52.108;48.8626;2.27682;48.8685;2.25966;48.8566;2.29399;15
13:23:52.389;48.8623;2.27777;48.8683;2.2606;48.8563;2.29494;15
13:23:52.390;48.8623;2.27782;48.8683;2.26065;48.8564;2.29498;15
13:23:53.305;48.8624;2.27782;48.8683;2.26065;48.8564;2.29498;15
13:23:53.305;48.8627;2.27682;48.8686;2.25966;48.8567;2.29399;15
13:23:53.560;48.8639;2.27602;48.8699;2.25885;48.858;2.29318;15
13:23:53.561;48.8647;2.27559;48.8707;2.25842;48.8587;2.29276;15
13:23:53.659;48.8656;2.27512;48.8716;2.25795;48.8596;2.29228;15
13:23:54.247;48.8656;2.27512;48.8716;2.25795;48.8596;2.29228;15
13:23:54.247;48.867;2.27512;48.8729;2.25795;48.861;2.29228;15
13:23:54.300;48.8691;2.27443;48.8751;2.25726;48.8631;2.2916;15
13:23:55.776;48.8691;2.27443;48.8751;2.25726;48.8631;2.2916;15
13:23:55.776;48.8688;2.27451;48.8748;2.25735;48.8629;2.29169;15
13:23:56.026;48.868;2.27469;48.874;2.25752;48.8621;2.29185;15
13:23:56.027;48.8669;2.27429;48.8729;2.25713;48.8609;2.29146;15
13:23:56.237;48.8652;2.27246;48.8712;2.25528;48.8593;2.28961;15
13:23:56.238;48.8648;2.27228;48.8708;2.25511;48.8589;2.28944;15
13:23:56.546;48.8648;2.27228;48.8708;2.25511;48.8589;2.28944;15
13:23:56.546;48.8637;2.27199;48.8697;2.25482;48.8577;2.28915;15
13:23:56.812;48.8615;2.26988;48.8674;2.25272;48.8555;2.28705;15
13:23:57.173;48.8614;2.26993;48.8674;2.25276;48.8554;2.28709;15
13:23:57.173;48.8589;2.26927;48.8648;2.25211;48.8529;2.28644;15
13:23:57.441;48.8583;2.26889;48.8643;2.25172;48.8523;2.28606;15
13:23:58.203;48.8583;2.26889;48.8643;2.25172;48.8523;2.28606;15
13:23:58.658;48.8566;2.26906;48.8626;2.25189;48.8507;2.28622;15
13:23:58.658;48.8554;2.26851;48.8614;2.25134;48.8495;2.28568;15
13:23:59.281;48.8554;2.26851;48.8614;2.25134;48.8495;2.28568;15
13:23:59.281;48.853;2.26816;48.8589;2.25099;48.847;2.28532;15
13:23:59.515;48.8528;2.26816;48.8588;2.25099;48.8469;2.28532;15
13:24:00.486;48.8528;2.26825;48.8588;2.25108;48.8469;2.28542;15
13:24:00.486;48.8517;2.26859;48.8577;2.25142;48.8458;2.28575;15
13:24:00.765;48.8506;2.26851;48.8566;2.25134;48.8446;2.28568;15
13:24:00.766;48.8505;2.26834;48.8565;2.25116;48.8446;2.28549;15
13:24:04.138;48.8505;2.26834;48.8535;2.25975;48.8476;2.27692;16
13:24:06.585;48.8505;2.26834;48.852;2.26404;48.8491;2.27263;17
13:24:07.407;48.8505;2.26834;48.8513;2.26619;48.8498;2.27048;18
13:24:09.062;48.8505;2.26837;48.8513;2.26624;48.8498;2.27052;18
13:24:09.062;48.8506;2.26846;48.8513;2.26631;48.8498;2.27061;18
13:24:09.298;48.8507;2.26851;48.8514;2.26636;48.8499;2.27065;18
13:24:09.298;48.8508;2.26851;48.8515;2.26636;48.85;2.27065;18
13:24:09.475;48.8508;2.26852;48.8515;2.26639;48.8501;2.27065;18
13:24:09.476;48.8508;2.26852;48.8515;2.26639;48.8501;2.27068;18
13:24:10.152;48.8508;2.26852;48.8515;2.26639;48.8501;2.27068;18
13:24:11.372;48.8508;2.26852;48.8515;2.26639;48.8501;2.27068;18
13:24:12.538;48.8508;2.26852;48.8515;2.26639;48.8501;2.27068;18
13:24:12.538;48.8507;2.26846;48.8515;2.26631;48.85;2.27061;18
13:24:12.756;48.8506;2.2684;48.8514;2.26625;48.8499;2.27054;18
13:24:12.757;48.8506;2.26836;48.8513;2.2662;48.8498;2.27051;18
13:24:12.975;48.8506;2.26834;48.8513;2.26619;48.8498;2.27048;18
13:24:12.976;48.8506;2.26831;48.8513;2.26616;48.8498;2.27046;18
13:24:41.012;48.8506;2.26831;48.8521;2.26402;48.8491;2.2726;17
13:24:47.265;48.8506;2.26831;48.8536;2.25974;48.8476;2.2769;16
13:24:48.483;48.8506;2.26831;48.8565;2.25114;48.8446;2.28548;15
13:24:50.530;48.8506;2.26831;48.8565;2.25114;48.8446;2.28548;15
13:24:50.530;48.8494;2.26779;48.8554;2.25063;48.8435;2.28496;15
13:24:50.929;48.8483;2.26793;48.8542;2.25076;48.8423;2.2851;15
13:24:50.929;48.8476;2.26772;48.8535;2.25055;48.8416;2.28488;15
13:24:51.446;48.8475;2.26779;48.8535;2.25063;48.8415;2.28496;15
13:24:51.446;48.8471;2.26978;48.8531;2.25261;48.8411;2.28694;15
13:24:51.766;48.8466;2.27269;48.8526;2.25552;48.8406;2.28986;15
13:24:51.767;48.8466;2.27325;48.8525;2.25609;48.8406;2.29042;15
13:24:52.413;48.8465;2.27333;48.8525;2.25616;48.8405;2.2905;15
13:24:52.413;48.8462;2.27577;48.8522;2.25861;48.8403;2.29294;15
13:24:52.511;48.8453;2.2778;48.8513;2.26064;48.8394;2.29497;15
13:24:53.124;48.8452;2.2778;48.8512;2.26064;48.8393;2.29497;15
13:24:53.124;48.8439;2.27698;48.8499;2.25981;48.8379;2.29414;15
13:24:53.391;48.8429;2.27582;48.8489;2.25865;48.837;2.29298;15
13:24:53.391;48.8428;2.27539;48.8488;2.25822;48.8368;2.29256;15
13:24:56.242;48.8428;2.27539;48.8458;2.26682;48.8398;2.28398;16
13:24:57.022;48.8421;2.27498;48.8451;2.2664;48.8391;2.28357;16
13:24:57.022;48.8418;2.2747;48.8448;2.26613;48.8388;2.28329;16
13:24:57.533;48.8417;2.27449;48.8447;2.26591;48.8387;2.28308;16
13:25:09.156;48.8417;2.27449;48.8432;2.2702;48.8402;2.27878;17
13:25:10.030;48.8416;2.27477;48.8431;2.27048;48.8402;2.27907;17
13:25:10.030;48.8414;2.27495;48.8429;2.27065;48.84;2.27924;17
13:25:10.282;48.841;2.27509;48.8425;2.2708;48.8395;2.27939;17
13:25:10.282;48.841;2.27513;48.8425;2.27084;48.8395;2.2794;17
13:25:10.486;48.8409;2.27513;48.8424;2.27084;48.8394;2.27943;17
13:25:10.486;48.8409;2.27507;48.8424;2.27078;48.8394;2.27936;17
13:25:11.585;48.8409;2.27507;48.8417;2.27292;48.8402;2.27722;18
13:25:12.296;48.8408;2.27518;48.8415;2.27303;48.84;2.27733;18
13:25:12.296;48.8407;2.27521;48.8414;2.27306;48.84;2.27734;18
13:25:12.577;48.8406;2.27521;48.8413;2.27306;48.8399;2.27734;18
13:25:12.577;48.8406;2.27521;48.8413;2.27306;48.8398;2.27734;18
13:25:12.661;48.8406;2.27522;48.8413;2.27307;48.8398;2.27734;18
13:25:12.661;48.8406;2.27516;48.8413;2.27301;48.8398;2.2773;18
13:25:17.710;48.8406;2.27516;48.8413;2.27301;48.8398;2.2773;18
13:25:18.350;48.8406;2.27516;48.8413;2.27301;48.8398;2.2773;18
13:25:19.266;48.8406;2.27516;48.8413;2.27301;48.8398;2.2773;18
13:25:27.226;48.8406;2.27516;48.8421;2.27086;48.8391;2.27945;17
13:25:27.699;48.8406;2.27516;48.8436;2.26657;48.8376;2.28374;16
13:25:32.546;48.8406;2.27516;48.8436;2.26657;48.8376;2.28374;16
13:25:32.546;48.8409;2.27521;48.8439;2.26662;48.8379;2.28377;16
13:25:32.764;48.8419;2.27521;48.8448;2.26662;48.8389;2.28377;16
13:25:32.764;48.8426;2.27516;48.8456;2.26657;48.8396;2.28374;16
13:25:33.172;48.8426;2.27516;48.8456;2.26657;48.8396;2.28374;16
13:25:33.172;48.8432;2.27571;48.8462;2.26714;48.8402;2.2843;16
13:25:33.446;48.8443;2.27679;48.8473;2.2682;48.8413;2.28537;16
13:25:33.446;48.8447;2.27696;48.8477;2.26837;48.8417;2.28554;16
13:25:33.867;48.8447;2.27701;48.8477;2.26842;48.8417;2.28557;16
13:25:33.868;48.8454;2.27773;48.8484;2.26915;48.8424;2.28632;16
13:25:34.178;48.8461;2.27838;48.8491;2.26979;48.8431;2.28696;16
13:25:34.245;48.8461;2.27846;48.8491;2.26988;48.8431;2.28702;16
13:25:35.374;48.8461;2.27846;48.8476;2.27417;48.8446;2.28273;17
13:25:36.100;48.8461;2.27841;48.8476;2.27412;48.8446;2.28268;17
13:25:36.100;48.8463;2.27812;48.8478;2.27383;48.8448;2.28241;17
13:25:36.229;48.8464;2.27803;48.8479;2.27374;48.8449;2.28232;17
13:26:06.561;48.8464;2.27803;48.8493;2.26945;48.8434;2.28662;16
13:26:08.936;48.8464;2.27803;48.8523;2.26086;48.8404;2.2952;15
13:26:10.031;48.8462;2.27803;48.8522;2.26086;48.8402;2.2952;15
13:26:10.031;48.8443;2.27812;48.8503;2.26096;48.8383;2.29529;15
13:26:10.365;48.8426;2.27808;48.8486;2.26091;48.8366;2.29524;15
13:26:10.366;48.841;2.27748;48.847;2.26031;48.835;2.29465;15
13:26:10.444;48.8409;2.2773;48.8469;2.26013;48.8349;2.29446;15
13:26:19.998;48.8407;2.27748;48.8467;2.26031;48.8347;2.29465;15
13:26:19.999;48.8407;2.27769;48.8467;2.26053;48.8348;2.29486;15
13:26:20.271;48.8416;2.27748;48.8476;2.26031;48.8357;2.29465;15
13:26:20.272;48.8423;2.27713;48.8483;2.25996;48.8363;2.2943;15
13:26:20.553;48.8428;2.27696;48.8488;2.2598;48.8368;2.29413;15
13:26:20.553;48.8434;2.27666;48.8494;2.25949;48.8375;2.29382;15
13:26:20.835;48.844;2.27635;48.85;2.25919;48.838;2.29352;15
13:26:21.672;48.844;2.27635;48.85;2.25919;48.838;2.29352;15
13:26:21.672;48.8431;2.2767;48.8491;2.25954;48.8371;2.29387;15
13:26:21.936;48.8422;2.27708;48.8482;2.25992;48.8363;2.29425;15
13:26:21.936;48.8419;2.27722;48.8479;2.26006;48.8359;2.29439;15
13:26:22.256;48.8412;2.27739;48.8472;2.26022;48.8353;2.29456;15
13:26:22.256;48.8408;2.2776;48.8467;2.26044;48.8348;2.29477;15
13:26:22.334;48.8407;2.27748;48.8467;2.26031;48.8348;2.29465;15
13:26:23.577;48.8407;2.27748;48.8467;2.26031;48.8348;2.29465;15
13:26:23.577;48.8407;2.27748;48.8467;2.26031;48.8348;2.29465;15
13:26:24.984;48.8407;2.27748;48.8437;2.26889;48.8378;2.28606;16
13:26:25.842;48.8407;2.27748;48.8437;2.26889;48.8378;2.28606;16
13:26:25.842;48.8402;2.27759;48.8432;2.269;48.8372;2.28616;16
13:26:26.085;48.8398;2.27766;48.8428;2.26909;48.8368;2.28625;16
13:26:26.085;48.8397;2.27766;48.8427;2.26909;48.8368;2.28625;16
13:26:33.179;48.8397;2.27766;48.8413;2.27338;48.8383;2.28195;17
13:26:34.054;48.8397;2.27766;48.8413;2.27338;48.8383;2.28195;17
13:26:34.054;48.8398;2.27782;48.8413;2.27353;48.8383;2.28209;17
13:26:34.319;48.8401;2.27791;48.8416;2.27361;48.8386;2.28218;17
13:26:34.319;48.8402;2.27791;48.8417;2.27361;48.8388;2.28218;17
13:26:34.537;48.8404;2.27783;48.8419;2.27354;48.8389;2.28214;17
13:26:34.537;48.8405;2.27777;48.842;2.27348;48.8391;2.28207;17
13:26:34.748;48.8407;2.27769;48.8422;2.27339;48.8392;2.28198;17
13:26:34.748;48.8407;2.27765;48.8422;2.27336;48.8392;2.28194;17
13:26:34.782;48.8408;2.2776;48.8423;2.27332;48.8393;2.28188;17
13:26:35.897;48.8408;2.2776;48.8423;2.27332;48.8393;2.28189;17
13:26:35.897;48.8405;2.27769;48.842;2.27339;48.839;2.28198;17
13:26:36.147;48.8402;2.27765;48.8417;2.27336;48.8387;2.28194;17
13:26:36.147;48.84;2.27756;48.8415;2.27327;48.8385;2.28185;17
13:26:36.321;48.8397;2.27745;48.8412;2.27316;48.8382;2.28174;17
13:26:36.321;48.8397;2.27739;48.8412;2.2731;48.8382;2.28168;17
13:26:36.968;48.8397;2.27739;48.8412;2.2731;48.8382;2.28168;17
13:26:36.968;48.8394;2.27751;48.8408;2.27322;48.8379;2.28178;17
13:26:37.256;48.839;2.2776;48.8405;2.27332;48.8375;2.28189;17
13:26:37.257;48.8388;2.2776;48.8403;2.27332;48.8373;2.28188;17
13:26:37.493;48.8388;2.27756;48.8402;2.27327;48.8373;2.28185;17
13:26:37.493;48.8387;2.27754;48.8402;2.27325;48.8372;2.28183;17
13:26:37.653;48.8386;2.27754;48.8401;2.27325;48.8371;2.28183;17
13:26:37.653;48.8385;2.27748;48.84;2.27318;48.837;2.28177;17
13:26:52.303;48.8385;2.27748;48.84;2.27318;48.837;2.28177;17
13:26:52.303;48.8386;2.27769;48.8401;2.27339;48.8371;2.28195;17
13:26:52.522;48.8393;2.27834;48.8408;2.27405;48.8378;2.28262;17
13:26:52.522;48.8396;2.27844;48.8411;2.27415;48.8381;2.28273;17
13:26:52.772;48.84;2.27838;48.8414;2.27408;48.8385;2.28267;17
13:26:52.772;48.84;2.27838;48.8415;2.27408;48.8385;2.28267;17
13:26:54.967;48.84;2.27838;48.8414;2.27408;48.8385;2.28267;17
13:26:54.967;48.8398;2.27838;48.8413;2.27408;48.8383;2.28264;17
13:26:55.201;48.8394;2.27824;48.8409;2.27396;48.8379;2.28252;17
13:26:55.201;48.8392;2.2782;48.8407;2.27391;48.8377;2.2825;17
13:26:55.451;48.8391;2.27817;48.8406;2.27386;48.8377;2.28246;17
13:26:55.451;48.8391;2.27817;48.8406;2.27386;48.8376;2.28246;17
13:26:55.489;48.8391;2.27814;48.8406;2.27385;48.8376;2.28242;17
13:26:55.656;48.8391;2.27814;48.8406;2.27385;48.8376;2.28242;17
13:26:56.186;48.8391;2.27814;48.8406;2.27385;48.8376;2.28242;17
13:26:56.186;48.8391;2.27812;48.8406;2.27383;48.8377;2.28239;17
13:26:56.397;48.8393;2.2782;48.8408;2.27391;48.8378;2.28247;17
13:26:56.397;48.8394;2.2782;48.8409;2.27391;48.8379;2.2825;17
13:26:56.686;48.8396;2.27824;48.8411;2.27396;48.8381;2.28253;17
13:26:56.686;48.8397;2.27824;48.8412;2.27396;48.8382;2.28253;17
13:26:56.842;48.8398;2.27827;48.8413;2.27397;48.8383;2.28256;17
13:26:56.842;48.8398;2.27827;48.8413;2.27397;48.8383;2.28256;17
13:27:12.836;48.8398;2.27829;48.8413;2.274;48.8383;2.28258;17
13:27:12.836;48.8392;2.27855;48.8407;2.27426;48.8377;2.28284;17
13:27:13.069;48.8387;2.27888;48.8402;2.2746;48.8372;2.28316;17
13:27:13.070;48.8384;2.27902;48.8399;2.27473;48.8369;2.28329;17
13:27:13.155;48.8383;2.27902;48.8397;2.27473;48.8368;2.28331;17
13:27:15.905;48.8383;2.27902;48.8412;2.27043;48.8353;2.2876;16
13:27:16.789;48.8383;2.27899;48.8412;2.27042;48.8353;2.28758;16
13:27:17.108;48.8378;2.27792;48.8408;2.26935;48.8349;2.28651;16
13:27:17.108;48.8376;2.27698;48.8405;2.2684;48.8346;2.28557;16
13:27:17.779;48.8371;2.27531;48.8401;2.26672;48.8341;2.28389;16
13:27:17.780;48.8368;2.27443;48.8398;2.26584;48.8338;2.283;16
13:27:17.780;48.8365;2.27347;48.8395;2.26488;48.8335;2.28204;16
13:27:17.780;48.8362;2.27274;48.8392;2.26414;48.8333;2.28131;16
13:27:17.780;48.8362;2.27274;48.8392;2.26414;48.8333;2.28131;16
13:27:19.869;48.8362;2.27274;48.8392;2.26414;48.8332;2.28131;16
13:27:19.869;48.8362;2.27264;48.8391;2.26407;48.8332;2.28123;16
13:27:20.265;48.8361;2.27271;48.8391;2.26413;48.8331;2.2813;16
13:27:20.265;48.836;2.27248;48.839;2.26389;48.8331;2.28105;16
13:27:20.265;48.836;2.27223;48.839;2.26366;48.8331;2.28082;16
13:27:20.490;48.836;2.27275;48.839;2.26418;48.833;2.28134;16
13:27:20.491;48.836;2.27458;48.839;2.26599;48.833;2.28316;16
13:27:20.726;48.8362;2.27527;48.8392;2.26668;48.8332;2.28384;16
13:27:21.021;48.8363;2.27534;48.8392;2.26677;48.8333;2.28394;16
13:27:21.397;48.8364;2.27866;48.8394;2.27007;48.8335;2.28723;16
13:27:21.397;48.8367;2.28102;48.8397;2.27243;48.8337;2.2896;16
13:27:21.719;48.8369;2.28304;48.8399;2.27444;48.8339;2.29161;16
13:27:21.720;48.837;2.28316;48.84;2.27458;48.834;2.29175;16
13:27:22.390;48.837;2.28316;48.84;2.27458;48.834;2.29175;16
13:27:22.391;48.8367;2.28406;48.8397;2.27548;48.8337;2.29265;16
13:27:22.650;48.8364;2.28589;48.8394;2.2773;48.8334;2.29446;16
13:27:22.650;48.8362;2.2869;48.8391;2.27831;48.8332;2.29547;16
13:27:23.565;48.8359;2.28773;48.8389;2.27914;48.833;2.29631;16
13:27:23.565;48.836;2.28831;48.839;2.27972;48.8331;2.29689;16
13:27:23.995;48.836;2.28844;48.839;2.27986;48.8331;2.29703;16
13:27:23.995;48.8358;2.29085;48.8388;2.28226;48.8328;2.29942;16
13:27:24.311;48.8354;2.29312;48.8384;2.28453;48.8324;2.3017;16
13:27:24.312;48.8352;2.2941;48.8382;2.28552;48.8322;2.30269;16
13:27:24.390;48.8353;2.29443;48.8383;2.28584;48.8323;2.30301;16
13:27:25.319;48.8352;2.29466;48.8382;2.28607;48.8322;2.30324;16
13:27:25.320;48.8345;2.29593;48.8375;2.28734;48.8315;2.3045;16
13:27:25.394;48.8339;2.29747;48.8369;2.28889;48.8309;2.30606;16
13:27:26.430;48.8339;2.29747;48.8368;2.28889;48.8309;2.30606;16
13:27:26.431;48.8334;2.29758;48.8364;2.289;48.8305;2.30617;16
13:27:26.678;48.8325;2.29794;48.8355;2.28937;48.8296;2.30653;16
13:27:26.678;48.8322;2.29805;48.8352;2.28947;48.8292;2.30664;16
13:27:26.914;48.832;2.29808;48.835;2.28949;48.829;2.30666;16
13:27:26.914;48.8321;2.29794;48.8351;2.28937;48.8291;2.30653;16
13:27:34.561;48.8321;2.29794;48.8381;2.28078;48.8261;2.31511;15
13:27:36.709;48.8321;2.29794;48.8381;2.28078;48.8261;2.31511;15
13:27:37.052;48.8307;2.30074;48.8366;2.28357;48.8247;2.3179;15
13:27:37.053;48.8301;2.30197;48.8361;2.28482;48.8241;2.31915;15
13:27:37.485;48.8288;2.3046;48.8348;2.28743;48.8229;2.32176;15
13:27:37.485;48.8283;2.3055;48.8342;2.28833;48.8223;2.32266;15
13:27:37.486;48.8277;2.30653;48.8337;2.28937;48.8217;2.3237;15
13:27:39.124;48.8274;2.30656;48.8333;2.2894;48.8214;2.32373;15
13:27:39.124;48.8265;2.3082;48.8324;2.29103;48.8205;2.32536;15
13:27:39.458;48.8248;2.31473;48.8308;2.29756;48.8189;2.33189;15
13:27:39.458;48.8248;2.31696;48.8308;2.29979;48.8188;2.33412;15
13:27:40.526;48.8248;2.31696;48.8368;2.28262;48.8129;2.35129;14
13:27:43.756;48.8247;2.31747;48.8366;2.28314;48.8127;2.35181;14
13:27:43.756;48.8246;2.31953;48.8365;2.2852;48.8126;2.35387;14
13:27:44.084;48.824;2.32529;48.836;2.29095;48.8121;2.35962;14
13:27:44.085;48.8227;2.33173;48.8347;2.29739;48.8108;2.36606;14
13:27:44.319;48.8225;2.33455;48.8344;2.30022;48.8105;2.36888;14
13:27:46.616;48.8225;2.33455;48.8344;2.30022;48.8105;2.36888;14
13:27:46.616;48.8231;2.3373;48.835;2.30296;48.8111;2.37163;14
13:27:47.206;48.8254;2.34769;48.8373;2.31335;48.8134;2.38202;14
13:27:47.206;48.8246;2.35413;48.8365;2.31979;48.8126;2.38846;14
13:27:47.757;48.8232;2.36021;48.8351;2.32588;48.8112;2.39455;14
13:27:47.757;48.8233;2.35988;48.8353;2.32555;48.8114;2.39421;14
13:27:50.085;48.8228;2.36047;48.8348;2.32614;48.8109;2.39481;14
13:27:50.085;48.8226;2.37798;48.8345;2.34364;48.8106;2.41231;14
13:27:50.385;48.8224;2.38553;48.8344;2.3512;48.8105;2.41986;14
13:27:52.833;48.8224;2.38588;48.8343;2.35155;48.8104;2.42021;14
13:27:52.833;48.8236;2.40167;48.8356;2.36734;48.8117;2.436;14
13:27:53.193;48.8242;2.40691;48.8361;2.37257;48.8122;2.44124;14
13:27:53.194;48.8245;2.40707;48.8364;2.37274;48.8125;2.44141;14
13:27:54.312;48.8244;2.40717;48.8364;2.37283;48.8125;2.4415;14
13:27:54.312;48.8233;2.41574;48.8353;2.38141;48.8114;2.45007;14
13:27:54.530;48.8231;2.42142;48.835;2.38708;48.8111;2.45575;14
13:27:54.530;48.8229;2.4239;48.8348;2.38957;48.8109;2.45824;14
13:27:54.612;48.8236;2.42519;48.8356;2.39085;48.8117;2.45952;14
13:27:56.618;48.8235;2.42554;48.8355;2.3912;48.8116;2.45987;14
13:27:56.832;48.8231;2.42992;48.8351;2.39558;48.8112;2.46425;14
13:27:56.832;48.8229;2.43274;48.8348;2.39841;48.8109;2.46707;14
13:27:57.008;48.8233;2.4361;48.8352;2.40176;48.8113;2.47043;14
13:27:57.008;48.8234;2.43695;48.8354;2.40262;48.8115;2.47128;14
13:27:57.371;48.8239;2.43764;48.8358;2.40331;48.812;2.47197;14
13:27:57.371;48.8244;2.43806;48.8363;2.40373;48.8124;2.4724;14
13:27:57.371;48.8247;2.43909;48.8366;2.40475;48.8127;2.47342;14
13:27:58.920;48.8247;2.43918;48.8366;2.40485;48.8127;2.47351;14
13:27:58.920;48.8255;2.44012;48.8374;2.40579;48.8135;2.47446;14
13:27:59.139;48.8268;2.44098;48.8387;2.40665;48.8148;2.47531;14
13:27:59.139;48.8276;2.44176;48.8395;2.40742;48.8156;2.47609;14
13:27:59.343;48.8289;2.44356;48.8408;2.40923;48.8169;2.47789;14
13:27:59.343;48.8292;2.44373;48.8412;2.40939;48.8173;2.47806;14
13:27:59.576;48.8299;2.44373;48.8418;2.40939;48.8179;2.47806;14
13:27:59.576;48.8302;2.44373;48.8422;2.40939;48.8183;2.47806;14
13:27:59.756;48.8307;2.44424;48.8427;2.40991;48.8188;2.47858;14
13:27:59.756;48.8311;2.44476;48.8431;2.41043;48.8192;2.4791;14
13:27:59.799;48.8315;2.44467;48.8435;2.41034;48.8196;2.479;14
13:28:05.212;48.8314;2.44441;48.8434;2.41008;48.8195;2.47874;14
13:28:05.213;48.8303;2.44356;48.8423;2.40923;48.8184;2.47789;14
13:28:05.461;48.8289;2.4409;48.8409;2.40657;48.817;2.47523;14
13:28:05.461;48.8287;2.43961;48.8406;2.40527;48.8167;2.47394;14
13:28:05.635;48.828;2.43797;48.8399;2.40364;48.816;2.47231;14
13:28:05.636;48.8278;2.43695;48.8397;2.40262;48.8158;2.47128;14
13:28:05.885;48.8267;2.43385;48.8387;2.39952;48.8148;2.46819;14
13:28:05.885;48.8265;2.433;48.8385;2.39867;48.8145;2.46733;14
13:28:05.985;48.826;2.43172;48.838;2.39738;48.8141;2.46605;14
13:28:05.986;48.8259;2.43129;48.8378;2.39696;48.8139;2.46562;14
13:28:06.282;48.8259;2.4312;48.8378;2.39687;48.8139;2.46553;14
13:28:06.282;48.8263;2.43103;48.8383;2.3967;48.8144;2.46536;14
13:28:08.133;48.8263;2.43103;48.8383;2.3967;48.8144;2.46536;14
13:28:08.133;48.8273;2.43385;48.8392;2.39952;48.8153;2.46819;14
13:28:08.375;48.8285;2.43584;48.8405;2.4015;48.8166;2.47017;14
13:28:08.376;48.8294;2.43721;48.8414;2.40288;48.8175;2.47154;14
13:28:08.603;48.831;2.43953;48.8429;2.4052;48.819;2.47386;14
13:28:08.603;48.8322;2.4409;48.8442;2.40657;48.8203;2.47523;14
13:28:08.862;48.8337;2.4427;48.8457;2.40837;48.8218;2.47704;14
13:28:08.863;48.8345;2.44382;48.8465;2.40948;48.8226;2.47815;14
13:28:08.895;48.8355;2.44527;48.8474;2.41093;48.8235;2.4796;14
13:28:08.895;48.8357;2.44553;48.8477;2.41119;48.8238;2.47986;14
13:28:08.999;48.8359;2.44553;48.8478;2.41119;48.8239;2.47986;14
13:28:16.506;48.8359;2.44571;48.8478;2.41138;48.8239;2.48004;14
13:28:16.506;48.835;2.44682;48.8469;2.41249;48.823;2.48116;14
13:28:16.756;48.8316;2.44846;48.8436;2.41412;48.8197;2.48279;14
13:28:16.756;48.8289;2.44974;48.8408;2.41541;48.8169;2.48407;14
13:28:17.341;48.8267;2.44983;48.8387;2.4155;48.8148;2.48416;14
13:28:17.341;48.8253;2.44965;48.8373;2.41531;48.8134;2.48398;14
13:28:17.341;48.8237;2.44922;48.8357;2.41489;48.8118;2.48355;14
13:28:17.341;48.8233;2.44922;48.8352;2.41489;48.8113;2.48355;14
13:28:17.342;48.8232;2.44931;48.8351;2.41498;48.8112;2.48364;14
13:28:17.342;48.8231;2.44931;48.8351;2.41498;48.8112;2.48364;14
13:28:25.506;48.8231;2.44931;48.8351;2.41498;48.8112;2.48364;14
13:28:25.506;48.8234;2.45;48.8354;2.41566;48.8115;2.48433;14
13:28:25.771;48.8256;2.45265;48.8376;2.41832;48.8136;2.48698;14
13:28:25.772;48.827;2.45369;48.839;2.41936;48.8151;2.48802;14
13:28:25.966;48.8291;2.45454;48.841;2.42021;48.8172;2.48888;14
13:28:25.967;48.8306;2.45445;48.8426;2.42012;48.8187;2.48878;14
13:28:25.967;48.8322;2.45464;48.8442;2.4203;48.8203;2.48897;14
13:28:26.119;48.8335;2.45464;48.8455;2.4203;48.8216;2.48897;14
13:28:26.119;48.8339;2.45445;48.8459;2.42012;48.8219;2.48878;14
13:28:26.242;48.8339;2.45438;48.8459;2.42004;48.8219;2.48871;14
13:28:26.378;48.834;2.45438;48.8459;2.42004;48.822;2.48871;14
13:28:26.578;48.8341;2.45438;48.846;2.42004;48.8221;2.48871;14
13:28:41.124;48.834;2.45438;48.846;2.42004;48.8221;2.48871;14
13:28:41.124;48.8355;2.45592;48.8475;2.42159;48.8236;2.49025;14
13:28:41.351;48.8372;2.45686;48.8491;2.42253;48.8252;2.4912;14
13:28:41.351;48.8384;2.4572;48.8504;2.42287;48.8265;2.49153;14
13:28:41.423;48.8402;2.45789;48.8522;2.42355;48.8283;2.49222;14
13:28:42.826;48.8402;2.45789;48.8462;2.44072;48.8343;2.47505;15
13:28:43.630;48.8407;2.45923;48.8466;2.44205;48.8347;2.47638;15
13:28:43.631;48.841;2.45973;48.847;2.44257;48.835;2.4769;15
13:28:43.766;48.8416;2.4603;48.8476;2.44313;48.8356;2.47746;15
13:28:43.766;48.842;2.46046;48.8479;2.4433;48.836;2.47763;15
13:28:43.886;48.842;2.46051;48.848;2.44334;48.836;2.47768;15
13:28:45.415;48.842;2.46051;48.845;2.45192;48.839;2.46909;16
13:28:46.294;48.8423;2.4615;48.8453;2.45291;48.8393;2.47008;16
13:28:46.294;48.8425;2.46219;48.8455;2.4536;48.8396;2.47076;16
13:28:46.508;48.8427;2.46265;48.8457;2.45407;48.8397;2.47124;16
13:28:48.028;48.8427;2.46265;48.8487;2.4455;48.8367;2.47983;15
13:29:08.940;48.8426;2.463;48.8485;2.44583;48.8366;2.48016;15
13:29:08.940;48.8427;2.46347;48.8486;2.4463;48.8367;2.48064;15
13:29:14.163;48.8427;2.46347;48.8546;2.42914;48.8307;2.4978;14
13:29:15.209;48.8417;2.45883;48.8536;2.4245;48.8298;2.49316;14
13:29:15.209;48.8416;2.45395;48.8535;2.41962;48.8296;2.48828;14
13:29:15.319;48.8415;2.45094;48.8535;2.41661;48.8296;2.48528;14
13:29:15.692;48.8409;2.45137;48.8529;2.41704;48.829;2.4857;14
13:29:15.692;48.8398;2.4397;48.8518;2.40536;48.8279;2.47403;14
13:29:15.851;48.8399;2.43591;48.8518;2.40158;48.8279;2.47025;14
13:29:16.249;48.8396;2.43617;48.8516;2.40184;48.8277;2.4705;14
13:29:16.249;48.8386;2.42905;48.8506;2.39471;48.8267;2.46338;14
13:29:16.355;48.8386;2.42201;48.8506;2.38768;48.8267;2.45634;14
13:29:16.832;48.8383;2.42244;48.8502;2.38811;48.8263;2.45677;14
13:29:16.833;48.8375;2.41257;48.8494;2.37823;48.8255;2.4469;14
13:29:17.097;48.838;2.40887;48.8499;2.37454;48.826;2.44321;14
13:29:17.669;48.8367;2.40785;48.8487;2.37352;48.8248;2.44218;14
13:29:17.670;48.8381;2.39944;48.85;2.36511;48.8261;2.43378;14
13:29:18.470;48.8378;2.3997;48.8498;2.36537;48.8259;2.43404;14
13:29:18.470;48.8379;2.38811;48.8499;2.35378;48.826;2.42244;14
13:29:19.616;48.8379;2.38742;48.8498;2.35309;48.8259;2.42175;14
13:29:19.617;48.8364;2.37643;48.8483;2.3421;48.8244;2.41077;14
13:29:20.818;48.8366;2.37617;48.8485;2.34184;48.8246;2.41051;14
13:29:20.819;48.8357;2.3615;48.8476;2.32716;48.8237;2.39583;14
13:29:21.415;48.8357;2.36133;48.8477;2.327;48.8238;2.39566;14
13:29:21.635;48.8352;2.34785;48.8471;2.31352;48.8232;2.38219;14
13:29:22.568;48.8354;2.34726;48.8473;2.31293;48.8234;2.38159;14
13:29:22.568;48.8345;2.32863;48.8465;2.2943;48.8226;2.36296;14
13:29:22.654;48.8345;2.32751;48.8464;2.29318;48.8225;2.36185;14
13:29:23.378;48.8342;2.32811;48.8462;2.29378;48.8223;2.36244;14
13:29:23.379;48.8311;2.31061;48.8431;2.27628;48.8192;2.34494;14
13:29:23.414;48.8309;2.30606;48.8429;2.27173;48.819;2.34039;14
13:29:24.538;48.8309;2.30632;48.8429;2.27199;48.819;2.34065;14
13:29:24.538;48.831;2.30426;48.843;2.26993;48.8191;2.33859;14
13:29:24.702;48.8308;2.2979;48.8428;2.26357;48.8189;2.33223;14
13:29:24.703;48.8307;2.29645;48.8426;2.26212;48.8187;2.33078;14
13:29:25.425;48.8308;2.29739;48.8428;2.26306;48.8189;2.33173;14
13:29:25.425;48.832;2.29893;48.8439;2.2646;48.82;2.33327;14
13:29:25.671;48.8341;2.30031;48.8461;2.26598;48.8222;2.33464;14
13:29:25.671;48.8349;2.30116;48.8468;2.26683;48.8229;2.33549;14
13:29:25.749;48.835;2.30074;48.847;2.2664;48.8231;2.33507;14
13:29:28.247;48.835;2.30074;48.841;2.28357;48.8291;2.3179;15
13:29:28.799;48.8349;2.30074;48.8408;2.28357;48.8289;2.3179;15
13:29:28.800;48.8353;2.2964;48.8413;2.27924;48.8293;2.31357;15
13:29:29.076;48.8355;2.29572;48.8415;2.27855;48.8295;2.31288;15
13:29:29.577;48.8352;2.29562;48.8412;2.27846;48.8293;2.31279;15
13:29:29.578;48.8352;2.29366;48.8411;2.27649;48.8292;2.31082;15
13:29:29.653;48.8352;2.29005;48.8412;2.27289;48.8293;2.30722;15
13:29:30.381;48.8351;2.29005;48.8411;2.27289;48.8291;2.30722;15
13:29:30.381;48.8357;2.28854;48.8416;2.27138;48.8297;2.30571;15
13:29:30.451;48.8363;2.28748;48.8423;2.27031;48.8303;2.30464;15
13:29:31.717;48.8363;2.28748;48.8393;2.27888;48.8333;2.29605;16
13:29:32.390;48.8366;2.28674;48.8396;2.27817;48.8336;2.29533;16
13:29:32.391;48.8372;2.28569;48.8402;2.27711;48.8342;2.29428;16
13:29:32.522;48.8373;2.28543;48.8403;2.27686;48.8343;2.29402;16
13:29:33.008;48.8372;2.28535;48.8401;2.27676;48.8342;2.29393;16
13:29:33.009;48.8373;2.28441;48.8403;2.27582;48.8343;2.29298;16
13:29:33.351;48.8375;2.28357;48.8405;2.27498;48.8345;2.29214;16
13:29:33.351;48.8375;2.28336;48.8405;2.27477;48.8345;2.29193;16
13:29:34.115;48.8375;2.2834;48.8405;2.27481;48.8345;2.29198;16
13:29:34.115;48.8379;2.28305;48.8409;2.27448;48.8349;2.29164;16
13:29:34.380;48.8386;2.28258;48.8416;2.274;48.8356;2.29117;16
13:29:34.380;48.8388;2.2825;48.8418;2.27391;48.8358;2.29108;16
13:29:34.510;48.839;2.28252;48.842;2.27394;48.836;2.29111;16
13:29:34.975;48.8389;2.28252;48.8419;2.27394;48.8359;2.29111;16
13:29:34.975;48.8394;2.2823;48.8424;2.27371;48.8364;2.29088;16
13:29:35.235;48.8396;2.28215;48.8426;2.27357;48.8366;2.29074;16
13:29:35.235;48.8396;2.28214;48.8426;2.27354;48.8366;2.29071;16
13:29:35.323;48.8396;2.28209;48.8426;2.2735;48.8367;2.29066;16
13:29:37.787;48.8396;2.28209;48.8411;2.2778;48.8382;2.28638;17
13:29:38.443;48.8396;2.2821;48.8411;2.27782;48.8381;2.28638;17
13:29:38.443;48.8394;2.28163;48.8409;2.27734;48.838;2.28593;17
13:29:38.708;48.8393;2.28091;48.8408;2.27661;48.8378;2.28517;17
13:29:38.709;48.8393;2.28078;48.8408;2.27649;48.8378;2.28505;17
13:29:39.178;48.8393;2.28078;48.8408;2.27649;48.8378;2.28505;17
13:29:39.178;48.8392;2.28056;48.8407;2.27628;48.8377;2.28485;17
13:29:39.435;48.8391;2.28009;48.8406;2.2758;48.8376;2.28438;17
13:29:39.435;48.839;2.28004;48.8405;2.27576;48.8376;2.28432;17
13:29:39.536;48.839;2.27994;48.8405;2.27565;48.8375;2.28424;17
13:29:39.916;48.8389;2.27992;48.8404;2.27563;48.8374;2.28421;17
13:29:39.917;48.8387;2.27979;48.8402;2.2755;48.8372;2.28409;17
13:29:40.216;48.8384;2.2795;48.8399;2.27521;48.8369;2.28377;17
13:29:40.216;48.8384;2.27945;48.8399;2.27516;48.8369;2.28374;17
13:29:40.311;48.8383;2.2794;48.8399;2.27512;48.8369;2.28369;17
13:29:40.458;48.8383;2.27936;48.8399;2.27507;48.8369;2.28366;17
13:29:41.873;48.8383;2.27936;48.8391;2.27722;48.8376;2.28151;18
13:29:42.677;48.8384;2.27936;48.8391;2.27722;48.8376;2.28149;18
13:29:42.678;48.8385;2.27925;48.8393;2.27711;48.8378;2.28137;18
13:29:42.708;48.8387;2.27921;48.8395;2.27707;48.838;2.28136;18
13:29:42.709;48.8388;2.27919;48.8395;2.27704;48.838;2.28131;18
13:29:43.081;48.8387;2.27914;48.8395;2.27701;48.838;2.2813;18
13:29:43.081;48.8388;2.27893;48.8396;2.27679;48.8381;2.28108;18
13:29:43.222;48.8389;2.27875;48.8396;2.2766;48.8381;2.28087;18
13:29:44.091;48.8389;2.27875;48.8396;2.2766;48.8381;2.28087;18
13:29:44.092;48.8389;2.27876;48.8396;2.27661;48.8381;2.28088;18
13:29:47.404;48.8389;2.27881;48.8396;2.27666;48.8382;2.28094;18
13:29:47.404;48.8392;2.27876;48.84;2.27661;48.8385;2.28091;18
13:29:47.732;48.8394;2.27866;48.8401;2.2765;48.8386;2.28081;18
13:29:47.732;48.8391;2.2793;48.8398;2.27715;48.8383;2.28145;18
13:29:47.733;48.8387;2.27946;48.8395;2.27733;48.838;2.28162;18
13:29:47.834;48.8387;2.27946;48.8402;2.27518;48.8372;2.28377;17
13:29:48.663;48.8387;2.27946;48.8402;2.27518;48.8372;2.28377;17
13:29:48.663;48.8386;2.27971;48.8401;2.27542;48.8371;2.284;17
13:29:48.896;48.8383;2.28009;48.8398;2.2758;48.8368;2.28438;17
13:29:48.896;48.8381;2.28026;48.8396;2.27597;48.8366;2.28456;17
13:29:48.989;48.838;2.2803;48.8395;2.27602;48.8365;2.28459;17
13:29:49.788;48.838;2.2803;48.8395;2.27602;48.8365;2.28459;17
13:29:49.789;48.8379;2.28046;48.8394;2.27617;48.8364;2.28473;17
13:29:50.005;48.8378;2.28055;48.8393;2.27625;48.8364;2.28484;17
13:29:50.005;48.8378;2.28058;48.8393;2.27629;48.8363;2.28485;17
13:29:50.255;48.8378;2.28058;48.8393;2.27629;48.8363;2.28485;17
13:29:50.350;48.8378;2.28056;48.8393;2.27628;48.8363;2.28485;17
13:29:50.350;48.8378;2.2805;48.8393;2.27621;48.8363;2.28477;17
13:29:50.493;48.8377;2.28035;48.8392;2.27606;48.8363;2.28464;17
13:29:51.005;48.8377;2.28036;48.8392;2.27608;48.8363;2.28464;17
13:29:51.006;48.8377;2.28029;48.8392;2.276;48.8362;2.28458;17
13:29:51.240;48.8377;2.27998;48.8392;2.2757;48.8362;2.28427;17
13:29:51.240;48.8377;2.27966;48.8392;2.27538;48.8362;2.28395;17
13:29:51.748;48.8377;2.27966;48.8385;2.27751;48.837;2.28181;18
13:29:52.466;48.8377;2.27966;48.8385;2.27751;48.837;2.28181;18
13:29:52.467;48.8377;2.27968;48.8385;2.27754;48.837;2.28183;18
13:29:52.685;48.8375;2.27951;48.8383;2.27737;48.8368;2.28166;18
13:29:52.686;48.8375;2.27943;48.8382;2.27728;48.8367;2.28157;18
13:29:52.797;48.8374;2.27933;48.8382;2.27718;48.8367;2.28146;18
13:30:55.576;48.8374;2.27933;48.8389;2.27502;48.8359;2.28362;17
13:30:56.264;48.8374;2.27933;48.8404;2.27074;48.8344;2.2879;16
13:30:57.931;48.8374;2.27933;48.8434;2.26215;48.8315;2.29648;15
13:30:58.461;48.8374;2.27933;48.8494;2.245;48.8255;2.31366;14
13:30:59.552;48.8377;2.27933;48.8497;2.245;48.8258;2.31366;14
13:30:59.552;48.8388;2.27863;48.8508;2.24429;48.8269;2.31296;14
13:30:59.659;48.8419;2.27803;48.8539;2.2437;48.83;2.31236;14
13:30:59.659;48.843;2.27795;48.8549;2.24362;48.831;2.31229;14
13:30:59.791;48.8433;2.27803;48.8553;2.2437;48.8314;2.31236;14
13:31:00.302;48.8433;2.27803;48.8553;2.2437;48.8314;2.31236;14
13:31:00.302;48.8448;2.27812;48.8567;2.24379;48.8328;2.31245;14
13:31:00.387;48.8461;2.27855;48.858;2.24422;48.8341;2.31288;14
13:31:00.388;48.8466;2.27907;48.8585;2.24474;48.8346;2.3134;14
13:31:00.531;48.8473;2.27966;48.8592;2.24533;48.8354;2.314;14
13:31:00.531;48.8474;2.27975;48.8594;2.24542;48.8355;2.31409;14
13:31:00.631;48.8475;2.27975;48.8594;2.24542;48.8355;2.31409;14
13:31:02.185;48.8475;2.27975;48.8535;2.26259;48.8415;2.29692;15
13:31:03.345;48.8475;2.27975;48.8505;2.27116;48.8445;2.28833;16
13:31:03.345;48.8474;2.27977;48.8504;2.27119;48.8444;2.28836;16
13:31:03.345;48.8475;2.27849;48.8505;2.2699;48.8445;2.28706;16
13:31:03.345;48.8475;2.27718;48.8505;2.26859;48.8445;2.28575;16
13:31:03.345;48.8474;2.27701;48.8504;2.26842;48.8445;2.28558;16
13:31:03.822;48.8474;2.27679;48.8504;2.2682;48.8444;2.28537;16
13:31:03.823;48.8474;2.27554;48.8504;2.26697;48.8444;2.28412;16
13:31:04.130;48.8474;2.27513;48.8504;2.26656;48.8445;2.28372;16
13:31:04.749;48.8474;2.27516;48.8504;2.26657;48.8444;2.28374;16
13:31:04.749;48.8477;2.27484;48.8507;2.26625;48.8447;2.28342;16
13:31:05.007;48.8479;2.27415;48.8509;2.26556;48.8449;2.28273;16
13:31:05.007;48.8479;2.274;48.8509;2.26541;48.8449;2.28258;16
13:31:05.623;48.8479;2.274;48.8509;2.26541;48.8449;2.28258;16
13:31:05.623;48.8483;2.27365;48.8513;2.26508;48.8453;2.28224;16
13:31:05.935;48.8488;2.27328;48.8517;2.26471;48.8458;2.28188;16
13:31:05.936;48.8488;2.27325;48.8518;2.26466;48.8458;2.28183;16
13:31:06.225;48.849;2.27325;48.852;2.26466;48.8461;2.28183;16
13:31:06.225;48.8491;2.27328;48.8521;2.26471;48.8461;2.28188;16
13:31:07.093;48.8491;2.27328;48.8506;2.269;48.8476;2.27759;17
13:31:08.099;48.8491;2.27328;48.8506;2.269;48.8476;2.27759;17
13:31:08.099;48.8492;2.27322;48.8507;2.26894;48.8477;2.27751;17
13:31:08.364;48.8493;2.27307;48.8508;2.26878;48.8478;2.27737;17
13:31:08.365;48.8494;2.27303;48.8509;2.26874;48.8479;2.27733;17
13:31:08.630;48.8496;2.27295;48.8511;2.26866;48.8481;2.27724;17
13:31:08.630;48.8497;2.27289;48.8512;2.26859;48.8482;2.27718;17
13:31:08.950;48.8498;2.27281;48.8513;2.26852;48.8483;2.27711;17
13:31:08.951;48.8499;2.27278;48.8514;2.26848;48.8484;2.27707;17
13:31:08.951;48.8499;2.2728;48.8514;2.26851;48.8484;2.27708;17
13:31:09.388;48.8499;2.27281;48.8514;2.26852;48.8484;2.27708;17
13:31:09.388;48.85;2.27248;48.8515;2.26819;48.8485;2.27675;17
13:31:09.635;48.85;2.27213;48.8515;2.26784;48.8485;2.27643;17
13:31:09.635;48.85;2.27196;48.8515;2.26767;48.8485;2.27625;17
13:31:09.704;48.8499;2.27155;48.8514;2.26726;48.8484;2.27585;17
13:31:10.411;48.8498;2.27155;48.8513;2.26726;48.8483;2.27585;17
13:31:10.412;48.8495;2.27158;48.851;2.26729;48.848;2.27585;17
13:31:10.630;48.8492;2.27162;48.8507;2.26732;48.8477;2.27588;17
13:31:10.631;48.8491;2.27158;48.8506;2.26729;48.8476;2.27586;17
13:31:11.091;48.8491;2.27158;48.8506;2.26729;48.8476;2.27586;17
13:31:11.091;48.8487;2.27153;48.8502;2.26724;48.8472;2.2758;17
13:31:11.147;48.8486;2.27153;48.8501;2.26724;48.8471;2.27582;17
13:31:12.155;48.8486;2.27158;48.8501;2.26729;48.8471;2.27586;17
13:31:12.156;48.8485;2.27162;48.85;2.26732;48.847;2.27588;17
13:31:12.458;48.8483;2.27164;48.8498;2.26735;48.8468;2.27592;17
13:31:12.459;48.8481;2.27164;48.8496;2.26735;48.8466;2.27592;17
13:31:12.586;48.8479;2.27165;48.8494;2.26736;48.8464;2.27596;17
13:31:13.624;48.8479;2.27165;48.8494;2.26736;48.8464;2.27596;17
13:31:13.624;48.8481;2.2717;48.8496;2.26741;48.8466;2.276;17
13:31:13.850;48.8483;2.27168;48.8498;2.2674;48.8468;2.27597;17
13:31:13.850;48.8484;2.27158;48.8499;2.26729;48.847;2.27585;17
13:31:13.911;48.8486;2.27127;48.8501;2.26698;48.8471;2.27554;17
13:31:14.662;48.8485;2.27127;48.85;2.26698;48.847;2.27554;17
13:31:14.663;48.8488;2.27121;48.8502;2.26692;48.8473;2.2755;17
13:31:14.911;48.849;2.27106;48.8505;2.26677;48.8475;2.27533;17
13:31:14.911;48.8492;2.27089;48.8507;2.2666;48.8477;2.27516;17
13:31:14.957;48.8492;2.2708;48.8507;2.26651;48.8477;2.27507;17
13:31:15.310;48.8492;2.2708;48.8507;2.26651;48.8477;2.27507;17
13:31:15.310;48.8494;2.27068;48.8509;2.26639;48.8479;2.27495;17
13:31:15.560;48.8498;2.27039;48.8513;2.2661;48.8483;2.27469;17
13:31:15.560;48.8499;2.27028;48.8514;2.26599;48.8484;2.27455;17
13:31:15.644;48.8499;2.27025;48.8514;2.26595;48.8484;2.27454;17
13:31:15.961;48.8499;2.27026;48.8514;2.26598;48.8484;2.27455;17
13:31:15.961;48.8503;2.27017;48.8517;2.26588;48.8488;2.27448;17
13:31:16.272;48.8506;2.26979;48.8521;2.2655;48.8491;2.27408;17
13:31:16.273;48.8506;2.26979;48.8521;2.2655;48.8491;2.27408;17
13:31:16.714;48.8506;2.26982;48.8521;2.26552;48.8491;2.27411;17
13:31:16.714;48.8509;2.26964;48.8524;2.26535;48.8494;2.27394;17
13:31:16.715;48.8512;2.26936;48.8527;2.26508;48.8497;2.27365;17
13:31:16.715;48.8512;2.2693;48.8527;2.26501;48.8498;2.27357;17
13:31:17.083;48.8512;2.2693;48.8527;2.26501;48.8498;2.27357;17
13:31:17.084;48.8514;2.2691;48.8529;2.26482;48.85;2.27339;17
13:31:17.224;48.8516;2.26906;48.8531;2.26477;48.8502;2.27336;17
13:31:18.586;48.8516;2.26909;48.8531;2.26479;48.8502;2.27336;17
13:31:18.586;48.8515;2.26924;48.853;2.26494;48.85;2.27353;17
13:31:18.802;48.8513;2.26921;48.8528;2.26492;48.8498;2.27348;17
13:31:18.802;48.8511;2.26913;48.8526;2.26483;48.8496;2.27339;17
13:31:18.990;48.8509;2.26898;48.8524;2.26468;48.8494;2.27327;17
13:31:18.990;48.8508;2.2688;48.8523;2.26451;48.8493;2.2731;17
13:31:19.624;48.8508;2.2688;48.8523;2.26451;48.8493;2.2731;17
13:31:19.624;48.8506;2.26851;48.8521;2.26422;48.8491;2.2728;17
13:31:19.849;48.8504;2.2681;48.8519;2.26381;48.849;2.27238;17
13:31:19.849;48.8503;2.26773;48.8518;2.26344;48.8488;2.27202;17
13:31:19.949;48.8502;2.26741;48.8516;2.26312;48.8487;2.27168;17
13:31:20.740;48.8501;2.26746;48.8516;2.26317;48.8486;2.27173;17
13:31:20.740;48.8503;2.26772;48.8517;2.26341;48.8488;2.272;17
13:31:20.974;48.8513;2.2681;48.8528;2.26381;48.8498;2.27238;17
13:31:20.974;48.8513;2.26805;48.8528;2.26376;48.8498;2.27232;17
13:31:21.294;48.8513;2.26808;48.8528;2.26378;48.8498;2.27237;17
13:31:21.295;48.8518;2.26819;48.8533;2.26389;48.8503;2.27248;17
13:31:21.578;48.8522;2.26819;48.8537;2.26389;48.8507;2.27248;17
13:31:21.578;48.8522;2.26816;48.8537;2.26387;48.8507;2.27246;17
13:31:25.975;48.8522;2.26816;48.853;2.26602;48.8515;2.27031;18
13:31:26.837;48.8522;2.26816;48.853;2.26602;48.8515;2.27031;18
13:31:26.837;48.8522;2.2682;48.8529;2.26605;48.8514;2.27036;18
13:31:27.148;48.852;2.2682;48.8527;2.26605;48.8512;2.27036;18
13:31:27.149;48.8518;2.26816;48.8526;2.26602;48.8511;2.27031;18
13:31:27.149;48.8518;2.26816;48.8526;2.26602;48.8511;2.27031;18
13:31:27.206;48.8518;2.26814;48.8526;2.26599;48.8511;2.27028;18
13:31:27.732;48.8518;2.26814;48.8526;2.26599;48.8511;2.27028;18
13:31:27.732;48.8517;2.26814;48.8524;2.26599;48.8509;2.27028;18
13:31:27.963;48.8515;2.26811;48.8522;2.26598;48.8507;2.27026;18
13:31:27.963;48.8515;2.26811;48.8522;2.26598;48.8507;2.27026;18
13:31:28.497;48.8515;2.26811;48.8522;2.26598;48.8507;2.27026;18
13:31:28.497;48.8513;2.26814;48.8521;2.26599;48.8506;2.27028;18
13:31:28.731;48.8512;2.2681;48.852;2.26595;48.8505;2.27025;18
13:31:28.732;48.8512;2.2681;48.852;2.26595;48.8505;2.27022;18
13:31:28.904;48.8512;2.2681;48.8519;2.26595;48.8504;2.27025;18
13:31:28.904;48.8512;2.26805;48.8519;2.26591;48.8504;2.2702;18
13:31:31.474;48.8512;2.26808;48.8519;2.26593;48.8504;2.27022;18
13:31:31.474;48.8512;2.26814;48.852;2.26599;48.8505;2.27028;18
13:31:31.724;48.8515;2.2682;48.8523;2.26605;48.8508;2.27036;18
13:31:31.724;48.8516;2.26822;48.8524;2.26608;48.8509;2.27037;18
13:31:32.091;48.8516;2.26822;48.8524;2.26608;48.8509;2.27037;18
13:31:32.092;48.8517;2.2682;48.8525;2.26605;48.851;2.27036;18
13:31:32.196;48.8518;2.2682;48.8526;2.26605;48.8511;2.27036;18
13:31:32.196;48.8519;2.2682;48.8526;2.26605;48.8511;2.27036;18
13:31:33.072;48.8518;2.26825;48.8526;2.2661;48.8511;2.27037;18
13:31:33.072;48.852;2.26825;48.8527;2.2661;48.8512;2.27039;18
13:31:33.101;48.852;2.26825;48.8528;2.2661;48.8513;2.27039;18
13:31:42.795;48.852;2.2683;48.8528;2.26614;48.8513;2.27043;18
13:31:42.795;48.8519;2.26836;48.8526;2.2662;48.8511;2.27051;18
13:31:43.052;48.8516;2.2684;48.8523;2.26625;48.8508;2.27052;18
13:31:43.052;48.8514;2.2684;48.8521;2.26625;48.8506;2.27052;18
13:31:43.247;48.8512;2.26836;48.8519;2.2662;48.8504;2.27048;18
13:31:43.248;48.8511;2.26831;48.8518;2.26616;48.8503;2.27046;18
13:31:43.301;48.8511;2.2683;48.8518;2.26614;48.8503;2.27042;18
13:31:47.974;48.8511;2.2683;48.8518;2.26614;48.8503;2.27042;18
13:31:47.974;48.8511;2.26842;48.8518;2.26627;48.8503;2.27057;18
13:31:48.255;48.8511;2.26862;48.8518;2.26646;48.8504;2.27075;18
13:31:48.255;48.8511;2.26877;48.8519;2.26662;48.8504;2.27089;18
13:31:48.458;48.8512;2.26906;48.852;2.26692;48.8505;2.27121;18
13:31:48.459;48.8513;2.2691;48.852;2.26697;48.8505;2.27126;18
13:31:48.920;48.8513;2.26915;48.852;2.267;48.8505;2.27127;18
13:31:48.920;48.8514;2.2692;48.8522;2.26704;48.8507;2.27133;18
13:31:49.129;48.8516;2.26926;48.8524;2.26711;48.8509;2.27141;18
13:31:49.129;48.8517;2.26926;48.8525;2.26711;48.851;2.27138;18
13:31:49.158;48.8519;2.26921;48.8526;2.26707;48.8511;2.27133;18
13:31:49.716;48.8519;2.26921;48.8526;2.26707;48.8511;2.27133;18
13:31:49.716;48.8519;2.2692;48.8527;2.26704;48.8512;2.27133;18
13:31:49.934;48.852;2.26915;48.8528;2.267;48.8513;2.2713;18
13:31:49.935;48.8521;2.2691;48.8528;2.26697;48.8513;2.27126;18
13:31:50.164;48.8521;2.2691;48.8528;2.26697;48.8513;2.27126;18
13:31:50.164;48.8521;2.2691;48.8528;2.26697;48.8513;2.27126;18
13:31:50.333;48.8521;2.2691;48.8528;2.26697;48.8513;2.27126;18
13:31:50.430;48.8521;2.2691;48.8528;2.26697;48.8513;2.27126;18
13:31:50.841;48.8521;2.2691;48.8528;2.26697;48.8513;2.27126;18
13:31:50.841;48.8521;2.26913;48.8528;2.26698;48.8513;2.27126;18
13:31:51.122;48.8519;2.26927;48.8526;2.26714;48.8511;2.27142;18
13:31:51.122;48.8517;2.26936;48.8525;2.26721;48.851;2.27148;18
13:31:51.252;48.8516;2.26942;48.8523;2.26729;48.8508;2.27155;18
13:31:51.252;48.8515;2.26942;48.8523;2.26729;48.8508;2.27155;18
13:32:10.591;48.8515;2.26942;48.8523;2.26729;48.8508;2.27155;18
13:32:10.591;48.8515;2.26953;48.8522;2.2674;48.8507;2.27168;18
13:32:10.809;48.8513;2.26964;48.852;2.2675;48.8506;2.27179;18
13:32:10.810;48.8512;2.26959;48.8519;2.26746;48.8504;2.27174;18
13:32:11.036;48.851;2.26956;48.8517;2.26741;48.8503;2.2717;18
13:32:11.036;48.8509;2.26956;48.8516;2.26741;48.8502;2.2717;18
13:32:11.193;48.8507;2.26962;48.8514;2.26747;48.8499;2.27176;18
13:32:11.193;48.8506;2.26967;48.8514;2.26752;48.8499;2.27179;18
13:32:11.322;48.8506;2.26964;48.8514;2.2675;48.8499;2.27179;18
