11:31:14.258;48.8547;2.34866;48.9025;2.21133;48.8069;2.48599;12
11:31:14.336;48.8529;2.35486;48.9007;2.21753;48.8051;2.49219;12
11:31:14.398;48.8502;2.35382;48.898;2.21649;48.8024;2.49115;12
11:31:14.513;48.85;2.35349;48.8977;2.21616;48.8022;2.49081;12
11:31:14.513;48.85;2.35278;48.8977;2.21545;48.8022;2.49011;12
11:31:14.609;48.8495;2.35107;48.8973;2.21375;48.8017;2.4884;12
11:31:14.699;48.8495;2.35074;48.8973;2.21341;48.8017;2.48807;12
11:31:14.784;48.8495;2.35039;48.8973;2.21306;48.8017;2.48772;12
11:31:14.784;48.8495;2.35039;48.8973;2.21306;48.8017;2.48772;12
11:31:14.858;48.8498;2.35074;48.8975;2.21341;48.8019;2.48807;12
11:31:14.926;48.85;2.35074;48.8977;2.21341;48.8022;2.48807;12
11:31:14.926;48.8504;2.35107;48.8982;2.21375;48.8026;2.4884;12
11:31:14.994;48.8507;2.35107;48.8984;2.21375;48.8028;2.4884;12
11:31:15.074;48.8516;2.35313;48.8993;2.21581;48.8037;2.49046;12
11:31:15.074;48.8516;2.35313;48.8993;2.21581;48.8037;2.49046;12
11:31:15.136;48.8518;2.35382;48.8995;2.21649;48.804;2.49115;12
11:31:15.202;48.8518;2.35416;48.8995;2.21683;48.804;2.49149;12
11:31:15.312;48.8518;2.35382;48.8995;2.21649;48.804;2.49115;12
11:31:15.383;48.852;2.35176;48.8998;2.21443;48.8042;2.48909;12
11:31:21.569;48.8543;2.35278;48.902;2.21545;48.8065;2.49011;12
11:31:21.641;48.8613;2.35349;48.909;2.21616;48.8135;2.49081;12
11:31:21.641;48.8619;2.35349;48.9097;2.21616;48.8142;2.49081;12
11:31:21.641;48.8626;2.35245;48.9104;2.21512;48.8148;2.48978;12
11:31:21.642;48.8631;2.35245;48.9108;2.21512;48.8153;2.48978;12
11:31:21.642;48.8631;2.35245;48.9108;2.21512;48.8153;2.48978;12
11:31:21.769;48.8624;2.35313;48.9101;2.21581;48.8146;2.49046;12
11:31:21.769;48.8622;2.35313;48.9099;2.21581;48.8144;2.49046;12
11:31:21.769;48.8599;2.35278;48.9077;2.21545;48.8121;2.49011;12
11:31:22.075;48.8577;2.35313;48.9054;2.21581;48.8099;2.49046;12
11:31:22.075;48.857;2.35313;48.9047;2.21581;48.8092;2.49046;12
11:31:22.075;48.8556;2.35349;48.9034;2.21616;48.8078;2.49081;12
11:31:22.076;48.8565;2.35416;48.9043;2.21683;48.8087;2.49149;12
11:31:23.124;48.8565;2.35416;48.8804;2.28549;48.8326;2.42282;13
11:31:23.887;48.8566;2.34267;48.8805;2.274;48.8327;2.41133;13
11:31:23.887;48.8569;2.34215;48.8807;2.27348;48.833;2.41081;13
11:31:24.040;48.8586;2.34094;48.8824;2.27228;48.8347;2.40961;13
11:31:24.111;48.8588;2.34113;48.8827;2.27246;48.8349;2.40979;13
11:31:24.207;48.8596;2.34317;48.8835;2.27451;48.8357;2.41183;13
11:31:24.298;48.8604;2.34747;48.8843;2.27881;48.8365;2.41614;13
11:31:24.384;48.8604;2.34747;48.8843;2.27881;48.8365;2.41614;13
11:31:25.273;48.8604;2.34747;48.8723;2.31314;48.8484;2.38181;14
11:31:28.404;48.8598;2.34747;48.8717;2.31314;48.8479;2.38181;14
11:31:28.404;48.8593;2.34773;48.8712;2.3134;48.8474;2.38206;14
11:31:28.486;48.8575;2.34833;48.8694;2.314;48.8455;2.38266;14
11:31:28.487;48.857;2.34833;48.869;2.314;48.8451;2.38266;14
11:31:28.575;48.8566;2.34833;48.8685;2.314;48.8446;2.38266;14
11:31:28.575;48.8565;2.34833;48.8685;2.314;48.8446;2.38266;14
11:31:28.702;48.8564;2.34824;48.8683;2.3139;48.8444;2.38257;14
11:31:28.703;48.8564;2.34824;48.8684;2.3139;48.8445;2.38257;14
11:31:28.789;48.8568;2.34911;48.8688;2.31477;48.8449;2.38344;14
11:31:28.888;48.8568;2.34918;48.8688;2.31485;48.8449;2.38351;14
11:31:28.888;48.8569;2.34918;48.8688;2.31485;48.8449;2.38351;14
11:31:30.367;48.8564;2.34918;48.8683;2.31485;48.8444;2.38351;14
11:31:30.367;48.8549;2.34953;48.8669;2.3152;48.843;2.38387;14
11:31:30.399;48.8539;2.34961;48.8658;2.31528;48.8419;2.38394;14
11:31:30.399;48.8537;2.34953;48.8657;2.3152;48.8418;2.38387;14
11:31:30.473;48.8527;2.34996;48.8646;2.31563;48.8407;2.38429;14
11:31:31.548;48.8527;2.34996;48.8587;2.33279;48.8467;2.36713;15
11:31:37.371;48.8523;2.35013;48.8582;2.33296;48.8463;2.36729;15
11:31:37.371;48.8512;2.35001;48.8572;2.33284;48.8453;2.36717;15
11:31:37.702;48.8498;2.34987;48.8558;2.3327;48.8438;2.36703;15
11:31:37.702;48.8496;2.34987;48.8556;2.3327;48.8437;2.36703;15
11:31:37.755;48.8499;2.3497;48.8559;2.33253;48.8439;2.36687;15
11:31:38.072;48.8499;2.34961;48.8559;2.33244;48.844;2.36678;15
11:31:38.072;48.8503;2.34979;48.8563;2.33263;48.8443;2.36696;15
11:31:38.269;48.8509;2.35022;48.8568;2.33305;48.8449;2.36739;15
11:31:38.270;48.8512;2.35017;48.8572;2.33301;48.8452;2.36734;15
11:31:38.480;48.8513;2.35017;48.8573;2.33301;48.8454;2.36734;15
11:31:38.481;48.8517;2.35056;48.8576;2.33339;48.8457;2.36772;15
11:31:38.660;48.8532;2.35107;48.8592;2.33391;48.8472;2.36824;15
11:31:38.660;48.8533;2.35112;48.8593;2.33395;48.8473;2.36829;15
11:31:38.744;48.8534;2.35117;48.8594;2.334;48.8475;2.36833;15
11:31:39.806;48.854;2.35091;48.86;2.33374;48.8481;2.36807;15
11:31:39.806;48.8547;2.34996;48.8607;2.33279;48.8487;2.36713;15
11:31:40.018;48.8551;2.34911;48.8611;2.33194;48.8491;2.36627;15
11:31:40.018;48.8551;2.34906;48.8611;2.33189;48.8492;2.36623;15
11:31:40.221;48.8551;2.34906;48.8611;2.33189;48.8492;2.36623;15
11:31:40.222;48.8551;2.34901;48.8611;2.33185;48.8492;2.36618;15
11:31:40.428;48.8551;2.34897;48.8611;2.3318;48.8492;2.36613;15
11:31:40.428;48.8552;2.34889;48.8611;2.33173;48.8492;2.36606;15
11:31:40.646;48.8552;2.34845;48.8612;2.33128;48.8492;2.36562;15
11:31:40.647;48.8552;2.34828;48.8612;2.33112;48.8493;2.36545;15
11:31:40.847;48.8552;2.34816;48.8612;2.33099;48.8493;2.36533;15
11:31:40.848;48.8553;2.34807;48.8612;2.3309;48.8493;2.36523;15
11:31:41.743;48.8553;2.34807;48.8612;2.3309;48.8493;2.36523;15
11:31:41.743;48.8553;2.34764;48.8613;2.33047;48.8493;2.36481;15
11:31:41.947;48.8555;2.34708;48.8615;2.32991;48.8496;2.36424;15
11:31:41.947;48.8557;2.34669;48.8617;2.32953;48.8498;2.36386;15
11:31:42.200;48.8559;2.34622;48.8619;2.32906;48.8499;2.36339;15
11:31:42.200;48.8561;2.34563;48.862;2.32846;48.8501;2.36279;15
11:31:43.193;48.8565;2.34454;48.8625;2.32739;48.8506;2.36172;15
11:31:43.193;48.8567;2.34395;48.8627;2.32678;48.8507;2.36111;15
11:31:43.194;48.8568;2.3439;48.8628;2.32674;48.8508;2.36107;15
11:31:43.194;48.8568;2.3439;48.8628;2.32674;48.8508;2.36107;15
11:31:43.194;48.8572;2.34326;48.8631;2.3261;48.8512;2.36043;15
11:31:43.194;48.8572;2.34317;48.8631;2.32602;48.8512;2.36035;15
11:31:43.338;48.8571;2.34317;48.863;2.32602;48.8511;2.36035;15
11:31:44.287;48.8566;2.34361;48.8626;2.32645;48.8506;2.36078;15
11:31:44.528;48.8545;2.34592;48.8605;2.32877;48.8486;2.3631;15
11:31:44.528;48.8543;2.34605;48.8603;2.32889;48.8484;2.36322;15
11:31:44.741;48.8546;2.34575;48.8606;2.32858;48.8486;2.36292;15
11:31:44.742;48.8547;2.34567;48.8607;2.32851;48.8487;2.36284;15
11:31:44.742;48.8551;2.34528;48.861;2.32811;48.8491;2.36244;15
11:31:44.821;48.8551;2.34506;48.8611;2.3279;48.8491;2.36223;15
11:31:48.063;48.855;2.34525;48.861;2.32806;48.849;2.3624;15
11:31:48.064;48.8545;2.34589;48.8605;2.32872;48.8486;2.36305;15
11:31:48.330;48.8541;2.34653;48.86;2.32936;48.8481;2.36369;15
11:31:48.330;48.8539;2.34665;48.8599;2.32948;48.8479;2.36382;15
11:31:48.368;48.8538;2.34674;48.8598;2.32957;48.8478;2.36391;15
11:31:48.531;48.8537;2.34679;48.8597;2.32962;48.8477;2.36395;15
11:31:48.532;48.8537;2.34679;48.8597;2.32962;48.8477;2.36395;15
11:31:48.821;48.8536;2.34679;48.8596;2.32962;48.8476;2.36395;15
11:31:48.821;48.8535;2.34679;48.8595;2.32962;48.8476;2.36395;15
11:31:49.037;48.8533;2.34683;48.8593;2.32967;48.8474;2.364;15
11:31:49.038;48.8532;2.34686;48.8592;2.3297;48.8473;2.36403;15
11:31:49.259;48.8532;2.34691;48.8591;2.32974;48.8472;2.36407;15
11:31:49.260;48.8539;2.34622;48.8598;2.32906;48.8479;2.36339;15
11:31:49.469;48.8538;2.34627;48.8598;2.3291;48.8478;2.36343;15
11:31:49.469;48.8538;2.34627;48.8598;2.3291;48.8478;2.36343;15
11:31:49.657;48.8537;2.34627;48.8597;2.3291;48.8477;2.36343;15
11:31:49.657;48.8537;2.34627;48.8597;2.3291;48.8477;2.36343;15
11:31:49.702;48.8536;2.34615;48.8596;2.32898;48.8477;2.36331;15
11:31:50.902;48.8542;2.34532;48.8602;2.32816;48.8482;2.36249;15
11:31:50.902;48.8545;2.3448;48.8604;2.32764;48.8485;2.36197;15
11:31:51.311;48.855;2.34383;48.861;2.32666;48.849;2.36099;15
11:31:51.311;48.855;2.34361;48.861;2.32645;48.8491;2.36078;15
11:31:51.544;48.8551;2.34331;48.8611;2.32614;48.8491;2.36047;15
11:31:51.545;48.8551;2.34331;48.8611;2.32614;48.8491;2.36047;15
11:31:51.729;48.8553;2.34326;48.8612;2.3261;48.8493;2.36043;15
11:31:52.946;48.8559;2.34404;48.8619;2.32687;48.8499;2.36121;15
11:31:53.305;48.8559;2.34416;48.8619;2.327;48.8499;2.36133;15
11:31:53.859;48.8567;2.34563;48.8626;2.32846;48.8507;2.36279;15
11:31:54.125;48.8578;2.34683;48.8637;2.32967;48.8518;2.364;15
11:31:54.126;48.8582;2.34738;48.8642;2.33022;48.8523;2.36455;15
11:31:54.329;48.8583;2.34752;48.8643;2.33035;48.8523;2.36469;15
11:31:54.329;48.8583;2.34755;48.8643;2.33038;48.8523;2.36472;15
11:31:54.445;48.8583;2.34755;48.8643;2.33038;48.8523;2.36472;15
11:31:54.445;48.8583;2.34755;48.8643;2.33038;48.8523;2.36472;15
11:31:55.272;48.859;2.3476;48.8649;2.33043;48.853;2.36476;15
11:31:55.273;48.8606;2.3476;48.8666;2.33043;48.8547;2.36476;15
11:31:55.688;48.8612;2.34743;48.8672;2.33026;48.8553;2.36459;15
11:31:55.688;48.8613;2.34738;48.8673;2.33022;48.8553;2.36455;15
11:31:55.959;48.8613;2.34729;48.8673;2.33014;48.8553;2.36447;15
11:31:55.959;48.8613;2.34729;48.8673;2.33014;48.8553;2.36447;15
11:31:56.147;48.8612;2.34729;48.8672;2.33014;48.8552;2.36447;15
11:31:59.583;48.8612;2.34712;48.8672;2.32996;48.8552;2.36429;15
11:31:59.584;48.8614;2.34636;48.8673;2.32919;48.8554;2.36353;15
11:31:59.877;48.8623;2.33481;48.8683;2.31764;48.8563;2.35197;15
11:31:59.877;48.8623;2.33133;48.8683;2.31416;48.8563;2.3485;15
11:32:00.386;48.8619;2.3297;48.8679;2.31253;48.8559;2.34686;15
11:32:00.386;48.8618;2.32967;48.8678;2.3125;48.8559;2.34683;15
11:32:00.955;48.8618;2.32941;48.8678;2.31224;48.8558;2.34657;15
11:32:00.955;48.8618;2.32948;48.8678;2.31232;48.8558;2.34665;15
11:32:01.383;48.8618;2.32936;48.8677;2.31219;48.8558;2.34653;15
11:32:03.147;48.8618;2.32936;48.8737;2.29503;48.8498;2.36369;14
11:32:04.908;48.8619;2.32944;48.8738;2.2951;48.8499;2.36377;14
11:32:04.908;48.8625;2.32996;48.8745;2.29562;48.8506;2.36429;14
11:32:04.977;48.8648;2.33151;48.8767;2.29718;48.8529;2.36584;14
11:32:04.978;48.8655;2.33168;48.8774;2.29735;48.8535;2.36601;14
11:32:05.266;48.8668;2.33194;48.8787;2.29761;48.8548;2.36627;14
11:32:05.266;48.8673;2.33211;48.8793;2.29778;48.8554;2.36644;14
11:32:05.372;48.868;2.33218;48.8799;2.29785;48.856;2.36652;14
11:32:05.372;48.868;2.33218;48.88;2.29785;48.8561;2.36652;14
11:32:05.472;48.868;2.33211;48.88;2.29778;48.8561;2.36644;14
11:32:06.029;48.8669;2.33459;48.8789;2.30026;48.855;2.36893;14
11:32:06.029;48.8663;2.33768;48.8782;2.30334;48.8543;2.37201;14
11:32:06.170;48.8656;2.34172;48.8775;2.30739;48.8536;2.37605;14
11:32:06.170;48.8644;2.34395;48.8764;2.30962;48.8525;2.37828;14
11:32:06.283;48.8632;2.34653;48.8751;2.31219;48.8512;2.38086;14
11:32:06.284;48.863;2.34679;48.8749;2.31245;48.8511;2.38112;14
11:32:06.650;48.8623;2.34799;48.8743;2.31366;48.8504;2.38232;14
11:32:06.650;48.862;2.3485;48.874;2.31416;48.8501;2.38283;14
11:32:06.650;48.8616;2.35022;48.8736;2.31589;48.8497;2.38455;14
11:32:06.650;48.8614;2.35065;48.8733;2.31631;48.8494;2.38498;14
11:32:06.773;48.8584;2.35709;48.8703;2.32275;48.8464;2.39142;14
11:32:06.773;48.858;2.35768;48.87;2.32335;48.8461;2.39201;14
11:32:07.121;48.8566;2.35991;48.8685;2.32558;48.8446;2.39424;14
11:32:07.121;48.8563;2.36017;48.8683;2.32584;48.8444;2.3945;14
11:32:07.121;48.8557;2.36128;48.8676;2.32695;48.8438;2.39561;14
11:32:07.122;48.8557;2.36128;48.8676;2.32695;48.8437;2.39561;14
11:32:07.210;48.8566;2.35965;48.8685;2.32532;48.8447;2.39398;14
11:32:07.991;48.8566;2.35991;48.8685;2.32558;48.8447;2.39424;14
11:32:07.991;48.8562;2.36069;48.8682;2.32635;48.8443;2.39502;14
11:32:08.048;48.8527;2.36017;48.8646;2.32584;48.8407;2.3945;14
11:32:08.048;48.8515;2.35957;48.8635;2.32524;48.8396;2.39391;14
11:32:08.250;48.8492;2.35803;48.8612;2.3237;48.8373;2.39236;14
11:32:08.250;48.8487;2.35777;48.8606;2.32344;48.8367;2.39211;14
11:32:08.592;48.847;2.35648;48.8589;2.32214;48.835;2.39081;14
11:32:08.592;48.8468;2.35623;48.8587;2.3219;48.8348;2.39056;14
11:32:08.653;48.8463;2.35588;48.8582;2.32155;48.8343;2.39021;14
11:32:08.653;48.8471;2.35579;48.8591;2.32146;48.8352;2.39012;14
11:32:08.792;48.8473;2.35579;48.8592;2.32146;48.8354;2.39012;14
11:32:08.792;48.8473;2.35571;48.8592;2.32138;48.8354;2.39005;14
11:32:09.073;48.8473;2.35571;48.8592;2.32138;48.8354;2.39005;14
11:32:09.073;48.8475;2.35571;48.8594;2.32138;48.8355;2.39005;14
11:32:09.073;48.8476;2.35571;48.8595;2.32138;48.8356;2.39005;14
11:32:10.705;48.8475;2.35562;48.8595;2.32129;48.8356;2.38995;14
11:32:10.705;48.8475;2.35442;48.8594;2.32008;48.8355;2.38875;14
11:32:10.793;48.8478;2.35211;48.8597;2.31778;48.8358;2.38644;14
11:32:10.793;48.8479;2.35141;48.8599;2.31708;48.836;2.38574;14
11:32:10.937;48.848;2.35091;48.8599;2.31657;48.836;2.38524;14
11:32:10.938;48.848;2.35065;48.86;2.31631;48.8361;2.38498;14
11:32:11.091;48.8481;2.35048;48.8601;2.31615;48.8362;2.38481;14
11:32:11.091;48.8482;2.35039;48.8601;2.31606;48.8363;2.38472;14
11:32:11.182;48.8484;2.3503;48.8603;2.31596;48.8364;2.38463;14
11:32:11.614;48.8484;2.3503;48.8603;2.31596;48.8364;2.38463;14
11:32:11.614;48.8484;2.35022;48.8603;2.31589;48.8364;2.38455;14
11:32:11.718;48.8482;2.3503;48.8601;2.31596;48.8363;2.38463;14
11:32:11.819;48.8482;2.3503;48.8601;2.31596;48.8363;2.38463;14
11:32:12.145;48.8482;2.35022;48.8601;2.31589;48.8363;2.38455;14
11:32:12.230;48.8482;2.35022;48.8601;2.31589;48.8363;2.38455;14
11:32:12.333;48.8483;2.3503;48.8602;2.31596;48.8363;2.38463;14
11:32:12.333;48.8484;2.3503;48.8603;2.31596;48.8364;2.38463;14
11:32:12.441;48.8484;2.3503;48.8603;2.31596;48.8364;2.38463;14
11:32:12.441;48.8484;2.3503;48.8603;2.31596;48.8364;2.38463;14
11:32:12.541;48.8487;2.35074;48.8606;2.31641;48.8368;2.38507;14
11:32:14.929;48.8499;2.35211;48.8619;2.31778;48.838;2.38644;14
11:32:14.929;48.8506;2.35304;48.8626;2.31871;48.8387;2.38737;14
11:32:15.030;48.8511;2.3546;48.8631;2.32027;48.8392;2.38893;14
11:32:15.031;48.8514;2.35486;48.8633;2.32053;48.8394;2.38919;14
11:32:15.164;48.8517;2.35519;48.8637;2.32086;48.8398;2.38953;14
11:32:15.165;48.8517;2.35519;48.8637;2.32086;48.8398;2.38953;14
11:32:15.294;48.8517;2.35519;48.8637;2.32086;48.8398;2.38953;14
11:32:15.294;48.8518;2.35529;48.8638;2.32095;48.8399;2.38962;14
11:32:15.440;48.8516;2.35529;48.8636;2.32095;48.8397;2.38962;14
11:32:15.440;48.8516;2.35529;48.8636;2.32095;48.8397;2.38962;14
11:32:15.584;48.8516;2.35529;48.8636;2.32095;48.8397;2.38962;14
11:32:15.585;48.8516;2.35536;48.8636;2.32103;48.8397;2.38969;14
11:32:15.802;48.8516;2.35536;48.8636;2.32103;48.8397;2.38969;14
11:32:15.802;48.8516;2.35536;48.8636;2.32103;48.8397;2.38969;14
11:32:15.942;48.8516;2.35545;48.8636;2.32112;48.8397;2.38979;14
11:32:16.067;48.8516;2.35553;48.8636;2.3212;48.8397;2.38986;14
11:32:16.189;48.8518;2.35553;48.8638;2.3212;48.8399;2.38986;14
11:32:16.189;48.8519;2.35553;48.8638;2.3212;48.8399;2.38986;14
11:32:16.351;48.8519;2.35545;48.8639;2.32112;48.84;2.38979;14
11:32:16.351;48.8521;2.35536;48.864;2.32103;48.8401;2.38969;14
11:32:16.458;48.8521;2.35536;48.8641;2.32103;48.8402;2.38969;14
11:32:16.458;48.8522;2.35536;48.8642;2.32103;48.8403;2.38969;14
11:32:16.555;48.8522;2.35536;48.8642;2.32103;48.8403;2.38969;14
11:32:16.664;48.8523;2.35529;48.8642;2.32095;48.8403;2.38962;14
11:32:16.664;48.8523;2.35503;48.8642;2.32069;48.8403;2.38936;14
11:32:17.777;48.8523;2.35486;48.8642;2.32053;48.8403;2.38919;14
11:32:17.777;48.8523;2.3546;48.8643;2.32027;48.8404;2.38893;14
11:32:17.826;48.8526;2.35313;48.8645;2.3188;48.8406;2.38747;14
11:32:17.826;48.8527;2.35271;48.8647;2.31837;48.8408;2.38704;14
11:32:18.015;48.8531;2.35159;48.8651;2.31726;48.8412;2.38593;14
11:32:18.016;48.8533;2.35133;48.8652;2.317;48.8413;2.38567;14
11:32:18.138;48.8536;2.34937;48.8656;2.31503;48.8417;2.3837;14
11:32:18.138;48.8537;2.34927;48.8656;2.31494;48.8417;2.38361;14
11:32:18.279;48.854;2.34842;48.8659;2.31409;48.842;2.38275;14
11:32:18.279;48.854;2.3479;48.8659;2.31357;48.842;2.38223;14
11:32:18.608;48.8542;2.34721;48.8662;2.31288;48.8423;2.38155;14
11:32:18.608;48.8542;2.34686;48.8662;2.31253;48.8423;2.3812;14
11:32:18.608;48.8544;2.34592;48.8663;2.31158;48.8425;2.38025;14
11:32:18.609;48.8545;2.34575;48.8664;2.31142;48.8425;2.38008;14
11:32:18.753;48.8547;2.34438;48.8666;2.31004;48.8428;2.37871;14
11:32:18.753;48.8547;2.34412;48.8666;2.30978;48.8428;2.37845;14
11:32:18.874;48.8549;2.34335;48.8668;2.30902;48.8429;2.37769;14
11:32:18.874;48.8549;2.3425;48.8669;2.30817;48.843;2.37683;14
11:32:18.997;48.855;2.34206;48.867;2.30772;48.8431;2.37639;14
11:32:18.997;48.8551;2.34163;48.8671;2.3073;48.8432;2.37596;14
11:32:19.158;48.8554;2.34094;48.8673;2.30661;48.8434;2.37527;14
11:32:19.158;48.8554;2.34068;48.8673;2.30635;48.8434;2.37502;14
11:32:19.245;48.8554;2.34042;48.8673;2.30609;48.8434;2.37476;14
11:32:19.406;48.8555;2.34042;48.8675;2.30609;48.8436;2.37476;14
11:32:19.407;48.8557;2.34042;48.8676;2.30609;48.8437;2.37476;14
11:32:21.488;48.8557;2.34042;48.8616;2.32327;48.8497;2.3576;15
11:32:22.830;48.855;2.34326;48.861;2.3261;48.849;2.36043;15
11:32:22.831;48.8548;2.34387;48.8608;2.32669;48.8489;2.36102;15
11:32:22.907;48.8548;2.34399;48.8607;2.32683;48.8488;2.36116;15
11:32:23.213;48.8552;2.3434;48.8611;2.32623;48.8492;2.36057;15
11:32:23.214;48.8554;2.34293;48.8614;2.32576;48.8495;2.36009;15
11:32:25.044;48.8554;2.34293;48.8674;2.30859;48.8435;2.37726;14
11:32:25.620;48.8554;2.34293;48.8673;2.30859;48.8434;2.37726;14
11:32:25.621;48.8538;2.34473;48.8658;2.31039;48.8419;2.37906;14
11:32:25.684;48.8538;2.3448;48.8657;2.31047;48.8418;2.37914;14
11:32:25.684;48.8544;2.34395;48.8664;2.30962;48.8425;2.37828;14
11:32:25.806;48.8534;2.34549;48.8653;2.31116;48.8414;2.37982;14
11:32:25.806;48.8532;2.34558;48.8652;2.31125;48.8413;2.37991;14
11:32:25.984;48.8529;2.34601;48.8649;2.31168;48.841;2.38034;14
11:32:25.985;48.8522;2.34662;48.8641;2.31229;48.8402;2.38095;14
11:32:26.064;48.8523;2.34662;48.8643;2.31229;48.8404;2.38095;14
11:32:27.790;48.8552;2.35013;48.8672;2.3158;48.8433;2.38446;14
11:32:27.791;48.8571;2.35219;48.869;2.31786;48.8451;2.38652;14
11:32:27.822;48.8591;2.35493;48.871;2.3206;48.8471;2.38927;14
11:32:27.822;48.8597;2.35536;48.8716;2.32103;48.8477;2.38969;14
11:32:27.925;48.8606;2.35562;48.8726;2.32129;48.8487;2.38995;14
11:32:27.926;48.8609;2.35571;48.8728;2.32138;48.8489;2.39005;14
11:32:28.040;48.8617;2.35562;48.8736;2.32129;48.8497;2.38995;14
11:32:28.041;48.8619;2.35562;48.8738;2.32129;48.8499;2.38995;14
11:32:28.136;48.8625;2.3551;48.8745;2.32077;48.8506;2.38943;14
11:32:28.136;48.8627;2.3551;48.8747;2.32077;48.8508;2.38943;14
11:32:28.248;48.8634;2.35391;48.8753;2.31958;48.8514;2.38824;14
11:32:28.249;48.8636;2.35365;48.8755;2.31932;48.8516;2.38799;14
11:32:28.361;48.8643;2.35323;48.8762;2.31889;48.8523;2.38756;14
11:32:28.361;48.8643;2.35297;48.8763;2.31863;48.8524;2.3873;14
11:32:28.445;48.8644;2.35271;48.8764;2.31837;48.8525;2.38704;14
11:32:28.531;48.8644;2.35254;48.8764;2.31821;48.8525;2.38687;14
11:32:29.072;48.8644;2.35236;48.8764;2.31802;48.8525;2.38669;14
11:32:29.072;48.8645;2.35167;48.8764;2.31734;48.8526;2.386;14
11:32:29.105;48.8653;2.3497;48.8772;2.31537;48.8533;2.38403;14
11:32:29.105;48.8658;2.34901;48.8778;2.31468;48.8539;2.38335;14
11:32:29.235;48.8668;2.34755;48.8787;2.31322;48.8549;2.38188;14
11:32:29.235;48.8672;2.34721;48.8791;2.31288;48.8553;2.38155;14
11:32:29.556;48.8679;2.34669;48.8798;2.31236;48.8559;2.38103;14
11:32:29.556;48.8682;2.34627;48.8801;2.31194;48.8562;2.3806;14
11:32:29.556;48.8683;2.3461;48.8802;2.31177;48.8563;2.38043;14
11:32:29.643;48.8708;2.34558;48.8827;2.31125;48.8588;2.37991;14
11:32:29.644;48.8721;2.34558;48.884;2.31125;48.8602;2.37991;14
11:32:29.811;48.8755;2.34627;48.8875;2.31194;48.8636;2.3806;14
11:32:29.811;48.8764;2.34705;48.8883;2.31271;48.8644;2.38138;14
11:32:30.185;48.8765;2.34773;48.8884;2.3134;48.8645;2.38206;14
11:32:30.185;48.8764;2.34764;48.8883;2.31331;48.8645;2.38197;14
11:32:30.186;48.8762;2.34807;48.8882;2.31374;48.8643;2.3824;14
11:32:30.186;48.8761;2.34816;48.8881;2.31383;48.8642;2.38249;14
11:32:30.299;48.8761;2.34781;48.888;2.31348;48.8641;2.38214;14
11:32:31.227;48.875;2.34892;48.887;2.31459;48.8631;2.38326;14
11:32:31.289;48.8693;2.35442;48.8812;2.32008;48.8573;2.38875;14
11:32:31.289;48.868;2.35519;48.88;2.32086;48.8561;2.38953;14
11:32:31.402;48.8653;2.35648;48.8773;2.32214;48.8534;2.39081;14
11:32:31.402;48.8649;2.35657;48.8769;2.32224;48.853;2.3909;14
11:32:31.510;48.8633;2.35735;48.8752;2.32301;48.8514;2.39168;14
11:32:31.510;48.8622;2.35785;48.8742;2.32352;48.8503;2.39218;14
11:32:31.653;48.8608;2.35922;48.8727;2.32489;48.8488;2.39355;14
11:32:31.789;48.8618;2.35863;48.8738;2.3243;48.8499;2.39296;14
11:32:32.738;48.8617;2.35905;48.8737;2.32472;48.8498;2.39339;14
11:32:32.738;48.8615;2.35983;48.8734;2.3255;48.8495;2.39417;14
11:32:32.819;48.8606;2.36215;48.8725;2.32782;48.8487;2.39648;14
11:32:32.819;48.8603;2.36301;48.8722;2.32867;48.8484;2.39734;14
11:32:33.288;48.858;2.36575;48.8699;2.33142;48.8461;2.40009;14
11:32:33.288;48.8575;2.36618;48.8694;2.33185;48.8455;2.40051;14
11:32:33.288;48.8572;2.36644;48.8691;2.33211;48.8452;2.40077;14
11:32:33.289;48.8566;2.36661;48.8685;2.33228;48.8446;2.40094;14
11:32:33.289;48.8562;2.36627;48.8681;2.33194;48.8442;2.4006;14
11:32:33.289;48.8561;2.36609;48.868;2.33176;48.8441;2.40042;14
11:32:33.431;48.8541;2.36652;48.866;2.33218;48.8422;2.40085;14
11:32:33.432;48.8537;2.36687;48.8657;2.33253;48.8418;2.4012;14
11:32:33.576;48.853;2.36755;48.865;2.33322;48.8411;2.40189;14
11:32:33.577;48.8531;2.36722;48.865;2.33289;48.8411;2.40155;14
11:32:33.713;48.8522;2.36609;48.8642;2.33176;48.8403;2.40042;14
11:32:33.714;48.8511;2.36497;48.863;2.33064;48.8392;2.39931;14
11:32:33.856;48.8507;2.36353;48.8626;2.32919;48.8387;2.39786;14
11:32:33.856;48.8502;2.36353;48.8621;2.32919;48.8383;2.39786;14
11:32:34.001;48.85;2.36395;48.8619;2.32962;48.838;2.39828;14
11:32:34.001;48.8498;2.36438;48.8617;2.33005;48.8378;2.39871;14
11:32:34.141;48.8496;2.36481;48.8615;2.33047;48.8376;2.39914;14
11:32:34.141;48.8496;2.36481;48.8615;2.33047;48.8376;2.39914;14
11:32:34.237;48.8504;2.36403;48.8624;2.3297;48.8385;2.39836;14
11:32:34.906;48.8495;2.36652;48.8614;2.33218;48.8375;2.40085;14
11:32:34.906;48.8496;2.36919;48.8616;2.33485;48.8377;2.40352;14
11:32:35.015;48.8491;2.37665;48.8611;2.34232;48.8372;2.41098;14
11:32:35.016;48.8492;2.37717;48.8611;2.34283;48.8372;2.4115;14
11:32:35.188;48.8493;2.37717;48.8613;2.34283;48.8374;2.4115;14
11:32:35.188;48.849;2.3775;48.861;2.34317;48.8371;2.41183;14
11:32:35.357;48.8493;2.37733;48.8612;2.343;48.8373;2.41167;14
11:32:35.358;48.8493;2.37726;48.8613;2.34293;48.8374;2.41159;14
11:32:35.467;48.8496;2.37726;48.8616;2.34293;48.8377;2.41159;14
11:32:35.639;48.8496;2.37717;48.8616;2.34283;48.8377;2.4115;14
11:32:35.640;48.8497;2.377;48.8616;2.34267;48.8377;2.41133;14
11:32:35.818;48.8498;2.37631;48.8618;2.34198;48.8379;2.41064;14
11:32:35.819;48.8497;2.37546;48.8616;2.34113;48.8377;2.40979;14
11:32:36.117;48.8479;2.36644;48.8598;2.33211;48.8359;2.40077;14
11:32:36.117;48.8475;2.36284;48.8594;2.32851;48.8355;2.39717;14
11:32:36.286;48.8471;2.36017;48.8591;2.32584;48.8352;2.3945;14
11:32:36.287;48.8471;2.36;48.859;2.32567;48.8352;2.39433;14
11:32:36.287;48.847;2.36;48.859;2.32567;48.8351;2.39433;14
11:32:36.991;48.847;2.35648;48.859;2.32214;48.8351;2.39081;14
11:32:36.992;48.8468;2.35356;48.8587;2.31923;48.8348;2.38789;14
11:32:37.311;48.8466;2.34987;48.8585;2.31554;48.8346;2.3842;14
11:32:37.312;48.8465;2.34901;48.8585;2.31468;48.8346;2.38335;14
11:32:37.423;48.8462;2.34755;48.8582;2.31322;48.8343;2.38188;14
11:32:37.424;48.8466;2.34773;48.8585;2.3134;48.8346;2.38206;14
11:32:38.343;48.8468;2.34773;48.8587;2.3134;48.8348;2.38206;14
11:32:38.423;48.8499;2.34592;48.8619;2.31158;48.838;2.38025;14
11:32:38.423;48.8511;2.34525;48.863;2.31091;48.8392;2.37958;14
11:32:38.689;48.8525;2.34378;48.8644;2.30945;48.8405;2.37811;14
11:32:38.689;48.8531;2.34232;48.865;2.30798;48.8411;2.37665;14
11:32:38.824;48.8546;2.33838;48.8666;2.30405;48.8427;2.37271;14
11:32:38.824;48.8548;2.33734;48.8668;2.30301;48.8429;2.37167;14
11:32:39.170;48.8551;2.33537;48.867;2.30104;48.8431;2.36971;14
11:32:39.171;48.8551;2.33493;48.867;2.3006;48.8431;2.36926;14
11:32:39.171;48.8551;2.33228;48.8671;2.29794;48.8432;2.36661;14
11:32:39.171;48.8551;2.33194;48.8671;2.29761;48.8432;2.36627;14
11:32:39.316;48.8551;2.33168;48.8671;2.29735;48.8432;2.36601;14
11:32:39.454;48.8551;2.33168;48.867;2.29735;48.8431;2.36601;14
11:32:39.454;48.855;2.33168;48.8669;2.29735;48.8431;2.36601;14
11:32:40.225;48.8553;2.33151;48.8672;2.29718;48.8433;2.36584;14
11:32:40.226;48.8564;2.33099;48.8683;2.29666;48.8444;2.36533;14
11:32:40.283;48.8578;2.33005;48.8697;2.29572;48.8458;2.36438;14
11:32:40.283;48.858;2.32988;48.8699;2.29555;48.8461;2.36421;14
11:32:40.407;48.8588;2.32851;48.8708;2.29417;48.8469;2.36284;14
11:32:40.407;48.8591;2.32816;48.8711;2.29382;48.8472;2.36249;14
11:32:40.541;48.86;2.32669;48.872;2.29236;48.8481;2.36102;14
11:32:40.541;48.8604;2.32635;48.8724;2.29202;48.8485;2.36069;14
11:32:40.676;48.8606;2.32515;48.8726;2.29082;48.8487;2.35948;14
11:32:40.677;48.8608;2.32507;48.8728;2.29074;48.8489;2.35941;14
11:32:40.814;48.861;2.32489;48.8729;2.29056;48.849;2.35922;14
11:32:40.814;48.861;2.32489;48.873;2.29056;48.8491;2.35922;14
11:32:40.969;48.8613;2.32413;48.8733;2.28979;48.8494;2.35846;14
11:32:40.969;48.8614;2.32378;48.8734;2.28944;48.8495;2.35811;14
11:32:41.120;48.8619;2.32335;48.8739;2.28902;48.85;2.35768;14
11:32:41.120;48.8621;2.32335;48.874;2.28902;48.8501;2.35768;14
11:32:41.266;48.8621;2.32335;48.8741;2.28902;48.8502;2.35768;14
11:32:41.267;48.8622;2.32335;48.8742;2.28902;48.8503;2.35768;14
11:32:41.364;48.8622;2.32318;48.8742;2.28885;48.8503;2.35751;14
11:32:41.969;48.861;2.32576;48.8729;2.29143;48.849;2.36009;14
11:32:41.969;48.8583;2.32936;48.8702;2.29503;48.8463;2.36369;14
11:32:42.027;48.8568;2.33253;48.8687;2.2982;48.8448;2.36687;14
11:32:42.027;48.8565;2.33331;48.8685;2.29898;48.8446;2.36765;14
11:32:42.150;48.856;2.33417;48.8679;2.29984;48.844;2.3685;14
11:32:42.150;48.8545;2.33545;48.8665;2.30112;48.8426;2.36978;14
11:32:42.288;48.8523;2.33701;48.8643;2.30267;48.8404;2.37134;14
11:32:42.289;48.8514;2.33777;48.8633;2.30344;48.8394;2.3721;14
11:32:42.468;48.8491;2.34009;48.8611;2.30576;48.8372;2.37442;14
11:32:42.468;48.8479;2.34052;48.8599;2.30618;48.836;2.37485;14
11:32:42.677;48.8467;2.33975;48.8587;2.30542;48.8348;2.37408;14
11:32:43.314;48.8461;2.34018;48.858;2.30585;48.8341;2.37451;14
11:32:43.314;48.8459;2.34189;48.8578;2.30756;48.8339;2.37622;14
11:32:43.424;48.8457;2.34473;48.8576;2.31039;48.8337;2.37906;14
11:32:43.424;48.8457;2.34558;48.8576;2.31125;48.8337;2.37991;14
11:32:43.594;48.8457;2.3461;48.8577;2.31177;48.8338;2.38043;14
11:32:43.595;48.8457;2.34618;48.8577;2.31184;48.8338;2.38051;14
11:32:43.684;48.8464;2.34499;48.8584;2.31065;48.8345;2.37932;14
11:32:44.640;48.8464;2.34499;48.8524;2.32782;48.8404;2.36215;15
11:32:45.569;48.8463;2.34747;48.8523;2.33031;48.8403;2.36464;15
11:32:45.569;48.8462;2.34816;48.8522;2.33099;48.8403;2.36533;15
11:32:45.830;48.8462;2.3485;48.8521;2.33133;48.8402;2.36566;15
11:32:45.830;48.8459;2.34892;48.8519;2.33176;48.84;2.36609;15
11:32:46.090;48.8459;2.34901;48.8518;2.33185;48.8399;2.36618;15
11:32:46.090;48.8459;2.34906;48.8518;2.33189;48.8399;2.36623;15
11:32:46.334;48.8461;2.3488;48.8521;2.33163;48.8401;2.36597;15
11:32:46.334;48.8459;2.34932;48.8519;2.33215;48.84;2.36649;15
11:32:46.630;48.8459;2.34949;48.8519;2.33232;48.8399;2.36665;15
11:32:46.630;48.8459;2.34958;48.8519;2.33241;48.8399;2.36674;15
11:32:46.833;48.8459;2.34987;48.8518;2.3327;48.8399;2.36703;15
11:32:46.833;48.8459;2.34975;48.8518;2.33258;48.8399;2.36691;15
11:32:46.954;48.8463;2.34889;48.8523;2.33173;48.8403;2.36606;15
11:32:49.208;48.8462;2.34927;48.8522;2.33211;48.8402;2.36644;15
11:32:49.208;48.846;2.3506;48.8519;2.33344;48.84;2.36777;15
11:32:49.444;48.8459;2.35107;48.8519;2.33391;48.84;2.36824;15
11:32:49.444;48.8459;2.35117;48.8519;2.334;48.84;2.36833;15
11:32:49.676;48.8459;2.3512;48.8519;2.33403;48.8399;2.36836;15
11:32:49.677;48.8459;2.35117;48.8519;2.334;48.8399;2.36833;15
11:32:49.725;48.8459;2.35107;48.8519;2.33391;48.8399;2.36824;15
11:32:49.885;48.8459;2.35107;48.8519;2.33391;48.8399;2.36824;15
11:32:50.048;48.8459;2.35103;48.8519;2.33386;48.84;2.36819;15
11:32:50.372;48.8461;2.35091;48.852;2.33374;48.8401;2.36807;15
11:32:50.372;48.8462;2.35069;48.8522;2.33353;48.8402;2.36786;15
11:32:53.317;48.8464;2.35069;48.8524;2.33353;48.8404;2.36786;15
11:32:53.317;48.8473;2.35074;48.8533;2.33356;48.8413;2.36789;15
11:32:53.551;48.8481;2.35081;48.8541;2.33365;48.8421;2.36798;15
11:32:53.551;48.8482;2.35103;48.8542;2.33386;48.8423;2.36819;15
11:32:53.809;48.8483;2.35103;48.8542;2.33386;48.8423;2.36819;15
11:32:53.809;48.8483;2.35103;48.8542;2.33386;48.8423;2.36819;15
11:32:53.999;48.8483;2.35117;48.8543;2.334;48.8423;2.36833;15
11:32:53.999;48.8481;2.35124;48.8541;2.33408;48.8422;2.36841;15
11:32:54.132;48.848;2.35146;48.8539;2.33429;48.842;2.36862;15
11:32:54.132;48.8479;2.35159;48.8539;2.33443;48.842;2.36876;15
11:32:54.457;48.8479;2.35167;48.8539;2.3345;48.8419;2.36884;15
11:32:54.458;48.8479;2.35167;48.8539;2.3345;48.8419;2.36884;15
11:32:54.536;48.8479;2.35155;48.8539;2.33438;48.8419;2.36871;15
11:32:57.418;48.8477;2.35188;48.8536;2.33472;48.8417;2.36905;15
11:32:57.418;48.8459;2.35164;48.8518;2.33447;48.8399;2.3688;15
11:32:57.636;48.8455;2.3515;48.8515;2.33434;48.8395;2.36867;15
11:32:57.636;48.8453;2.3515;48.8513;2.33434;48.8394;2.36867;15
11:32:57.941;48.8453;2.35129;48.8513;2.33412;48.8393;2.36845;15
11:32:57.941;48.8456;2.35117;48.8516;2.334;48.8397;2.36833;15
11:32:58.198;48.8461;2.3503;48.8521;2.33313;48.8401;2.36746;15
11:32:58.198;48.8466;2.34906;48.8525;2.33189;48.8406;2.36623;15
11:32:58.435;48.8471;2.34776;48.853;2.3306;48.8411;2.36493;15
11:32:58.435;48.8472;2.3476;48.8531;2.33043;48.8412;2.36476;15
11:32:58.698;48.8472;2.34747;48.8532;2.33031;48.8413;2.36464;15
11:32:58.699;48.8471;2.34717;48.8531;2.33;48.8412;2.36433;15
11:32:59.401;48.8471;2.34717;48.8531;2.33;48.8412;2.36433;15
11:32:59.402;48.8475;2.34631;48.8535;2.32915;48.8416;2.36348;15
11:32:59.658;48.8488;2.34352;48.8548;2.32635;48.8428;2.36069;15
11:32:59.658;48.8491;2.34283;48.8551;2.32567;48.8432;2.36;15
11:32:59.878;48.8492;2.34274;48.8551;2.32558;48.8432;2.35991;15
11:32:59.878;48.8493;2.34267;48.8553;2.3255;48.8433;2.35983;15
11:33:00.135;48.8493;2.34262;48.8553;2.32545;48.8433;2.35979;15
11:33:00.136;48.8493;2.34258;48.8552;2.32541;48.8433;2.35974;15
11:33:00.402;48.8492;2.34283;48.8552;2.32567;48.8432;2.36;15
11:33:00.402;48.8489;2.34314;48.8549;2.32597;48.8429;2.36031;15
11:33:00.651;48.8486;2.34361;48.8545;2.32645;48.8426;2.36078;15
11:33:00.651;48.8482;2.34404;48.8542;2.32687;48.8422;2.36121;15
11:33:00.910;48.8477;2.34477;48.8537;2.32761;48.8418;2.36194;15
11:33:00.910;48.8476;2.34489;48.8535;2.32773;48.8416;2.36206;15
11:33:01.159;48.8458;2.34653;48.8518;2.32936;48.8398;2.36369;15
11:33:01.159;48.8458;2.34669;48.8517;2.32953;48.8398;2.36386;15
11:33:01.402;48.8459;2.34648;48.8518;2.32932;48.8399;2.36365;15
11:33:01.403;48.8459;2.34631;48.8518;2.32915;48.8399;2.36348;15
11:33:01.658;48.846;2.34615;48.852;2.32898;48.84;2.36331;15
11:33:01.659;48.8461;2.34615;48.8521;2.32898;48.8401;2.36331;15
11:33:01.912;48.8482;2.3443;48.8541;2.32713;48.8422;2.36147;15
11:33:01.912;48.8494;2.34317;48.8554;2.32602;48.8434;2.36035;15
11:33:02.143;48.8499;2.34267;48.8558;2.3255;48.8439;2.35983;15
11:33:02.143;48.8501;2.34241;48.8561;2.32524;48.8441;2.35957;15
11:33:02.385;48.8505;2.34177;48.8564;2.3246;48.8445;2.35893;15
11:33:02.385;48.8506;2.34172;48.8566;2.32455;48.8447;2.35889;15
11:33:02.620;48.8508;2.34158;48.8568;2.32442;48.8448;2.35875;15
11:33:02.620;48.851;2.34146;48.857;2.3243;48.845;2.35863;15
11:33:02.725;48.8509;2.34146;48.8568;2.3243;48.8449;2.35863;15
11:33:03.557;48.8509;2.34137;48.8569;2.3242;48.8449;2.35854;15
11:33:03.557;48.8527;2.34163;48.8587;2.32446;48.8467;2.3588;15
11:33:03.760;48.8551;2.34224;48.8611;2.32507;48.8491;2.35941;15
11:33:03.761;48.8554;2.34258;48.8614;2.32541;48.8494;2.35974;15
11:33:03.972;48.8556;2.34271;48.8616;2.32555;48.8497;2.35988;15
11:33:03.973;48.8557;2.343;48.8616;2.32584;48.8497;2.36017;15
11:33:04.391;48.8555;2.343;48.8615;2.32584;48.8496;2.36017;15
11:33:04.392;48.8555;2.34288;48.8615;2.32571;48.8495;2.36005;15
11:33:04.392;48.8555;2.34283;48.8615;2.32567;48.8495;2.36;15
11:33:05.955;48.8553;2.343;48.8613;2.32584;48.8494;2.36017;15
11:33:06.182;48.8535;2.34464;48.8595;2.32747;48.8476;2.3618;15
11:33:06.183;48.8526;2.34537;48.8585;2.3282;48.8466;2.36253;15
11:33:06.646;48.8517;2.34592;48.8576;2.32877;48.8457;2.3631;15
11:33:06.646;48.851;2.34636;48.8569;2.32919;48.845;2.36353;15
11:33:06.646;48.8501;2.34691;48.856;2.32974;48.8441;2.36407;15
11:33:06.647;48.8498;2.34712;48.8557;2.32996;48.8438;2.36429;15
11:33:06.865;48.8495;2.34747;48.8555;2.33031;48.8436;2.36464;15
11:33:06.865;48.8495;2.34752;48.8555;2.33035;48.8435;2.36469;15
11:33:07.011;48.8496;2.34729;48.8556;2.33014;48.8436;2.36447;15
11:33:07.971;48.8495;2.34743;48.8555;2.33026;48.8436;2.36459;15
11:33:07.971;48.8482;2.34961;48.8542;2.33244;48.8423;2.36678;15
11:33:08.222;48.8483;2.3503;48.8542;2.33313;48.8423;2.36746;15
11:33:08.223;48.8483;2.35048;48.8543;2.33331;48.8423;2.36765;15
11:33:08.445;48.8486;2.35001;48.8546;2.33284;48.8426;2.36717;15
11:33:08.445;48.8486;2.35001;48.8546;2.33284;48.8427;2.36717;15
11:33:08.865;48.8487;2.35017;48.8546;2.33301;48.8427;2.36734;15
11:33:08.865;48.8487;2.35027;48.8547;2.3331;48.8428;2.36743;15
11:33:08.865;48.8488;2.35039;48.8548;2.33322;48.8428;2.36755;15
11:33:08.865;48.8489;2.35048;48.8549;2.33331;48.8429;2.36765;15
11:33:09.165;48.8489;2.35056;48.8549;2.33339;48.8429;2.36772;15
11:33:09.165;48.8489;2.35056;48.8549;2.33339;48.8429;2.36772;15
11:33:09.567;48.849;2.35074;48.8549;2.33356;48.843;2.36789;15
11:33:09.567;48.8489;2.35077;48.8549;2.3336;48.843;2.36794;15
11:33:09.758;48.8494;2.35112;48.8554;2.33395;48.8434;2.36829;15
11:33:09.759;48.8495;2.35117;48.8554;2.334;48.8435;2.36833;15
11:33:09.823;48.8495;2.35129;48.8555;2.33412;48.8435;2.36845;15
11:33:09.950;48.8495;2.35129;48.8555;2.33412;48.8436;2.36845;15
11:33:10.147;48.8495;2.35129;48.8555;2.33412;48.8436;2.36845;15
11:33:10.148;48.8495;2.35124;48.8555;2.33408;48.8436;2.36841;15
11:33:11.634;48.8495;2.35124;48.8615;2.31691;48.8376;2.38557;14
11:33:12.524;48.8497;2.35141;48.8616;2.31708;48.8377;2.38574;14
11:33:12.524;48.8502;2.35262;48.8621;2.31828;48.8383;2.38695;14
11:33:12.656;48.8523;2.35545;48.8643;2.32112;48.8404;2.38979;14
11:33:12.656;48.8529;2.35623;48.8648;2.3219;48.8409;2.39056;14
11:33:12.735;48.8534;2.35648;48.8653;2.32214;48.8414;2.39081;14
11:33:12.878;48.8534;2.35657;48.8654;2.32224;48.8415;2.3909;14
11:33:12.991;48.8534;2.35648;48.8654;2.32214;48.8415;2.39081;14
11:33:14.188;48.8536;2.35657;48.8655;2.32224;48.8416;2.3909;14
11:33:14.189;48.8545;2.3582;48.8664;2.32387;48.8425;2.39253;14
11:33:14.291;48.858;2.36189;48.8699;2.32756;48.8461;2.39622;14
11:33:14.291;48.8584;2.36197;48.8703;2.32764;48.8465;2.3963;14
11:33:14.634;48.8591;2.36249;48.871;2.32816;48.8471;2.39682;14
11:33:14.634;48.8592;2.36249;48.8712;2.32816;48.8473;2.39682;14
11:33:14.634;48.8597;2.36258;48.8716;2.32825;48.8477;2.39691;14
11:33:14.634;48.8598;2.36266;48.8717;2.32832;48.8479;2.39699;14
11:33:14.635;48.8607;2.36275;48.8727;2.32841;48.8488;2.39708;14
11:33:14.635;48.8608;2.36284;48.8727;2.32851;48.8488;2.39717;14
11:33:14.792;48.8608;2.36301;48.8727;2.32867;48.8488;2.39734;14
11:33:14.792;48.8607;2.36301;48.8727;2.32867;48.8488;2.39734;14
11:33:14.898;48.8607;2.36317;48.8727;2.32884;48.8488;2.39751;14
11:33:14.898;48.8608;2.3631;48.8727;2.32877;48.8488;2.39743;14
11:33:15.020;48.8614;2.36258;48.8734;2.32825;48.8495;2.39691;14
11:33:15.021;48.8619;2.36249;48.8738;2.32816;48.8499;2.39682;14
11:33:15.139;48.8638;2.36172;48.8758;2.32739;48.8519;2.39606;14
11:33:15.139;48.8645;2.36102;48.8765;2.32669;48.8526;2.39536;14
11:33:15.259;48.8649;2.36017;48.8768;2.32584;48.8529;2.3945;14
11:33:15.259;48.865;2.36017;48.8769;2.32584;48.8531;2.3945;14
11:33:15.373;48.8653;2.35872;48.8772;2.32439;48.8533;2.39305;14
11:33:15.373;48.8653;2.35854;48.8773;2.3242;48.8534;2.39287;14
11:33:15.484;48.8655;2.35785;48.8774;2.32352;48.8535;2.39218;14
11:33:15.485;48.8655;2.35751;48.8774;2.32318;48.8536;2.39185;14
11:33:15.803;48.8655;2.35751;48.8774;2.32318;48.8536;2.39185;14
11:33:15.803;48.8655;2.35716;48.8774;2.32283;48.8535;2.39149;14
11:33:15.846;48.8653;2.35391;48.8772;2.31958;48.8533;2.38824;14
11:33:15.846;48.8652;2.35245;48.8771;2.31812;48.8532;2.38678;14
11:33:15.961;48.8651;2.35074;48.877;2.31641;48.8531;2.38507;14
11:33:15.961;48.8651;2.35056;48.877;2.31622;48.8531;2.38489;14
11:33:16.041;48.8651;2.35056;48.877;2.31622;48.8531;2.38489;14
11:33:16.726;48.8652;2.35056;48.8771;2.31622;48.8532;2.38489;14
11:33:16.727;48.8658;2.35074;48.8778;2.31641;48.8539;2.38507;14
11:33:16.832;48.8708;2.35254;48.8828;2.31821;48.8589;2.38687;14
11:33:16.832;48.8725;2.35304;48.8844;2.31871;48.8605;2.38737;14
11:33:16.988;48.8744;2.35287;48.8863;2.31854;48.8624;2.38721;14
11:33:16.989;48.8744;2.35287;48.8864;2.31854;48.8625;2.38721;14
11:33:17.152;48.8749;2.35245;48.8868;2.31812;48.8629;2.38678;14
11:33:17.153;48.8752;2.35228;48.8871;2.31795;48.8632;2.38661;14
11:33:17.301;48.8756;2.35219;48.8876;2.31786;48.8637;2.38652;14
11:33:17.458;48.8757;2.35211;48.8877;2.31778;48.8638;2.38644;14
11:33:17.458;48.8758;2.35211;48.8878;2.31778;48.8639;2.38644;14
11:33:18.132;48.8757;2.35167;48.8876;2.31734;48.8637;2.386;14
11:33:18.133;48.8726;2.34404;48.8846;2.30971;48.8607;2.37837;14
11:33:18.257;48.8684;2.3345;48.8804;2.30017;48.8565;2.36884;14
11:33:18.257;48.867;2.33107;48.8789;2.29674;48.855;2.3654;14
11:33:18.407;48.8651;2.32713;48.877;2.2928;48.8531;2.36147;14
11:33:18.407;48.8648;2.32645;48.8768;2.29211;48.8529;2.36078;14
11:33:18.760;48.8647;2.32602;48.8767;2.29169;48.8528;2.36035;14
11:33:18.760;48.8646;2.32567;48.8765;2.29134;48.8527;2.36;14
11:33:18.760;48.8643;2.32515;48.8763;2.29082;48.8524;2.35948;14
11:33:18.760;48.8642;2.32507;48.8761;2.29074;48.8522;2.35941;14
11:33:18.867;48.8638;2.32481;48.8758;2.29048;48.8519;2.35915;14
11:33:19.758;48.8631;2.32507;48.875;2.29074;48.8511;2.35941;14
11:33:19.758;48.8583;2.32214;48.8703;2.28781;48.8464;2.35648;14
11:33:20.154;48.8555;2.31494;48.8675;2.28061;48.8436;2.34927;14
11:33:20.155;48.8558;2.31409;48.8677;2.27975;48.8438;2.34842;14
11:33:20.463;48.8573;2.30936;48.8693;2.27502;48.8454;2.34369;14
11:33:20.463;48.8577;2.30824;48.8697;2.27391;48.8458;2.34258;14
11:33:20.463;48.8579;2.30765;48.8698;2.27332;48.8459;2.34198;14
11:33:21.168;48.8579;2.30765;48.8818;2.23898;48.834;2.37631;13
11:33:22.530;48.8571;2.30971;48.881;2.24104;48.8332;2.37837;13
11:33:22.586;48.8551;2.31296;48.8789;2.24429;48.8312;2.38162;13
11:33:22.586;48.8547;2.31366;48.8786;2.245;48.8308;2.38232;13
11:33:22.692;48.8539;2.3157;48.8778;2.24704;48.83;2.38437;13
11:33:22.692;48.8538;2.31606;48.8777;2.24739;48.8299;2.38472;13
11:33:22.792;48.8534;2.31674;48.8773;2.24808;48.8295;2.38541;13
11:33:22.793;48.8534;2.31708;48.8773;2.24841;48.8295;2.38574;13
11:33:22.935;48.8527;2.31778;48.8766;2.24911;48.8288;2.38644;13
11:33:22.935;48.8526;2.31812;48.8765;2.24945;48.8287;2.38678;13
11:33:22.935;48.8522;2.31845;48.8761;2.24979;48.8283;2.38712;13
11:33:22.936;48.8521;2.31863;48.876;2.24997;48.8282;2.3873;13
11:33:23.004;48.8521;2.3188;48.876;2.25014;48.8282;2.38747;13
11:33:23.098;48.8528;2.31778;48.8767;2.24911;48.8289;2.38644;13
11:33:23.786;48.8528;2.31778;48.8647;2.28345;48.8409;2.35211;14
11:33:24.295;48.8528;2.31778;48.8647;2.28345;48.8409;2.35211;14
11:33:24.295;48.8525;2.31975;48.8645;2.28542;48.8406;2.35408;14
11:33:24.375;48.8523;2.32352;48.8643;2.28918;48.8404;2.35785;14
11:33:24.375;48.8523;2.32352;48.8643;2.28918;48.8404;2.35785;14
11:33:24.537;48.8523;2.32387;48.8642;2.28954;48.8403;2.3582;14
11:33:24.538;48.8522;2.32394;48.8641;2.28961;48.8402;2.35828;14
11:33:24.699;48.8523;2.32378;48.8642;2.28944;48.8403;2.35811;14
11:33:24.700;48.8522;2.32378;48.8641;2.28944;48.8402;2.35811;14
11:33:24.858;48.8522;2.32361;48.8642;2.28928;48.8403;2.35794;14
11:33:24.858;48.8522;2.3237;48.8642;2.28937;48.8403;2.35803;14
11:33:25.014;48.8524;2.32335;48.8643;2.28902;48.8405;2.35768;14
11:33:25.014;48.8525;2.32301;48.8644;2.28868;48.8405;2.35735;14
11:33:25.231;48.8525;2.32249;48.8645;2.28816;48.8406;2.35683;14
11:33:25.231;48.8525;2.32233;48.8644;2.28799;48.8405;2.35666;14
11:33:25.397;48.8525;2.32172;48.8644;2.28738;48.8405;2.35605;14
11:33:25.398;48.8525;2.32138;48.8644;2.28705;48.8405;2.35571;14
11:33:25.598;48.8524;2.32086;48.8643;2.28653;48.8405;2.35519;14
11:33:25.598;48.8524;2.32043;48.8643;2.2861;48.8405;2.35477;14
11:33:25.749;48.8523;2.31958;48.8643;2.28525;48.8404;2.35391;14
11:33:25.750;48.8523;2.31915;48.8643;2.28482;48.8404;2.35349;14
11:33:25.911;48.8523;2.31889;48.8643;2.28456;48.8404;2.35323;14
11:33:25.911;48.8523;2.31871;48.8643;2.28438;48.8404;2.35304;14
11:33:26.031;48.8526;2.31871;48.8646;2.28438;48.8407;2.35304;14
11:33:26.501;48.8526;2.31871;48.8646;2.28438;48.8407;2.35304;14
11:33:26.501;48.8538;2.31915;48.8657;2.28482;48.8418;2.35349;14
11:33:26.590;48.8574;2.31837;48.8694;2.28404;48.8455;2.35271;14
11:33:26.591;48.8581;2.31837;48.87;2.28404;48.8462;2.35271;14
11:33:26.719;48.8588;2.31828;48.8708;2.28395;48.8469;2.35262;14
11:33:26.719;48.8591;2.31828;48.8711;2.28395;48.8472;2.35262;14
11:33:26.882;48.8596;2.31828;48.8715;2.28395;48.8476;2.35262;14
11:33:26.883;48.8597;2.31828;48.8717;2.28395;48.8478;2.35262;14
11:33:27.027;48.8604;2.31837;48.8723;2.28404;48.8484;2.35271;14
11:33:27.027;48.8604;2.31837;48.8723;2.28404;48.8484;2.35271;14
11:33:27.654;48.8608;2.31915;48.8728;2.28482;48.8489;2.35349;14
11:33:27.654;48.863;2.32224;48.8749;2.2879;48.851;2.35657;14
11:33:27.735;48.866;2.32747;48.8779;2.29314;48.8541;2.3618;14
11:33:27.735;48.8663;2.32773;48.8782;2.2934;48.8544;2.36206;14
11:33:27.887;48.8665;2.32841;48.8784;2.29408;48.8545;2.36275;14
11:33:27.887;48.8665;2.32851;48.8784;2.29417;48.8545;2.36284;14
11:33:28.038;48.8665;2.32867;48.8785;2.29434;48.8546;2.36301;14
11:33:28.038;48.8665;2.32877;48.8785;2.29443;48.8546;2.3631;14
11:33:28.141;48.8665;2.32877;48.8785;2.29443;48.8546;2.3631;14
11:33:28.243;48.8666;2.32884;48.8785;2.29451;48.8546;2.36317;14
11:33:28.346;48.8666;2.32893;48.8785;2.2946;48.8546;2.36327;14
11:33:28.503;48.8666;2.32901;48.8785;2.29468;48.8546;2.36334;14
11:33:28.503;48.8665;2.32877;48.8785;2.29443;48.8546;2.3631;14
11:33:31.044;48.8661;2.32944;48.878;2.2951;48.8541;2.36377;14
11:33:31.044;48.8647;2.33125;48.8767;2.29692;48.8528;2.36559;14
11:33:31.117;48.8638;2.33313;48.8757;2.2988;48.8518;2.36746;14
11:33:31.117;48.8635;2.33356;48.8755;2.29922;48.8516;2.36789;14
11:33:31.241;48.8626;2.33408;48.8746;2.29974;48.8507;2.36841;14
11:33:31.242;48.8626;2.33408;48.8745;2.29974;48.8506;2.36841;14
11:33:31.366;48.8623;2.33417;48.8742;2.29984;48.8503;2.3685;14
11:33:31.366;48.8622;2.33434;48.8742;2.3;48.8503;2.36867;14
11:33:31.533;48.8622;2.33443;48.8741;2.30009;48.8502;2.36876;14
11:33:31.534;48.8621;2.3345;48.874;2.30017;48.8501;2.36884;14
11:33:31.626;48.8621;2.33459;48.874;2.30026;48.8501;2.36893;14
11:33:31.752;48.8621;2.33476;48.874;2.30043;48.8501;2.36909;14
11:33:31.752;48.8618;2.33519;48.8738;2.30086;48.8499;2.36952;14
11:33:31.911;48.8615;2.3358;48.8734;2.30147;48.8495;2.37013;14
11:33:31.911;48.8612;2.3364;48.8731;2.30206;48.8492;2.37073;14
11:33:31.912;48.8608;2.33717;48.8728;2.30284;48.8489;2.37151;14
11:33:32.025;48.8605;2.33812;48.8725;2.30379;48.8486;2.37245;14
11:33:32.026;48.8605;2.33846;48.8724;2.30412;48.8485;2.37279;14
11:33:32.143;48.8605;2.33855;48.8724;2.30421;48.8485;2.37288;14
11:33:32.143;48.8613;2.33751;48.8732;2.30318;48.8493;2.37184;14
11:33:32.833;48.8612;2.3376;48.8731;2.30327;48.8493;2.37193;14
11:33:32.834;48.8607;2.33846;48.8727;2.30412;48.8488;2.37279;14
11:33:32.940;48.8597;2.33983;48.8716;2.3055;48.8477;2.37416;14
11:33:32.940;48.8593;2.34;48.8713;2.30566;48.8474;2.37433;14
11:33:33.348;48.8589;2.34042;48.8708;2.30609;48.847;2.37476;14
11:33:33.348;48.8589;2.34042;48.8708;2.30609;48.847;2.37476;14
11:33:33.348;48.8587;2.34061;48.8707;2.30627;48.8468;2.37494;14
11:33:33.348;48.8586;2.34077;48.8706;2.30644;48.8467;2.37511;14
11:33:33.349;48.8585;2.34077;48.8704;2.30644;48.8466;2.37511;14
11:33:33.349;48.8585;2.34077;48.8704;2.30644;48.8465;2.37511;14
11:33:33.460;48.8583;2.34103;48.8702;2.3067;48.8463;2.37537;14
11:33:33.524;48.8586;2.34052;48.8706;2.30618;48.8467;2.37485;14
11:33:35.043;48.8571;2.34129;48.869;2.30696;48.8451;2.37563;14
11:33:35.043;48.8564;2.34155;48.8684;2.30722;48.8445;2.37589;14
11:33:35.121;48.8542;2.3425;48.8661;2.30817;48.8422;2.37683;14
11:33:35.121;48.8535;2.34274;48.8655;2.30841;48.8416;2.37708;14
11:33:35.252;48.8528;2.34309;48.8647;2.30876;48.8409;2.37743;14
11:33:35.252;48.8526;2.34317;48.8646;2.30884;48.8407;2.3775;14
11:33:35.392;48.852;2.34335;48.8639;2.30902;48.8401;2.37769;14
11:33:35.392;48.8518;2.34343;48.8638;2.3091;48.8399;2.37776;14
11:33:35.525;48.852;2.34352;48.8639;2.30919;48.8401;2.37785;14
11:33:35.525;48.8526;2.34317;48.8645;2.30884;48.8406;2.3775;14
11:33:35.615;48.8528;2.34274;48.8647;2.30841;48.8409;2.37708;14
11:33:36.779;48.8528;2.34274;48.8588;2.32558;48.8468;2.35991;15
11:33:37.763;48.8526;2.34288;48.8586;2.32571;48.8466;2.36005;15
11:33:37.763;48.8521;2.34293;48.858;2.32576;48.8461;2.36009;15
11:33:38.027;48.8515;2.34241;48.8574;2.32524;48.8455;2.35957;15
11:33:38.027;48.8514;2.34241;48.8573;2.32524;48.8454;2.35957;15
11:33:38.277;48.8513;2.34236;48.8573;2.3252;48.8454;2.35953;15
11:33:38.277;48.8513;2.34232;48.8573;2.32515;48.8454;2.35948;15
11:33:38.357;48.8517;2.34219;48.8577;2.32503;48.8457;2.35936;15
11:33:39.051;48.8517;2.34241;48.8577;2.32524;48.8457;2.35957;15
11:33:39.051;48.8514;2.3448;48.8574;2.32764;48.8454;2.36197;15
11:33:39.381;48.8512;2.34679;48.8572;2.32962;48.8452;2.36395;15
11:33:39.382;48.8513;2.34755;48.8573;2.33038;48.8453;2.36472;15
11:33:39.594;48.8513;2.34821;48.8573;2.33104;48.8453;2.36537;15
11:33:39.594;48.8513;2.34824;48.8573;2.33107;48.8453;2.3654;15
11:33:39.696;48.8513;2.34828;48.8573;2.33112;48.8453;2.36545;15
11:33:40.072;48.8513;2.34828;48.8573;2.33112;48.8454;2.36545;15
11:33:40.072;48.8515;2.34824;48.8575;2.33107;48.8456;2.3654;15
11:33:40.288;48.8516;2.34811;48.8575;2.33095;48.8456;2.36528;15
11:33:42.308;48.8513;2.34842;48.8573;2.33125;48.8454;2.36559;15
11:33:42.308;48.8511;2.34875;48.8571;2.33159;48.8451;2.36592;15
11:33:42.574;48.8505;2.34932;48.8565;2.33215;48.8445;2.36649;15
11:33:42.574;48.8505;2.34932;48.8565;2.33215;48.8445;2.36649;15
11:33:42.791;48.8505;2.34932;48.8565;2.33215;48.8445;2.36649;15
11:33:42.791;48.8503;2.34944;48.8563;2.33228;48.8443;2.36661;15
11:33:43.049;48.85;2.34979;48.856;2.33263;48.844;2.36696;15
11:33:43.049;48.8498;2.34991;48.8558;2.33275;48.8439;2.36708;15
11:33:43.237;48.8498;2.34996;48.8557;2.33279;48.8438;2.36713;15
11:33:43.238;48.8498;2.34996;48.8557;2.33279;48.8438;2.36713;15
11:33:43.463;48.8502;2.34958;48.8561;2.33241;48.8442;2.36674;15
11:33:43.464;48.8504;2.34944;48.8564;2.33228;48.8444;2.36661;15
11:33:43.676;48.8509;2.34914;48.8569;2.33197;48.8449;2.3663;15
11:33:43.676;48.8511;2.34892;48.8571;2.33176;48.8452;2.36609;15
11:33:43.804;48.8514;2.34871;48.8574;2.33154;48.8455;2.36588;15
11:33:43.805;48.8515;2.34863;48.8575;2.33147;48.8456;2.3658;15
11:33:44.127;48.8515;2.34859;48.8575;2.33142;48.8456;2.36575;15
11:33:44.128;48.8516;2.34859;48.8575;2.33142;48.8456;2.36575;15
11:33:44.225;48.8514;2.34892;48.8574;2.33176;48.8455;2.36609;15
11:33:47.135;48.8511;2.34927;48.8571;2.33211;48.8451;2.36644;15
11:33:47.135;48.8508;2.34987;48.8567;2.3327;48.8448;2.36703;15
11:33:47.353;48.8505;2.35034;48.8565;2.33318;48.8445;2.36751;15
11:33:47.354;48.8505;2.35039;48.8564;2.33322;48.8445;2.36755;15
11:33:47.541;48.8506;2.35039;48.8565;2.33322;48.8446;2.36755;15
11:33:47.542;48.8508;2.34996;48.8568;2.33279;48.8448;2.36713;15
11:33:51.221;48.8502;2.35056;48.8562;2.33339;48.8443;2.36772;15
11:33:51.221;48.8493;2.35056;48.8552;2.33339;48.8433;2.36772;15
11:33:51.814;48.8484;2.34966;48.8544;2.33249;48.8425;2.36682;15
11:33:51.814;48.8484;2.34923;48.8544;2.33206;48.8425;2.36639;15
11:33:52.071;48.8497;2.34807;48.8557;2.3309;48.8437;2.36523;15
11:33:52.071;48.8498;2.34795;48.8558;2.33078;48.8439;2.36511;15
11:33:52.298;48.8502;2.34773;48.8562;2.33057;48.8442;2.3649;15
11:33:52.299;48.8504;2.34764;48.8564;2.33047;48.8445;2.36481;15
11:33:52.722;48.8506;2.34752;48.8565;2.33035;48.8446;2.36469;15
11:33:52.722;48.8507;2.34752;48.8566;2.33035;48.8447;2.36469;15
11:33:52.722;48.8507;2.34755;48.8567;2.33038;48.8447;2.36472;15
11:33:52.722;48.8508;2.34755;48.8568;2.33038;48.8448;2.36472;15
11:33:52.985;48.8511;2.34747;48.8571;2.33031;48.8452;2.36464;15
11:33:52.985;48.8512;2.34747;48.8572;2.33031;48.8453;2.36464;15
11:33:53.215;48.8515;2.3476;48.8575;2.33043;48.8455;2.36476;15
11:33:53.216;48.8516;2.3476;48.8576;2.33043;48.8456;2.36476;15
11:33:53.308;48.8516;2.3476;48.8576;2.33043;48.8457;2.36476;15
11:33:53.484;48.8516;2.3476;48.8576;2.33043;48.8457;2.36476;15
11:33:53.484;48.8516;2.3476;48.8576;2.33043;48.8457;2.36476;15
11:33:53.762;48.8516;2.3476;48.8576;2.33043;48.8457;2.36476;15
11:33:53.762;48.8518;2.34764;48.8578;2.33047;48.8459;2.36481;15
11:33:53.948;48.8524;2.34764;48.8583;2.33047;48.8464;2.36481;15
11:33:53.949;48.8524;2.34776;48.8584;2.3306;48.8465;2.36493;15
11:33:54.026;48.8525;2.34776;48.8585;2.3306;48.8465;2.36493;15
11:33:54.532;48.8528;2.34764;48.8587;2.33047;48.8468;2.36481;15
11:33:54.752;48.8551;2.34596;48.8611;2.3288;48.8491;2.36313;15
11:33:54.753;48.8558;2.34554;48.8618;2.32837;48.8498;2.3627;15
11:33:55.008;48.8568;2.3448;48.8628;2.32764;48.8508;2.36197;15
11:33:55.008;48.8571;2.34451;48.8631;2.32735;48.8511;2.36168;15
11:33:55.221;48.8575;2.3443;48.8635;2.32713;48.8515;2.36147;15
11:33:55.221;48.8575;2.34425;48.8635;2.32709;48.8515;2.36142;15
11:33:55.283;48.8575;2.34421;48.8635;2.32704;48.8516;2.36137;15
11:33:55.744;48.8576;2.34421;48.8635;2.32704;48.8516;2.36137;15
11:33:55.745;48.8576;2.34425;48.8635;2.32709;48.8516;2.36142;15
11:33:56.211;48.8576;2.3443;48.8635;2.32713;48.8516;2.36147;15
11:33:56.212;48.8576;2.34412;48.8635;2.32695;48.8516;2.36128;15
11:33:56.414;48.8572;2.34288;48.8632;2.32571;48.8513;2.36005;15
11:33:56.414;48.8572;2.34258;48.8631;2.32541;48.8512;2.35974;15
11:33:56.656;48.857;2.34258;48.863;2.32541;48.8511;2.35974;15
11:33:56.656;48.857;2.34258;48.863;2.32541;48.8511;2.35974;15
11:33:56.771;48.8569;2.34262;48.8629;2.32545;48.8509;2.35979;15
11:33:57.172;48.8569;2.34262;48.8629;2.32545;48.8509;2.35979;15
11:33:57.172;48.8568;2.34267;48.8628;2.3255;48.8508;2.35983;15
11:33:57.406;48.8542;2.34158;48.8602;2.32442;48.8482;2.35875;15
11:33:57.407;48.8546;2.34163;48.8606;2.32446;48.8486;2.3588;15
11:33:57.629;48.8542;2.34184;48.8602;2.32468;48.8483;2.35901;15
11:33:57.630;48.8542;2.34189;48.8602;2.32472;48.8482;2.35905;15
11:33:57.820;48.8542;2.34193;48.8602;2.32477;48.8482;2.3591;15
11:33:57.821;48.8542;2.34198;48.8601;2.32481;48.8482;2.35915;15
11:33:58.078;48.8542;2.3421;48.8601;2.32494;48.8482;2.35927;15
11:33:58.078;48.8541;2.34224;48.8601;2.32507;48.8482;2.35941;15
11:33:58.155;48.8546;2.3418;48.8606;2.32465;48.8487;2.35898;15
11:33:59.000;48.8546;2.3418;48.8666;2.30746;48.8427;2.37613;14
11:33:59.650;48.8544;2.34189;48.8663;2.30756;48.8425;2.37622;14
11:33:59.714;48.8526;2.34274;48.8645;2.30841;48.8407;2.37708;14
11:33:59.714;48.8524;2.34309;48.8643;2.30876;48.8404;2.37743;14
11:34:00.046;48.8516;2.34404;48.8635;2.30971;48.8396;2.37837;14
11:34:00.046;48.8515;2.34412;48.8635;2.30978;48.8396;2.37845;14
11:34:00.047;48.8516;2.34421;48.8635;2.30988;48.8396;2.37854;14
11:34:00.079;48.8515;2.34464;48.8635;2.3103;48.8396;2.37897;14
11:34:00.080;48.8514;2.34473;48.8634;2.31039;48.8395;2.37906;14
11:34:00.216;48.8512;2.34515;48.8631;2.31082;48.8392;2.37949;14
11:34:00.217;48.8511;2.34532;48.863;2.31099;48.8391;2.37965;14
11:34:00.354;48.8511;2.34541;48.863;2.31108;48.8391;2.37975;14
11:34:00.355;48.8511;2.34549;48.863;2.31116;48.8391;2.37982;14
11:34:00.451;48.8509;2.34567;48.8629;2.31134;48.839;2.38;14
11:34:00.551;48.8509;2.34567;48.8629;2.31134;48.839;2.38;14
11:34:00.690;48.8507;2.34575;48.8627;2.31142;48.8388;2.38008;14
11:34:00.690;48.8507;2.34592;48.8626;2.31158;48.8387;2.38025;14
11:34:00.784;48.8507;2.34592;48.8626;2.31158;48.8387;2.38025;14
11:34:00.984;48.8507;2.34592;48.8626;2.31158;48.8387;2.38025;14
11:34:00.985;48.8506;2.34601;48.8626;2.31168;48.8387;2.38034;14
11:34:01.120;48.8508;2.34584;48.8627;2.31151;48.8388;2.38017;14
11:34:01.121;48.8516;2.34525;48.8636;2.31091;48.8397;2.37958;14
11:34:03.468;48.8511;2.34584;48.863;2.31151;48.8391;2.38017;14
11:34:03.468;48.8507;2.34592;48.8627;2.31158;48.8388;2.38025;14
11:34:03.631;48.8487;2.34575;48.8606;2.31142;48.8368;2.38008;14
11:34:03.632;48.8486;2.34575;48.8605;2.31142;48.8366;2.38008;14
11:34:03.662;48.8484;2.34567;48.8604;2.31134;48.8365;2.38;14
11:34:03.759;48.8484;2.34567;48.8604;2.31134;48.8365;2.38;14
11:34:03.910;48.8484;2.34575;48.8603;2.31142;48.8364;2.38008;14
11:34:03.911;48.8486;2.34532;48.8605;2.31099;48.8366;2.37965;14
11:34:11.311;48.8486;2.34532;48.8546;2.32816;48.8426;2.36249;15
11:34:12.748;48.8486;2.34525;48.8546;2.32806;48.8427;2.3624;15
11:34:12.749;48.8488;2.34438;48.8548;2.32721;48.8428;2.36154;15
11:34:13.272;48.8514;2.33812;48.8574;2.32095;48.8454;2.35529;15
11:34:13.272;48.852;2.33601;48.858;2.31885;48.8461;2.35318;15
11:34:13.607;48.8532;2.33253;48.8592;2.31537;48.8473;2.3497;15
11:34:13.608;48.8533;2.33218;48.8593;2.31503;48.8473;2.34937;15
11:34:14.255;48.8535;2.33173;48.8594;2.31456;48.8475;2.34889;15
11:34:14.255;48.8535;2.33168;48.8594;2.31451;48.8475;2.34885;15
11:34:14.256;48.8535;2.33163;48.8594;2.31447;48.8475;2.3488;15
11:34:14.256;48.8535;2.33168;48.8595;2.31451;48.8475;2.34885;15
11:34:14.666;48.8535;2.33159;48.8595;2.31442;48.8475;2.34875;15
11:34:17.452;48.8535;2.33159;48.8654;2.29726;48.8415;2.36592;14
11:34:18.668;48.8535;2.33142;48.8655;2.29709;48.8416;2.36575;14
11:34:18.668;48.8534;2.33116;48.8653;2.29683;48.8414;2.36549;14
11:34:18.745;48.8531;2.33031;48.8651;2.29597;48.8412;2.36464;14
11:34:18.746;48.8529;2.32988;48.8649;2.29555;48.841;2.36421;14
11:34:18.895;48.8529;2.32901;48.8648;2.29468;48.8409;2.36334;14
11:34:18.895;48.8531;2.32832;48.8651;2.29399;48.8412;2.36266;14
11:34:19.093;48.8548;2.32352;48.8668;2.28918;48.8429;2.35785;14
11:34:19.093;48.8566;2.31871;48.8686;2.28438;48.8447;2.35304;14
11:34:19.714;48.8588;2.31288;48.8707;2.27855;48.8468;2.34721;14
11:34:19.714;48.8593;2.31108;48.8713;2.27675;48.8474;2.34541;14
11:34:19.715;48.86;2.30884;48.872;2.27451;48.8481;2.34317;14
11:34:19.715;48.8602;2.30772;48.8722;2.27339;48.8483;2.34206;14
11:34:19.715;48.8605;2.3073;48.8725;2.27296;48.8486;2.34163;14
11:34:19.715;48.8605;2.3073;48.8725;2.27296;48.8486;2.34163;14
11:34:20.006;48.8605;2.30722;48.8725;2.27289;48.8486;2.34155;14
11:34:20.006;48.8605;2.30722;48.8725;2.27289;48.8486;2.34155;14
11:34:20.119;48.8605;2.30722;48.8724;2.27289;48.8485;2.34155;14
11:34:20.119;48.8605;2.30722;48.8725;2.27289;48.8486;2.34155;14
11:34:20.248;48.8605;2.30722;48.8725;2.27289;48.8486;2.34155;14
11:34:21.332;48.8606;2.3073;48.8725;2.27296;48.8487;2.34163;14
11:34:21.597;48.8623;2.31528;48.8742;2.28094;48.8503;2.34961;14
11:34:21.598;48.8627;2.31778;48.8747;2.28345;48.8508;2.35211;14
11:34:21.684;48.8632;2.32146;48.8751;2.28712;48.8512;2.35579;14
11:34:21.685;48.8634;2.32207;48.8753;2.28773;48.8514;2.3564;14
11:34:21.921;48.8635;2.32301;48.8754;2.28868;48.8515;2.35735;14
11:34:21.922;48.8636;2.32301;48.8756;2.28868;48.8517;2.35735;14
11:34:21.922;48.8639;2.32335;48.8759;2.28902;48.852;2.35768;14
11:34:22.095;48.8638;2.32361;48.8757;2.28928;48.8518;2.35794;14
11:34:22.095;48.8635;2.3242;48.8754;2.28987;48.8515;2.35854;14
11:34:22.386;48.8624;2.32576;48.8743;2.29143;48.8505;2.36009;14
11:34:22.386;48.8617;2.32687;48.8736;2.29254;48.8497;2.36121;14
11:34:22.611;48.8558;2.33253;48.8677;2.2982;48.8438;2.36687;14
11:34:22.611;48.8554;2.33279;48.8674;2.29846;48.8435;2.36713;14
11:34:22.611;48.8543;2.33408;48.8662;2.29974;48.8423;2.36841;14
11:34:22.611;48.8538;2.33443;48.8658;2.30009;48.8419;2.36876;14
11:34:22.747;48.8534;2.33493;48.8653;2.3006;48.8414;2.36926;14
11:34:22.748;48.8532;2.33511;48.8651;2.30078;48.8413;2.36945;14
11:34:22.979;48.8527;2.33537;48.8647;2.30104;48.8408;2.36971;14
11:34:22.979;48.853;2.33519;48.865;2.30086;48.8411;2.36952;14
11:34:23.069;48.8536;2.33469;48.8656;2.30035;48.8417;2.36902;14
11:34:26.121;48.8526;2.33528;48.8646;2.30095;48.8407;2.36961;14
11:34:26.121;48.8518;2.33571;48.8638;2.30138;48.8399;2.37004;14
11:34:26.432;48.8504;2.3364;48.8623;2.30206;48.8384;2.37073;14
11:34:26.432;48.8504;2.33649;48.8623;2.30215;48.8384;2.37082;14
11:34:26.489;48.8496;2.33701;48.8615;2.30267;48.8376;2.37134;14
11:34:26.490;48.8495;2.33701;48.8615;2.30267;48.8376;2.37134;14
11:34:26.592;48.85;2.33614;48.862;2.3018;48.8381;2.37047;14
11:34:27.099;48.85;2.33614;48.862;2.3018;48.8381;2.37047;14
11:34:27.099;48.85;2.33614;48.862;2.3018;48.8381;2.37047;14
11:34:27.170;48.8534;2.33606;48.8653;2.30173;48.8414;2.37039;14
11:34:27.170;48.8536;2.33614;48.8656;2.3018;48.8417;2.37047;14
11:34:27.307;48.8539;2.3363;48.8658;2.30197;48.8419;2.37064;14
11:34:27.307;48.854;2.33649;48.8659;2.30215;48.842;2.37082;14
11:34:27.437;48.854;2.33675;48.866;2.30241;48.8421;2.37108;14
11:34:27.437;48.8541;2.33682;48.866;2.30249;48.8422;2.37115;14
11:34:27.574;48.8542;2.33682;48.8661;2.30249;48.8422;2.37115;14
11:34:27.574;48.8543;2.33725;48.8662;2.30292;48.8423;2.37158;14
11:34:27.666;48.8543;2.33725;48.8662;2.30292;48.8423;2.37158;14
11:34:28.400;48.8541;2.33786;48.866;2.30353;48.8422;2.37219;14
11:34:28.401;48.8533;2.33923;48.8652;2.3049;48.8414;2.37357;14
11:34:28.790;48.852;2.34077;48.8639;2.30644;48.8401;2.37511;14
11:34:28.790;48.852;2.34094;48.8639;2.30661;48.8401;2.37527;14
11:34:28.790;48.852;2.34113;48.8639;2.30679;48.8401;2.37546;14
11:34:28.791;48.852;2.34129;48.8639;2.30696;48.8401;2.37563;14
11:34:28.896;48.8519;2.34137;48.8638;2.30704;48.84;2.3757;14
11:34:29.034;48.8526;2.34026;48.8646;2.30592;48.8407;2.37459;14
11:34:29.035;48.8526;2.34026;48.8646;2.30592;48.8407;2.37459;14
11:34:29.170;48.8528;2.34009;48.8647;2.30576;48.8409;2.37442;14
11:34:29.171;48.8528;2.34009;48.8647;2.30576;48.8409;2.37442;14
11:34:29.265;48.853;2.34009;48.8649;2.30576;48.841;2.37442;14
11:34:29.396;48.853;2.34018;48.865;2.30585;48.8411;2.37451;14
11:34:29.397;48.8531;2.34035;48.865;2.30602;48.8411;2.37468;14
11:34:29.533;48.8531;2.34061;48.8651;2.30627;48.8412;2.37494;14
11:34:29.533;48.8531;2.34077;48.8651;2.30644;48.8412;2.37511;14
11:34:29.661;48.8531;2.34103;48.8651;2.3067;48.8412;2.37537;14
11:34:29.662;48.8531;2.34113;48.8651;2.30679;48.8412;2.37546;14
11:34:29.788;48.8531;2.3412;48.8651;2.30687;48.8412;2.37553;14
11:34:29.789;48.8531;2.34094;48.8651;2.30661;48.8412;2.37527;14
11:34:30.892;48.853;2.34094;48.865;2.30661;48.8411;2.37527;14
11:34:30.959;48.8514;2.34326;48.8634;2.30893;48.8395;2.37759;14
11:34:30.960;48.8512;2.34395;48.8631;2.30962;48.8392;2.37828;14
11:34:31.199;48.851;2.34438;48.8629;2.31004;48.8391;2.37871;14
11:34:31.199;48.8509;2.34454;48.8629;2.31021;48.839;2.37888;14
11:34:31.346;48.8509;2.34454;48.8629;2.31021;48.839;2.37888;14
11:34:32.520;48.8509;2.34454;48.8569;2.32739;48.845;2.36172;15
11:34:33.587;48.8492;2.34464;48.8552;2.32747;48.8433;2.3618;15
11:34:33.587;48.8484;2.34485;48.8544;2.32768;48.8424;2.36201;15
11:34:33.709;48.8475;2.34541;48.8534;2.32825;48.8415;2.36258;15
11:34:35.430;48.8474;2.34674;48.8534;2.32957;48.8414;2.36391;15
11:34:35.431;48.8476;2.34662;48.8536;2.32944;48.8417;2.36377;15
11:34:35.665;48.8472;2.34743;48.8532;2.33026;48.8413;2.36459;15
11:34:35.665;48.8472;2.34747;48.8532;2.33031;48.8413;2.36464;15
11:34:35.914;48.8476;2.34705;48.8535;2.32988;48.8416;2.36421;15
11:34:35.915;48.8476;2.34712;48.8535;2.32996;48.8416;2.36429;15
11:34:36.180;48.847;2.34769;48.853;2.33052;48.8411;2.36485;15
11:34:36.180;48.8473;2.34743;48.8533;2.33026;48.8413;2.36459;15
11:34:36.367;48.8473;2.34747;48.8533;2.33031;48.8413;2.36464;15
11:34:36.368;48.8473;2.34747;48.8532;2.33031;48.8413;2.36464;15
11:34:36.491;48.8473;2.34726;48.8532;2.33009;48.8413;2.36443;15
11:34:43.382;48.8472;2.34743;48.8532;2.33026;48.8413;2.36459;15
11:34:43.382;48.8468;2.34811;48.8528;2.33095;48.8409;2.36528;15
11:34:43.632;48.8467;2.34854;48.8527;2.33138;48.8408;2.36571;15
11:34:43.632;48.8471;2.34816;48.853;2.33099;48.8411;2.36533;15
11:34:44.359;48.8471;2.34816;48.853;2.33099;48.8411;2.36533;15
11:34:44.359;48.847;2.34799;48.853;2.33081;48.8411;2.36514;15
11:34:44.734;48.8472;2.34721;48.8532;2.33005;48.8412;2.36438;15
11:34:44.734;48.8474;2.34657;48.8533;2.32941;48.8414;2.36374;15
11:34:44.960;48.8475;2.34567;48.8534;2.32851;48.8415;2.36284;15
11:34:44.960;48.8475;2.34554;48.8535;2.32837;48.8415;2.3627;15
11:34:45.202;48.8475;2.34554;48.8535;2.32837;48.8415;2.3627;15
11:34:45.202;48.8475;2.34541;48.8535;2.32825;48.8415;2.36258;15
11:34:45.515;48.8475;2.34546;48.8535;2.32829;48.8415;2.36263;15
11:34:45.515;48.8475;2.34546;48.8535;2.32829;48.8415;2.36263;15
11:34:45.603;48.8476;2.34537;48.8536;2.3282;48.8416;2.36253;15
11:34:48.984;48.8474;2.34567;48.8534;2.32851;48.8414;2.36284;15
11:34:48.985;48.8467;2.34657;48.8527;2.32941;48.8408;2.36374;15
11:34:49.248;48.8463;2.34734;48.8523;2.33017;48.8404;2.3645;15
11:34:49.249;48.8463;2.34743;48.8523;2.33026;48.8403;2.36459;15
11:34:49.497;48.8462;2.3476;48.8522;2.33043;48.8403;2.36476;15
11:34:49.497;48.8465;2.34734;48.8525;2.33017;48.8405;2.3645;15
11:34:49.842;48.8469;2.34686;48.8529;2.3297;48.841;2.36403;15
11:34:50.983;48.8469;2.34695;48.8529;2.32979;48.841;2.36412;15
11:34:50.983;48.8459;2.34944;48.8518;2.33228;48.8399;2.36661;15
11:34:51.241;48.846;2.3494;48.852;2.33223;48.84;2.36656;15
11:34:51.241;48.8461;2.3494;48.852;2.33223;48.8401;2.36656;15
11:34:51.662;48.8467;2.34824;48.8526;2.33107;48.8407;2.3654;15
11:34:51.662;48.8467;2.34816;48.8527;2.33099;48.8408;2.36533;15
11:34:51.904;48.8467;2.34811;48.8527;2.33095;48.8408;2.36528;15
11:34:51.904;48.8467;2.3479;48.8527;2.33073;48.8408;2.36507;15
11:34:52.011;48.8467;2.3479;48.8527;2.33073;48.8408;2.36507;15
11:34:52.927;48.8468;2.34802;48.8528;2.33086;48.8408;2.36519;15
11:34:52.928;48.8472;2.34906;48.8532;2.33189;48.8412;2.36623;15
11:34:53.161;48.8476;2.34991;48.8536;2.33275;48.8416;2.36708;15
11:34:53.161;48.8477;2.34996;48.8536;2.33279;48.8417;2.36713;15
11:34:53.412;48.8475;2.35001;48.8535;2.33284;48.8415;2.36717;15
11:34:53.412;48.8475;2.35004;48.8535;2.33289;48.8415;2.36722;15
11:34:53.740;48.8475;2.35004;48.8535;2.33289;48.8415;2.36722;15
11:34:53.740;48.8475;2.35008;48.8535;2.33292;48.8415;2.36725;15
11:34:53.950;48.8475;2.35008;48.8535;2.33292;48.8416;2.36725;15
11:34:53.951;48.8476;2.35008;48.8535;2.33292;48.8416;2.36725;15
11:34:54.041;48.8476;2.35013;48.8535;2.33296;48.8416;2.36729;15
11:34:54.258;48.8476;2.35022;48.8536;2.33305;48.8416;2.36739;15
11:34:54.259;48.8476;2.35027;48.8536;2.3331;48.8416;2.36743;15
11:34:54.682;48.8476;2.35034;48.8535;2.33318;48.8416;2.36751;15
11:34:54.682;48.8474;2.35034;48.8534;2.33318;48.8415;2.36751;15
11:34:54.845;48.8477;2.35027;48.8537;2.3331;48.8417;2.36743;15
11:34:54.845;48.8477;2.3506;48.8537;2.33344;48.8417;2.36777;15
11:34:55.070;48.8476;2.35056;48.8535;2.33339;48.8416;2.36772;15
11:34:55.070;48.8476;2.35056;48.8536;2.33339;48.8417;2.36772;15
11:34:55.538;48.8476;2.35056;48.8536;2.33339;48.8417;2.36772;15
11:34:55.538;48.8476;2.3506;48.8536;2.33344;48.8416;2.36777;15
11:34:55.754;48.8476;2.3506;48.8535;2.33344;48.8416;2.36777;15
11:34:55.755;48.8476;2.3506;48.8535;2.33344;48.8416;2.36777;15
11:34:55.973;48.8475;2.35065;48.8535;2.33348;48.8416;2.36781;15
11:34:55.974;48.8475;2.35065;48.8535;2.33348;48.8416;2.36781;15
11:34:56.217;48.8475;2.35069;48.8535;2.33353;48.8415;2.36786;15
11:34:56.217;48.8475;2.35069;48.8535;2.33353;48.8415;2.36786;15
11:34:56.294;48.8475;2.35074;48.8535;2.33356;48.8415;2.36789;15
11:34:56.770;48.8475;2.35077;48.8534;2.3336;48.8415;2.36794;15
11:34:56.771;48.8475;2.35077;48.8534;2.3336;48.8415;2.36794;15
11:34:57.005;48.8474;2.35086;48.8534;2.33369;48.8415;2.36803;15
11:34:57.005;48.8474;2.35081;48.8534;2.33365;48.8414;2.36798;15
11:34:57.216;48.847;2.35081;48.853;2.33365;48.841;2.36798;15
11:34:57.216;48.8468;2.35077;48.8528;2.3336;48.8409;2.36794;15
11:34:57.325;48.8474;2.35056;48.8533;2.33339;48.8414;2.36772;15
11:34:58.372;48.8474;2.35056;48.8503;2.34198;48.8444;2.35915;16
11:34:59.051;48.847;2.35107;48.8499;2.3425;48.844;2.35965;16
11:34:59.051;48.8465;2.35204;48.8494;2.34346;48.8435;2.3606;16
11:34:59.337;48.8463;2.35225;48.8493;2.34367;48.8433;2.36081;16
11:34:59.337;48.8463;2.35223;48.8493;2.34364;48.8433;2.36081;16
11:34:59.699;48.8462;2.35234;48.8492;2.34375;48.8432;2.3609;16
11:34:59.700;48.8461;2.35245;48.8491;2.34387;48.8432;2.36102;16
11:34:59.902;48.8462;2.35245;48.8491;2.34387;48.8432;2.36102;16
11:34:59.902;48.8462;2.35243;48.8491;2.34384;48.8432;2.36099;16
11:35:00.014;48.8465;2.35185;48.8495;2.34326;48.8436;2.36043;16
11:35:02.089;48.8465;2.35182;48.8495;2.34325;48.8435;2.36038;16
11:35:02.090;48.8465;2.35155;48.8495;2.34296;48.8435;2.36012;16
11:35:02.333;48.8465;2.35135;48.8495;2.34277;48.8435;2.35991;16
11:35:02.333;48.8465;2.35123;48.8495;2.34264;48.8435;2.35979;16
11:35:02.597;48.8465;2.35117;48.8495;2.34258;48.8435;2.35974;16
11:35:02.598;48.8465;2.35114;48.8495;2.34256;48.8435;2.3597;16
11:35:03.097;48.8465;2.35107;48.8495;2.3425;48.8435;2.35965;16
11:35:03.097;48.8466;2.35101;48.8495;2.34242;48.8436;2.35957;16
11:35:03.391;48.8465;2.35048;48.8495;2.34189;48.8435;2.35905;16
11:35:03.391;48.8465;2.35022;48.8495;2.34163;48.8435;2.3588;16
11:35:03.739;48.8462;2.34879;48.8492;2.34019;48.8433;2.35735;16
11:35:03.739;48.8462;2.34845;48.8492;2.33987;48.8432;2.35704;16
11:35:03.849;48.8462;2.34839;48.8492;2.33981;48.8432;2.35695;16
11:35:04.261;48.8462;2.34837;48.8492;2.33978;48.8432;2.35695;16
11:35:04.261;48.8461;2.34839;48.8491;2.33981;48.8432;2.35695;16
11:35:04.550;48.8462;2.34839;48.8492;2.33981;48.8432;2.35695;16
11:35:05.194;48.8462;2.34839;48.8521;2.33122;48.8402;2.36554;15
11:35:06.371;48.8461;2.34831;48.8521;2.33115;48.8401;2.36545;15
11:35:06.372;48.846;2.34801;48.852;2.33084;48.84;2.36514;15
11:35:06.902;48.8464;2.34702;48.8524;2.32985;48.8404;2.36417;15
11:35:06.902;48.8465;2.34694;48.8525;2.32977;48.8405;2.36407;15
11:35:07.120;48.8466;2.34654;48.8526;2.32938;48.8407;2.36369;15
11:35:07.120;48.8467;2.34668;48.8526;2.32951;48.8407;2.36382;15
11:35:11.737;48.8462;2.34737;48.8521;2.3302;48.8402;2.3645;15
11:35:11.737;48.8458;2.34775;48.8518;2.33058;48.8399;2.3649;15
11:35:11.955;48.8454;2.34801;48.8514;2.33084;48.8394;2.36514;15
11:35:11.955;48.8458;2.34775;48.8518;2.33058;48.8398;2.3649;15
11:35:14.754;48.8458;2.34775;48.8577;2.31342;48.8339;2.38206;14
11:35:15.705;48.8464;2.34792;48.8583;2.31358;48.8344;2.38223;14
11:35:15.705;48.848;2.34903;48.8599;2.3147;48.836;2.38335;14
11:35:16.048;48.8539;2.35085;48.8659;2.31651;48.842;2.38515;14
11:35:16.049;48.8545;2.35118;48.8664;2.31685;48.8425;2.3855;14
11:35:16.165;48.8563;2.35161;48.8682;2.31728;48.8443;2.38593;14
11:35:16.165;48.8563;2.35161;48.8683;2.31728;48.8444;2.38593;14
11:35:16.165;48.8565;2.35161;48.8685;2.31728;48.8446;2.38593;14
11:35:16.253;48.8569;2.3517;48.8689;2.31737;48.845;2.386;14
11:35:16.253;48.857;2.3517;48.8689;2.31737;48.8451;2.386;14
11:35:16.364;48.8576;2.35161;48.8695;2.31728;48.8456;2.38593;14
11:35:16.959;48.8614;2.35196;48.8733;2.31763;48.8494;2.38626;14
11:35:16.960;48.8628;2.35246;48.8747;2.31813;48.8509;2.38678;14
11:35:16.997;48.8651;2.35298;48.8771;2.31865;48.8532;2.3873;14
11:35:16.997;48.8655;2.35298;48.8775;2.31865;48.8536;2.3873;14
11:35:17.118;48.8665;2.35307;48.8784;2.31874;48.8545;2.38737;14
11:35:17.118;48.8669;2.35307;48.8788;2.31874;48.8549;2.38737;14
11:35:17.306;48.8675;2.35307;48.8794;2.31874;48.8555;2.38737;14
11:35:17.306;48.868;2.35298;48.8799;2.31865;48.8561;2.3873;14
11:35:17.446;48.8687;2.35307;48.8806;2.31874;48.8567;2.38737;14
11:35:17.447;48.869;2.35307;48.881;2.31874;48.8571;2.38737;14
11:35:17.551;48.8693;2.35298;48.8812;2.31865;48.8574;2.3873;14
11:35:17.738;48.8693;2.35307;48.8812;2.31874;48.8574;2.38737;14
11:35:17.739;48.8693;2.35307;48.8812;2.31874;48.8574;2.38737;14
11:35:17.912;48.8694;2.35333;48.8813;2.319;48.8574;2.38763;14
11:35:18.055;48.8692;2.35539;48.8811;2.32106;48.8573;2.38969;14
11:35:18.056;48.869;2.35608;48.881;2.32175;48.8571;2.39038;14
11:35:18.191;48.8687;2.35727;48.8807;2.32294;48.8568;2.39159;14
11:35:18.191;48.8687;2.35762;48.8807;2.32329;48.8568;2.39194;14
11:35:18.340;48.8665;2.35951;48.8785;2.32518;48.8546;2.39381;14
11:35:18.340;48.8634;2.35899;48.8754;2.32466;48.8515;2.39331;14
11:35:18.504;48.8578;2.35641;48.8697;2.32208;48.8458;2.39073;14
11:35:18.504;48.8577;2.35608;48.8696;2.32175;48.8457;2.39038;14
11:35:18.618;48.8567;2.35376;48.8686;2.31943;48.8447;2.38806;14
11:35:18.619;48.8558;2.35333;48.8677;2.319;48.8439;2.38763;14
11:35:18.721;48.8557;2.35239;48.8676;2.31805;48.8438;2.38669;14
11:35:18.721;48.8552;2.35222;48.8671;2.31789;48.8432;2.38652;14
11:35:19.021;48.8546;2.35161;48.8665;2.31728;48.8426;2.38593;14
11:35:19.021;48.8543;2.35109;48.8663;2.31676;48.8424;2.38541;14
11:35:19.021;48.8538;2.35075;48.8658;2.31642;48.8419;2.38507;14
11:35:19.021;48.8538;2.35066;48.8657;2.31633;48.8418;2.38498;14
11:35:19.166;48.8534;2.35033;48.8654;2.31599;48.8415;2.38463;14
11:35:19.166;48.8535;2.35033;48.8654;2.31599;48.8415;2.38463;14
11:35:19.265;48.8538;2.35023;48.8657;2.3159;48.8418;2.38455;14
11:35:19.612;48.8531;2.35059;48.8651;2.31625;48.8412;2.38489;14
11:35:19.612;48.8523;2.35075;48.8643;2.31642;48.8404;2.38507;14
11:35:19.893;48.8465;2.35178;48.8584;2.31744;48.8345;2.38609;14
11:35:19.893;48.8452;2.35187;48.8571;2.31754;48.8332;2.38618;14
11:35:19.954;48.8439;2.35229;48.8558;2.31796;48.8319;2.38661;14
11:35:19.954;48.8437;2.35239;48.8556;2.31805;48.8317;2.38669;14
11:35:20.103;48.8438;2.35204;48.8557;2.3177;48.8318;2.38635;14
11:35:20.103;48.8441;2.35161;48.8561;2.31728;48.8322;2.38593;14
11:35:20.247;48.8455;2.35085;48.8574;2.31651;48.8335;2.38515;14
11:35:21.064;48.8455;2.35085;48.8514;2.33368;48.8395;2.36798;15
11:35:22.008;48.8455;2.35085;48.8514;2.33368;48.8395;2.36798;15
11:35:22.008;48.8454;2.35037;48.8514;2.33321;48.8394;2.36751;15
11:35:22.249;48.8458;2.34943;48.8518;2.33226;48.8398;2.36656;15
11:35:22.250;48.846;2.34921;48.8519;2.33205;48.84;2.36635;15
11:35:22.472;48.846;2.34908;48.852;2.33191;48.84;2.36623;15
11:35:22.472;48.8461;2.34912;48.8521;2.33195;48.8401;2.36627;15
11:35:22.798;48.8462;2.34912;48.8521;2.33195;48.8402;2.36627;15
11:35:22.798;48.8462;2.34912;48.8522;2.33195;48.8403;2.36627;15
11:35:27.780;48.846;2.349;48.852;2.33183;48.84;2.36613;15
11:35:27.780;48.8462;2.34818;48.8522;2.33101;48.8402;2.36533;15
11:35:27.998;48.846;2.34766;48.852;2.33049;48.8401;2.36481;15
11:35:27.999;48.8461;2.34727;48.852;2.33011;48.8401;2.36443;15
11:35:28.272;48.8461;2.34732;48.8521;2.33015;48.8402;2.36447;15
11:35:28.272;48.8462;2.34732;48.8522;2.33015;48.8402;2.36447;15
11:35:34.529;48.8462;2.34727;48.8522;2.33011;48.8402;2.36443;15
11:35:34.529;48.8462;2.34689;48.8521;2.32973;48.8402;2.36403;15
11:35:34.767;48.8461;2.34689;48.8521;2.32973;48.8402;2.36403;15
11:35:34.768;48.8461;2.3468;48.8521;2.32964;48.8401;2.36395;15
11:35:35.029;48.8462;2.34647;48.8522;2.3293;48.8402;2.3636;15
11:35:35.029;48.8462;2.34642;48.8522;2.32925;48.8403;2.36356;15
11:35:35.119;48.8464;2.34647;48.8523;2.3293;48.8404;2.3636;15
11:35:38.341;48.8464;2.34659;48.8524;2.32942;48.8405;2.36374;15
11:35:38.342;48.8469;2.34581;48.8529;2.32864;48.8409;2.36296;15
11:35:39.267;48.8473;2.34261;48.8532;2.32544;48.8413;2.35974;15
11:35:39.267;48.8484;2.33887;48.8543;2.3217;48.8424;2.356;15
11:35:39.268;48.8488;2.33676;48.8548;2.3196;48.8428;2.35391;15
11:35:39.268;48.8492;2.33539;48.8551;2.31822;48.8432;2.35254;15
11:35:39.268;48.8493;2.33453;48.8552;2.31737;48.8433;2.35167;15
11:35:39.268;48.8492;2.33449;48.8551;2.31732;48.8432;2.35164;15
11:35:39.649;48.8491;2.33453;48.8551;2.31737;48.8431;2.35167;15
11:35:39.649;48.8493;2.33453;48.8552;2.31737;48.8433;2.35167;15
11:35:40.637;48.8492;2.3347;48.8552;2.31754;48.8433;2.35185;15
11:35:40.873;48.8474;2.33939;48.8534;2.32222;48.8414;2.35652;15
11:35:40.874;48.8466;2.34152;48.8526;2.32436;48.8406;2.35867;15
11:35:41.231;48.8457;2.3441;48.8517;2.32693;48.8398;2.36125;15
11:35:41.231;48.8456;2.345;48.8516;2.32784;48.8396;2.36215;15
11:35:42.050;48.8454;2.34654;48.8513;2.32938;48.8394;2.36369;15
11:35:42.050;48.8456;2.34727;48.8516;2.33011;48.8396;2.36443;15
11:35:42.050;48.8456;2.34718;48.8516;2.33002;48.8397;2.36433;15
11:35:42.050;48.8457;2.34702;48.8517;2.32985;48.8397;2.36417;15
11:35:42.051;48.8458;2.34702;48.8517;2.32985;48.8398;2.36417;15
11:35:42.051;48.8459;2.34685;48.8519;2.32968;48.84;2.364;15
11:35:42.206;48.8463;2.34586;48.8522;2.32869;48.8403;2.36301;15
11:35:46.832;48.8461;2.34642;48.852;2.32925;48.8401;2.36356;15
11:35:46.832;48.8461;2.34822;48.8521;2.33105;48.8401;2.36537;15
11:35:47.058;48.846;2.349;48.852;2.33183;48.84;2.36613;15
11:35:47.058;48.846;2.34917;48.8519;2.332;48.84;2.3663;15
11:35:47.311;48.846;2.34917;48.8519;2.332;48.84;2.3663;15
11:35:47.312;48.846;2.34912;48.852;2.33195;48.84;2.36627;15
11:35:56.900;48.846;2.34912;48.8519;2.33195;48.84;2.36627;15
11:35:56.901;48.8457;2.349;48.8517;2.33183;48.8397;2.36613;15
11:35:57.158;48.8456;2.34879;48.8516;2.33162;48.8396;2.36592;15
11:35:57.158;48.8455;2.3486;48.8515;2.33144;48.8396;2.36575;15
11:35:57.256;48.8455;2.34848;48.8515;2.33131;48.8396;2.36562;15
