11:38:47.255;48.8547;2.34662;48.8786;2.27795;48.8308;2.41528;13
11:38:53.430;48.8552;2.34781;48.8791;2.27914;48.8313;2.41647;13
11:38:53.684;48.8559;2.34953;48.8797;2.28087;48.832;2.4182;13
11:38:55.072;48.8559;2.34953;48.8678;2.3152;48.8439;2.38387;14
11:38:55.754;48.8559;2.34953;48.8618;2.33237;48.8499;2.3667;15
11:38:56.165;48.8536;2.35164;48.8596;2.33447;48.8476;2.3688;15
11:38:56.869;48.8532;2.35172;48.8592;2.33455;48.8472;2.36888;15
11:38:56.869;48.8513;2.35304;48.8573;2.33588;48.8453;2.37021;15
11:38:58.122;48.8514;2.35344;48.8574;2.33627;48.8454;2.37061;15
11:38:58.122;48.8508;2.35493;48.8568;2.33777;48.8449;2.3721;15
11:38:58.324;48.8487;2.35704;48.8547;2.33987;48.8428;2.37421;15
11:38:59.144;48.8487;2.35738;48.8546;2.34021;48.8427;2.37454;15
11:38:59.144;48.8471;2.3591;48.8531;2.34193;48.8412;2.37627;15
11:38:59.277;48.8461;2.35979;48.8521;2.34262;48.8401;2.37695;15
11:39:00.488;48.8461;2.35979;48.8521;2.34262;48.8401;2.37695;15
11:39:00.488;48.8459;2.36038;48.8518;2.34322;48.8399;2.37755;15
11:39:00.559;48.8457;2.36073;48.8517;2.34357;48.8398;2.3779;15
11:39:01.034;48.8457;2.36052;48.8517;2.34335;48.8398;2.37769;15
11:39:01.034;48.8465;2.3555;48.8525;2.33833;48.8405;2.37267;15
11:39:01.268;48.8476;2.35155;48.8535;2.33438;48.8416;2.36871;15
11:39:01.269;48.8479;2.3512;48.8539;2.33403;48.8419;2.36836;15
11:39:01.776;48.848;2.35074;48.854;2.33356;48.842;2.36789;15
11:39:01.776;48.8491;2.34708;48.8551;2.32991;48.8432;2.36424;15
11:39:02.010;48.8496;2.34525;48.8556;2.32806;48.8436;2.3624;15
11:39:02.011;48.8496;2.34506;48.8555;2.3279;48.8436;2.36223;15
11:39:02.512;48.8495;2.34494;48.8554;2.32777;48.8435;2.36211;15
11:39:02.513;48.8495;2.34494;48.8554;2.32777;48.8435;2.36211;15
11:39:02.710;48.8483;2.35257;48.8543;2.3354;48.8423;2.36974;15
11:39:02.711;48.8479;2.35318;48.8539;2.33601;48.8419;2.37035;15
11:39:03.994;48.8479;2.35335;48.8539;2.33618;48.842;2.37051;15
11:39:03.994;48.8479;2.35339;48.8539;2.33623;48.842;2.37056;15
11:39:04.197;48.848;2.35344;48.8539;2.33627;48.842;2.37061;15
11:39:04.197;48.848;2.35356;48.854;2.3364;48.842;2.37073;15
11:39:04.301;48.848;2.35356;48.854;2.3364;48.842;2.37073;15
11:39:04.587;48.848;2.35361;48.8539;2.33644;48.842;2.37077;15
11:39:04.587;48.8479;2.35365;48.8539;2.33649;48.8419;2.37082;15
11:39:04.846;48.8477;2.35408;48.8537;2.33691;48.8417;2.37125;15
11:39:04.846;48.8471;2.35567;48.8531;2.3385;48.8411;2.37283;15
11:39:05.087;48.8464;2.35666;48.8524;2.33949;48.8404;2.37383;15
11:39:05.087;48.8464;2.35669;48.8524;2.33952;48.8404;2.37386;15
11:39:05.208;48.8465;2.3569;48.8525;2.33975;48.8406;2.37408;15
11:39:13.496;48.846;2.36031;48.852;2.34314;48.84;2.37747;15
11:39:28.435;48.8489;2.34717;48.8549;2.33;48.843;2.36433;15
11:39:28.435;48.8492;2.34151;48.8552;2.32434;48.8433;2.35867;15
11:39:28.435;48.8493;2.33897;48.8553;2.32181;48.8433;2.35614;15
11:39:28.949;48.8495;2.33838;48.8554;2.3212;48.8435;2.35553;15
11:39:28.950;48.8492;2.33644;48.8551;2.31927;48.8432;2.35361;15
11:39:29.061;48.8495;2.33559;48.8554;2.31842;48.8435;2.35275;15
11:39:31.590;48.8495;2.33575;48.8555;2.31859;48.8436;2.35292;15
11:39:31.590;48.8462;2.33696;48.8521;2.31979;48.8402;2.35413;15
11:39:33.652;48.8467;2.33846;48.8526;2.32129;48.8407;2.35562;15
11:39:39.402;48.8467;2.33902;48.8526;2.32185;48.8407;2.35619;15
11:39:39.403;48.8467;2.33923;48.8526;2.32207;48.8407;2.3564;15
11:39:41.588;48.8465;2.33949;48.8525;2.32233;48.8405;2.35666;15
11:39:41.588;48.8446;2.33902;48.8506;2.32185;48.8386;2.35619;15
11:39:45.205;48.8447;2.33923;48.8506;2.32207;48.8387;2.3564;15
11:39:45.205;48.8448;2.33952;48.8508;2.32236;48.8388;2.35669;15
11:39:46.587;48.8448;2.33966;48.8508;2.32249;48.8389;2.35683;15
11:39:46.587;48.845;2.34108;48.8509;2.32391;48.839;2.35825;15
11:39:50.923;48.845;2.34129;48.8509;2.32413;48.839;2.35846;15
11:39:50.923;48.8452;2.34421;48.8512;2.32704;48.8392;2.36137;15
11:39:51.184;48.8461;2.3488;48.852;2.33163;48.8401;2.36597;15
11:39:51.184;48.8461;2.34966;48.8521;2.33249;48.8402;2.36682;15
11:39:52.907;48.8461;2.34966;48.8521;2.33249;48.8401;2.36682;15
11:39:52.907;48.8452;2.3488;48.8512;2.33163;48.8392;2.36597;15
11:39:53.164;48.845;2.34875;48.851;2.33159;48.839;2.36592;15
11:39:53.164;48.8449;2.3488;48.8508;2.33163;48.8389;2.36597;15
11:39:53.292;48.8444;2.34901;48.8504;2.33185;48.8384;2.36618;15
11:39:54.306;48.8444;2.3488;48.8504;2.33163;48.8385;2.36597;15
11:39:54.307;48.8456;2.34537;48.8516;2.3282;48.8397;2.36253;15
11:39:54.417;48.8456;2.34494;48.8516;2.32777;48.8396;2.36211;15
11:39:55.133;48.846;2.34473;48.852;2.32756;48.84;2.36189;15
11:39:55.133;48.8477;2.34373;48.8537;2.32657;48.8417;2.3609;15
11:39:55.468;48.8484;2.34373;48.8543;2.32657;48.8424;2.3609;15
11:40:13.407;48.8453;2.34665;48.8512;2.32948;48.8393;2.36382;15
11:40:14.446;48.8458;2.34662;48.8517;2.32944;48.8398;2.36377;15
11:40:17.089;48.8456;2.34683;48.8516;2.32967;48.8396;2.364;15
11:40:17.089;48.8441;2.34622;48.8501;2.32906;48.8381;2.36339;15
11:40:17.208;48.8438;2.34653;48.8497;2.32936;48.8378;2.36369;15
11:40:18.167;48.8437;2.34657;48.8497;2.32941;48.8377;2.36374;15
11:40:18.167;48.8425;2.34622;48.8485;2.32906;48.8366;2.36339;15
11:40:18.572;48.842;2.34639;48.8479;2.32922;48.836;2.36356;15
11:40:18.573;48.8415;2.34648;48.8475;2.32932;48.8355;2.36365;15
11:40:18.841;48.8414;2.34653;48.8473;2.32936;48.8354;2.36369;15
11:40:18.841;48.8414;2.34657;48.8473;2.32941;48.8354;2.36374;15
11:40:19.157;48.8424;2.34665;48.8483;2.32948;48.8364;2.36382;15
11:40:19.158;48.8433;2.34657;48.8492;2.32941;48.8373;2.36374;15
11:40:19.489;48.8442;2.34657;48.8502;2.32941;48.8383;2.36374;15
11:40:19.489;48.8444;2.34662;48.8504;2.32944;48.8384;2.36377;15
11:40:19.957;48.8445;2.34665;48.8504;2.32948;48.8385;2.36382;15
11:40:19.957;48.846;2.34639;48.8519;2.32922;48.84;2.36356;15
11:40:20.229;48.8466;2.34669;48.8526;2.32953;48.8406;2.36386;15
11:40:20.229;48.8467;2.34674;48.8527;2.32957;48.8407;2.36391;15
11:40:20.955;48.8467;2.34674;48.8527;2.32957;48.8407;2.36391;15
11:40:20.955;48.8471;2.34662;48.8531;2.32944;48.8412;2.36377;15
11:40:21.173;48.8479;2.34674;48.8539;2.32957;48.8419;2.36391;15
11:40:21.174;48.8482;2.34674;48.8542;2.32957;48.8423;2.36391;15
11:40:21.285;48.8487;2.34679;48.8546;2.32962;48.8427;2.36395;15
11:40:23.150;48.8487;2.34679;48.8546;2.32962;48.8427;2.36395;15
11:40:23.368;48.8487;2.34683;48.8546;2.32967;48.8427;2.364;15
11:40:23.369;48.8487;2.34683;48.8546;2.32967;48.8427;2.364;15
11:40:23.482;48.8487;2.34686;48.8546;2.3297;48.8427;2.36403;15
11:40:24.071;48.8487;2.34705;48.8546;2.32988;48.8427;2.36421;15
11:40:25.266;48.8485;2.34752;48.8545;2.33035;48.8425;2.36469;15
11:40:25.354;48.8483;2.34802;48.8543;2.33086;48.8423;2.36519;15
11:40:26.274;48.8482;2.3488;48.8542;2.33163;48.8422;2.36597;15
11:40:27.032;48.8481;2.3488;48.8541;2.33163;48.8421;2.36597;15
11:40:27.275;48.8481;2.3488;48.8541;2.33163;48.8421;2.36597;15
11:40:27.275;48.8479;2.34885;48.8539;2.33168;48.8419;2.36601;15
11:40:27.534;48.8479;2.34885;48.8539;2.33168;48.8419;2.36601;15
11:40:27.534;48.8479;2.34885;48.8538;2.33168;48.8419;2.36601;15
11:40:27.798;48.8478;2.34885;48.8538;2.33168;48.8419;2.36601;15
11:40:27.798;48.8478;2.34897;48.8537;2.3318;48.8418;2.36613;15
11:40:28.094;48.8477;2.34937;48.8537;2.33218;48.8417;2.36652;15
11:40:28.206;48.8475;2.34996;48.8534;2.33279;48.8415;2.36713;15
11:40:30.711;48.8475;2.34996;48.8504;2.34137;48.8445;2.35854;16
11:40:31.587;48.8475;2.34996;48.8489;2.34567;48.846;2.35425;17
11:40:32.148;48.8474;2.34981;48.8489;2.34552;48.8459;2.3541;17
11:40:32.148;48.8476;2.34811;48.8491;2.34383;48.8461;2.3524;17
11:40:33.399;48.8476;2.3481;48.8491;2.3438;48.8461;2.35239;17
11:40:33.400;48.8479;2.34712;48.8494;2.34283;48.8464;2.35141;17
11:40:33.748;48.848;2.34659;48.8495;2.3423;48.8465;2.35086;17
11:40:33.748;48.848;2.34637;48.8495;2.34209;48.8465;2.35065;17
11:40:33.748;48.8479;2.34615;48.8494;2.34184;48.8465;2.35043;17
11:40:34.600;48.8479;2.34605;48.8494;2.34177;48.8465;2.35034;17
11:40:34.601;48.8477;2.34537;48.8492;2.34108;48.8462;2.34966;17
11:40:35.007;48.8473;2.34512;48.8488;2.34084;48.8458;2.3494;17
11:40:35.007;48.8471;2.34509;48.8486;2.34079;48.8456;2.34937;17
11:40:35.118;48.847;2.34506;48.8484;2.34077;48.8455;2.34937;17
11:40:36.313;48.8471;2.34462;48.8486;2.34032;48.8456;2.34889;17
11:40:37.335;48.8471;2.34444;48.8486;2.34015;48.8456;2.34871;17
11:40:37.335;48.8471;2.34444;48.8486;2.34015;48.8456;2.34871;17
11:40:39.966;48.8471;2.34444;48.8486;2.34015;48.8456;2.34871;17
11:40:39.967;48.8471;2.34444;48.8486;2.34015;48.8456;2.34871;17
11:40:40.186;48.8471;2.34444;48.8486;2.34015;48.8456;2.34871;17
11:40:40.186;48.8471;2.34444;48.8486;2.34015;48.8456;2.34871;17
11:40:40.419;48.8471;2.34444;48.8486;2.34015;48.8456;2.34871;17
11:40:41.701;48.8471;2.34441;48.8486;2.3401;48.8456;2.34869;17
11:40:41.701;48.8468;2.34419;48.8483;2.33989;48.8453;2.34848;17
11:40:42.550;48.8466;2.3441;48.848;2.33981;48.8451;2.34839;17
11:40:42.551;48.8465;2.34412;48.848;2.33983;48.845;2.34842;17
11:40:42.939;48.8463;2.34404;48.8478;2.33975;48.8448;2.34833;17
11:40:43.108;48.8463;2.34401;48.8478;2.33972;48.8448;2.34828;17
11:40:44.029;48.8459;2.34335;48.8474;2.33905;48.8444;2.34764;17
11:40:44.030;48.8459;2.34332;48.8474;2.33904;48.8444;2.34763;17
11:40:44.279;48.8459;2.34325;48.8474;2.33894;48.8444;2.34752;17
11:40:44.279;48.8459;2.34315;48.8474;2.33887;48.8444;2.34743;17
11:40:45.303;48.8459;2.34315;48.8474;2.33887;48.8444;2.34743;17
11:40:45.303;48.8462;2.34296;48.8477;2.33867;48.8447;2.34726;17
11:40:45.407;48.8465;2.34296;48.848;2.33867;48.845;2.34726;17
11:40:50.224;48.8465;2.34299;48.848;2.3387;48.845;2.34727;17
11:40:50.224;48.8467;2.34314;48.8482;2.33884;48.8452;2.34743;17
11:40:50.558;48.8469;2.34325;48.8484;2.33894;48.8454;2.34752;17
11:40:50.558;48.847;2.34332;48.8485;2.33904;48.8455;2.34763;17
11:40:50.559;48.847;2.34335;48.8485;2.33905;48.8455;2.34764;17
11:40:50.883;48.847;2.34335;48.8485;2.33905;48.8455;2.34764;17
11:40:50.884;48.847;2.34335;48.8485;2.33905;48.8455;2.34764;17
11:40:50.884;48.847;2.34337;48.8485;2.33908;48.8455;2.34764;17
11:40:51.135;48.847;2.34335;48.8485;2.33905;48.8455;2.34764;17
11:40:51.136;48.847;2.34335;48.8485;2.33905;48.8455;2.34764;17
11:40:51.283;48.847;2.34332;48.8485;2.33904;48.8455;2.34763;17
11:40:51.558;48.847;2.34335;48.8485;2.33905;48.8455;2.34764;17
11:40:51.666;48.847;2.34335;48.8485;2.33905;48.8455;2.34764;17
11:40:51.806;48.847;2.34335;48.8485;2.33905;48.8455;2.34764;17
11:40:52.066;48.847;2.34335;48.8485;2.33905;48.8455;2.34764;17
11:40:52.067;48.847;2.3434;48.8485;2.3391;48.8455;2.34769;17
11:40:53.237;48.847;2.3434;48.8485;2.3391;48.8455;2.34769;17
11:40:53.460;48.8469;2.34361;48.8484;2.33931;48.8454;2.3479;17
11:40:53.460;48.8467;2.34431;48.8482;2.34003;48.8452;2.34859;17
11:40:53.572;48.8466;2.34444;48.8481;2.34015;48.8451;2.34871;17
11:40:54.120;48.8466;2.34447;48.8481;2.34018;48.8451;2.34875;17
11:40:54.120;48.8461;2.34517;48.8476;2.34088;48.8446;2.34944;17
11:40:54.208;48.846;2.34531;48.8475;2.341;48.8445;2.34958;17
11:40:55.698;48.846;2.34531;48.8475;2.341;48.8445;2.34959;17
11:40:55.698;48.8462;2.34453;48.8477;2.34024;48.8447;2.3488;17
11:40:55.782;48.8465;2.34406;48.848;2.33977;48.845;2.34833;17
11:40:56.612;48.8465;2.34406;48.848;2.33977;48.845;2.34833;17
11:40:56.612;48.8466;2.34383;48.8481;2.33952;48.8451;2.34811;17
11:40:56.711;48.8467;2.34375;48.8482;2.33946;48.8452;2.34805;17
11:40:59.514;48.8469;2.34442;48.8484;2.34013;48.8454;2.34871;17
11:41:01.643;48.8468;2.34557;48.8483;2.34126;48.8453;2.34982;17
11:41:02.517;48.8461;2.34615;48.8476;2.34184;48.8446;2.35043;17
11:41:02.949;48.8461;2.34616;48.8476;2.34187;48.8446;2.35045;17
11:41:02.950;48.8457;2.34694;48.8472;2.34264;48.8442;2.35123;17
11:41:03.059;48.8456;2.34743;48.8471;2.34314;48.8441;2.35172;17
11:41:05.191;48.8456;2.34732;48.8471;2.34303;48.8441;2.35159;17
11:41:05.191;48.8458;2.34592;48.8473;2.34163;48.8443;2.35022;17
11:41:06.703;48.8458;2.34586;48.8473;2.34157;48.8443;2.35013;17
11:41:06.704;48.8458;2.34506;48.8473;2.34077;48.8443;2.34937;17
11:41:06.807;48.8461;2.34378;48.8476;2.33949;48.8446;2.34807;17
11:41:07.102;48.846;2.34346;48.8475;2.33917;48.8445;2.34775;17
11:41:07.102;48.846;2.34305;48.8475;2.33876;48.8445;2.34734;17
11:41:16.436;48.846;2.34306;48.8475;2.33878;48.8445;2.34734;17
11:41:16.436;48.8457;2.34332;48.8472;2.33904;48.8443;2.34763;17
11:41:16.517;48.8453;2.34367;48.8468;2.33939;48.8438;2.34795;17
11:41:17.352;48.8453;2.34375;48.8468;2.33946;48.8438;2.34805;17
11:41:17.352;48.846;2.34468;48.8475;2.34039;48.8445;2.34897;17
11:41:17.990;48.846;2.34468;48.8475;2.34039;48.8445;2.34897;17
11:41:17.991;48.8464;2.34473;48.8479;2.34042;48.8449;2.34901;17
11:41:18.065;48.8469;2.34521;48.8484;2.34093;48.8454;2.34949;17
11:41:19.108;48.8468;2.34517;48.8483;2.34088;48.8453;2.34947;17
11:41:19.108;48.8464;2.34467;48.8479;2.34036;48.8449;2.34892;17
11:41:19.187;48.8453;2.34373;48.8468;2.33945;48.8438;2.34802;17
11:41:19.952;48.8453;2.34372;48.8468;2.33942;48.8438;2.34799;17
11:41:19.952;48.8446;2.3432;48.8461;2.33891;48.8431;2.34747;17
11:41:20.573;48.8439;2.34268;48.8454;2.33839;48.8424;2.34697;17
11:41:20.783;48.843;2.34309;48.8445;2.33881;48.8415;2.34738;17
11:41:21.869;48.8429;2.34322;48.8444;2.33893;48.8414;2.34752;17
11:41:21.870;48.8426;2.3434;48.8441;2.3391;48.8411;2.34769;17
11:41:22.290;48.8422;2.34352;48.8437;2.33923;48.8407;2.34781;17
11:41:22.290;48.8419;2.34363;48.8434;2.33934;48.8404;2.34792;17
11:41:22.290;48.8414;2.34389;48.8429;2.3396;48.8399;2.34816;17
11:41:23.682;48.8414;2.34389;48.8444;2.3353;48.8384;2.35245;16
11:41:24.345;48.8414;2.34389;48.8474;2.32672;48.8354;2.36102;15
11:41:25.942;48.8415;2.34389;48.8475;2.32672;48.8356;2.36102;15
11:41:25.942;48.842;2.34367;48.848;2.32651;48.836;2.36081;15
11:41:26.857;48.8423;2.34367;48.8483;2.32651;48.8363;2.36081;15
11:41:26.857;48.8436;2.34354;48.8496;2.32637;48.8376;2.36069;15
11:41:27.926;48.8433;2.34354;48.8492;2.32637;48.8373;2.36069;15
11:41:27.926;48.844;2.34303;48.85;2.32587;48.8381;2.36017;15
11:41:28.285;48.845;2.34311;48.8509;2.32594;48.839;2.36026;15
11:41:28.286;48.845;2.34311;48.8509;2.32594;48.839;2.36026;15
11:41:28.420;48.845;2.34325;48.8509;2.32608;48.839;2.36038;15
11:41:29.638;48.845;2.3432;48.8509;2.32603;48.839;2.36035;15
11:41:29.638;48.8478;2.34166;48.8538;2.32449;48.8419;2.3588;15
11:41:29.887;48.8491;2.34114;48.8551;2.32397;48.8431;2.35828;15
11:41:29.887;48.8491;2.34109;48.8551;2.32393;48.8431;2.35825;15
11:41:39.970;48.8489;2.34109;48.8549;2.32393;48.8429;2.35825;15
11:41:39.971;48.8476;2.34123;48.8535;2.32407;48.8416;2.35837;15
11:41:40.384;48.8457;2.34114;48.8517;2.32397;48.8397;2.35828;15
11:41:40.385;48.8451;2.34123;48.8511;2.32407;48.8391;2.35837;15
11:41:40.978;48.8453;2.34114;48.8513;2.32397;48.8393;2.35828;15
11:41:40.979;48.8483;2.33981;48.8543;2.32265;48.8423;2.35695;15
11:41:41.074;48.8484;2.33986;48.8544;2.32269;48.8425;2.35699;15
11:41:41.736;48.8483;2.34036;48.8542;2.3232;48.8423;2.35751;15
11:41:41.736;48.8479;2.34058;48.8539;2.32341;48.842;2.35773;15
11:41:41.841;48.8476;2.34114;48.8536;2.32397;48.8416;2.35828;15
11:41:48.430;48.8476;2.3414;48.8535;2.32423;48.8416;2.35854;15
11:41:48.430;48.8461;2.34398;48.8521;2.32681;48.8402;2.36111;15
11:42:04.184;48.8459;2.34547;48.8519;2.32831;48.84;2.36263;15
11:42:04.990;48.8453;2.34796;48.8513;2.3308;48.8393;2.36511;15
11:42:05.941;48.8452;2.34813;48.8512;2.33096;48.8392;2.36528;15
11:42:06.317;48.8433;2.34766;48.8492;2.33049;48.8373;2.36481;15
11:42:06.317;48.8412;2.34711;48.8472;2.32994;48.8352;2.36424;15
11:42:06.441;48.8395;2.34654;48.8454;2.32938;48.8335;2.36369;15
11:42:07.341;48.8395;2.34654;48.8454;2.32938;48.8335;2.36369;15
11:42:07.341;48.8402;2.34663;48.8461;2.32947;48.8342;2.36377;15
11:42:07.966;48.8403;2.34647;48.8463;2.3293;48.8343;2.3636;15
11:42:07.967;48.8414;2.34467;48.8474;2.3275;48.8354;2.3618;15
11:42:08.655;48.8418;2.34441;48.8477;2.32724;48.8358;2.36154;15
11:42:08.655;48.8426;2.34375;48.8486;2.32658;48.8366;2.3609;15
11:42:09.348;48.8443;2.34341;48.8502;2.32625;48.8383;2.36057;15
11:42:10.501;48.8457;2.34299;48.8517;2.32582;48.8397;2.36012;15
11:42:10.501;48.8458;2.34299;48.8517;2.32582;48.8398;2.36012;15
11:42:10.786;48.8462;2.3429;48.8522;2.32573;48.8403;2.36005;15
11:42:10.787;48.8473;2.34261;48.8532;2.32544;48.8413;2.35974;15
11:42:13.112;48.8472;2.34299;48.8531;2.32582;48.8412;2.36012;15
11:42:13.112;48.8468;2.34358;48.8528;2.32642;48.8409;2.36073;15
11:42:18.896;48.8449;2.34839;48.8509;2.33122;48.8389;2.36554;15
11:42:22.559;48.8436;2.35629;48.8495;2.33913;48.8376;2.37343;15
11:42:25.133;48.8423;2.35471;48.8482;2.33754;48.8363;2.37184;15
11:42:25.745;48.8419;2.35376;48.8478;2.33659;48.8359;2.3709;15
11:42:28.234;48.8385;2.34195;48.8444;2.32478;48.8325;2.3591;15
11:42:33.624;48.8401;2.33839;48.8461;2.32123;48.8342;2.35553;15
11:42:33.624;48.8406;2.33728;48.8465;2.32011;48.8346;2.35442;15
11:42:33.625;48.8421;2.33766;48.8481;2.3205;48.8361;2.35481;15
11:42:33.625;48.8433;2.33968;48.8493;2.32251;48.8373;2.35683;15
11:42:34.788;48.8458;2.34285;48.8518;2.32568;48.8398;2.36;15
11:42:34.788;48.8473;2.3441;48.8533;2.32693;48.8414;2.36125;15
11:42:34.788;48.8498;2.34505;48.8557;2.32788;48.8438;2.36218;15
11:42:34.788;48.8515;2.34543;48.8575;2.32826;48.8455;2.36258;15
11:42:35.251;48.8542;2.34676;48.8602;2.32959;48.8482;2.36391;15
11:42:36.249;48.8542;2.34685;48.8602;2.32968;48.8482;2.364;15
11:42:36.592;48.8533;2.34689;48.8593;2.32973;48.8473;2.36403;15
11:42:36.592;48.8531;2.34689;48.8591;2.32973;48.8472;2.36403;15
11:42:37.959;48.853;2.34685;48.8589;2.32968;48.847;2.364;15
11:42:37.960;48.8519;2.34697;48.8579;2.3298;48.846;2.36412;15
11:42:38.570;48.8518;2.3477;48.8578;2.33054;48.8459;2.36485;15
11:42:38.707;48.8516;2.3481;48.8576;2.33093;48.8456;2.36523;15
11:42:48.746;48.8514;2.34784;48.8574;2.33067;48.8454;2.36497;15
11:42:48.746;48.8497;2.34616;48.8556;2.32899;48.8437;2.36331;15
11:42:52.079;48.8497;2.3465;48.8556;2.32933;48.8437;2.36365;15
11:42:52.080;48.8484;2.3456;48.8544;2.32843;48.8424;2.36275;15
11:42:54.589;48.8485;2.34595;48.8545;2.32878;48.8425;2.3631;15
11:42:54.589;48.8478;2.34673;48.8538;2.32956;48.8418;2.36386;15
11:42:55.253;48.8481;2.34673;48.8541;2.32956;48.8421;2.36386;15
11:42:55.253;48.8503;2.34093;48.8562;2.32376;48.8443;2.35806;15
11:42:55.846;48.8503;2.34093;48.8562;2.32376;48.8443;2.35806;15
11:42:55.846;48.8498;2.33453;48.8558;2.31737;48.8438;2.35167;15
11:42:55.964;48.851;2.33006;48.857;2.3129;48.845;2.34721;15
11:42:56.767;48.851;2.33025;48.857;2.31308;48.845;2.34738;15
11:42:56.768;48.8523;2.32414;48.8582;2.30698;48.8463;2.34129;15
11:42:57.005;48.8525;2.32338;48.8584;2.30621;48.8465;2.34052;15
11:42:57.755;48.8531;2.32161;48.8591;2.30444;48.8471;2.33876;15
11:42:57.755;48.8554;2.31934;48.8614;2.30217;48.8494;2.33649;15
11:42:59.064;48.8554;2.31934;48.8614;2.30217;48.8494;2.33649;15
11:42:59.064;48.8537;2.31273;48.8597;2.29556;48.8477;2.32988;15
11:42:59.330;48.8533;2.31136;48.8593;2.29419;48.8473;2.32851;15
11:43:00.150;48.8534;2.31093;48.8594;2.29376;48.8475;2.32806;15
11:43:00.150;48.854;2.3087;48.86;2.29153;48.848;2.32584;15
11:43:01.598;48.8542;2.30861;48.8601;2.29144;48.8482;2.32576;15
11:43:01.598;48.8559;2.30505;48.8619;2.28789;48.8499;2.32219;15
11:43:03.994;48.8559;2.30484;48.8619;2.28767;48.8499;2.32198;15
11:43:03.995;48.8568;2.29561;48.8627;2.27844;48.8508;2.31274;15
11:43:05.603;48.857;2.29561;48.8629;2.27844;48.851;2.31274;15
11:43:05.604;48.8616;2.29497;48.8676;2.2778;48.8557;2.3121;15
11:43:10.119;48.8617;2.29509;48.8676;2.27792;48.8557;2.31224;15
11:43:10.119;48.8609;2.299;48.8669;2.28183;48.8549;2.31615;15
11:43:10.328;48.8605;2.29964;48.8665;2.28247;48.8545;2.31679;15
11:43:11.319;48.8604;2.29973;48.8664;2.28256;48.8545;2.31686;15
11:43:11.320;48.8569;2.30179;48.8629;2.28462;48.8509;2.31892;15
11:43:11.694;48.8567;2.30191;48.8626;2.28474;48.8507;2.31906;15
11:43:11.695;48.8567;2.30196;48.8626;2.28479;48.8507;2.31911;15
11:43:11.906;48.8567;2.302;48.8626;2.28484;48.8507;2.31915;15
11:43:12.453;48.8567;2.30209;48.8626;2.28493;48.8507;2.31923;15
11:43:12.453;48.8567;2.30217;48.8627;2.285;48.8507;2.31932;15
11:43:13.523;48.8567;2.30278;48.8626;2.28561;48.8507;2.31992;15
11:43:13.740;48.8564;2.3035;48.8624;2.28633;48.8504;2.32065;15
11:43:14.670;48.8566;2.30371;48.8626;2.28654;48.8506;2.32086;15
11:43:14.874;48.8564;2.30402;48.8624;2.28685;48.8505;2.32117;15
11:43:19.732;48.8564;2.30397;48.8624;2.2868;48.8505;2.32112;15
11:43:19.732;48.8561;2.30028;48.862;2.28311;48.8501;2.31743;15
11:43:19.984;48.8561;2.30016;48.862;2.28299;48.8501;2.31731;15
11:43:23.864;48.8561;2.30016;48.8621;2.28299;48.8501;2.31731;15
11:43:23.864;48.8559;2.29921;48.8619;2.28204;48.85;2.31636;15
11:43:24.512;48.8549;2.2908;48.8609;2.27364;48.849;2.30794;15
11:43:25.519;48.8549;2.29088;48.8609;2.27371;48.849;2.30803;15
11:43:25.520;48.8551;2.29269;48.8611;2.27553;48.8492;2.30983;15
11:43:25.848;48.8553;2.29381;48.8613;2.27664;48.8493;2.31094;15
11:43:25.848;48.8553;2.29407;48.8613;2.2769;48.8493;2.3112;15
11:43:26.184;48.8553;2.29419;48.8613;2.27702;48.8493;2.31134;15
11:43:26.184;48.8553;2.29431;48.8613;2.27715;48.8493;2.31146;15
11:43:26.521;48.8553;2.2944;48.8613;2.27724;48.8493;2.31155;15
11:43:26.521;48.8553;2.29445;48.8613;2.27728;48.8493;2.31158;15
11:43:26.663;48.8553;2.29449;48.8613;2.27733;48.8493;2.31163;15
11:43:27.403;48.8553;2.29449;48.8613;2.27733;48.8493;2.31163;15
11:43:27.403;48.8541;2.29565;48.8601;2.27849;48.8481;2.31279;15
11:43:27.691;48.8539;2.2963;48.8599;2.27913;48.848;2.31343;15
11:43:27.691;48.8539;2.29637;48.8599;2.27921;48.848;2.31352;15
11:43:29.293;48.8539;2.29651;48.8599;2.27934;48.848;2.31366;15
11:43:29.293;48.8539;2.29655;48.8599;2.27939;48.8479;2.31369;15
11:43:29.511;48.8539;2.29655;48.8599;2.27939;48.8479;2.31369;15
11:43:36.900;48.8539;2.29655;48.8599;2.27939;48.8479;2.31369;15
11:43:36.900;48.8536;2.29616;48.8596;2.27899;48.8476;2.31331;15
11:43:37.043;48.8542;2.29651;48.8601;2.27934;48.8482;2.31366;15
11:43:48.789;48.8589;2.30118;48.8649;2.28401;48.853;2.31833;15
11:43:49.359;48.859;2.30132;48.865;2.28415;48.853;2.31845;15
11:43:49.359;48.8612;2.30342;48.8672;2.28625;48.8552;2.32056;15
11:43:50.819;48.8612;2.30354;48.8672;2.28638;48.8552;2.32069;15
11:43:50.819;48.8586;2.30191;48.8645;2.28474;48.8526;2.31906;15
11:43:51.055;48.8562;2.30037;48.8622;2.2832;48.8503;2.31752;15
11:43:52.152;48.8562;2.30054;48.8622;2.28337;48.8503;2.31769;15
11:43:52.152;48.8544;2.30148;48.8604;2.28432;48.8485;2.31863;15
11:43:52.285;48.8537;2.30136;48.8596;2.28419;48.8477;2.3185;15
11:43:55.568;48.8537;2.30144;48.8597;2.28427;48.8477;2.31859;15
11:43:55.569;48.8546;2.30141;48.8606;2.28424;48.8487;2.31854;15
11:43:56.116;48.8555;2.30174;48.8615;2.28458;48.8496;2.31889;15
11:43:57.326;48.8556;2.30212;48.8615;2.28496;48.8496;2.31927;15
11:43:57.326;48.8564;2.30518;48.8624;2.28801;48.8504;2.32233;15
11:43:57.577;48.8571;2.30693;48.863;2.28976;48.8511;2.32408;15
11:43:58.249;48.8572;2.30711;48.8632;2.28995;48.8512;2.32425;15
11:43:58.249;48.8613;2.30917;48.8673;2.29201;48.8553;2.32631;15
11:43:59.499;48.8614;2.3092;48.8674;2.29204;48.8554;2.32635;15
11:43:59.500;48.8617;2.30934;48.8677;2.29218;48.8558;2.32648;15
11:44:00.560;48.8619;2.30925;48.8679;2.29208;48.8559;2.3264;15
11:44:00.560;48.8643;2.30896;48.8702;2.29179;48.8583;2.3261;15
11:44:01.762;48.8641;2.30887;48.87;2.2917;48.8581;2.32602;15
11:44:01.763;48.8601;2.30406;48.8661;2.2869;48.8541;2.3212;15
11:44:02.583;48.8601;2.30406;48.8661;2.2869;48.8541;2.3212;15
11:44:02.583;48.8578;2.30302;48.8638;2.28586;48.8518;2.32018;15
11:44:04.115;48.8579;2.30316;48.8638;2.286;48.8519;2.3203;15
11:44:04.115;48.8546;2.3029;48.8605;2.28574;48.8486;2.32005;15
11:44:05.443;48.8531;2.30209;48.8591;2.28493;48.8472;2.31923;15
11:44:06.115;48.8531;2.30226;48.8591;2.2851;48.8472;2.3194;15
11:44:06.116;48.8495;2.2989;48.8555;2.28174;48.8435;2.31606;15
11:44:06.988;48.8495;2.29904;48.8555;2.28188;48.8436;2.31618;15
11:44:06.988;48.8484;2.2981;48.8543;2.28093;48.8424;2.31525;15
11:44:07.106;48.8481;2.29784;48.8541;2.28067;48.8421;2.31499;15
11:44:07.989;48.8482;2.29819;48.8541;2.28102;48.8422;2.31532;15
11:44:07.989;48.8455;2.29663;48.8515;2.27946;48.8395;2.31378;15
11:44:08.980;48.8455;2.29681;48.8515;2.27965;48.8396;2.31395;15
11:44:08.980;48.8437;2.29613;48.8497;2.27896;48.8378;2.31326;15
11:44:10.706;48.8434;2.29663;48.8494;2.27946;48.8374;2.31378;15
11:44:10.707;48.8449;2.29793;48.8509;2.28076;48.8389;2.31506;15
11:44:12.003;48.8453;2.2981;48.8513;2.28093;48.8393;2.31525;15
11:44:12.004;48.8464;2.29822;48.8524;2.28105;48.8404;2.31537;15
11:44:13.174;48.8466;2.29822;48.8525;2.28105;48.8406;2.31537;15
11:44:13.175;48.8478;2.29822;48.8538;2.28105;48.8418;2.31537;15
11:44:14.034;48.8478;2.29836;48.8538;2.28119;48.8419;2.31549;15
11:44:14.034;48.8503;2.29968;48.8563;2.28252;48.8443;2.31683;15
11:44:15.179;48.8505;2.29985;48.8564;2.28268;48.8445;2.317;15
11:44:15.180;48.853;2.2999;48.859;2.28273;48.847;2.31705;15
11:44:15.995;48.8531;2.30006;48.8591;2.2829;48.8472;2.31721;15
11:44:15.995;48.8541;2.30028;48.86;2.28311;48.8481;2.31743;15
11:44:17.400;48.8541;2.30028;48.86;2.28311;48.8481;2.31743;15
11:44:17.400;48.855;2.30096;48.861;2.2838;48.8491;2.31812;15
11:44:18.314;48.8548;2.30136;48.8608;2.28419;48.8488;2.3185;15
11:44:18.314;48.8578;2.30212;48.8638;2.28496;48.8519;2.31927;15
11:44:19.454;48.8579;2.30273;48.8639;2.28557;48.852;2.31987;15
11:44:19.454;48.8576;2.3074;48.8636;2.29024;48.8516;2.32455;15
11:44:20.103;48.8578;2.30823;48.8638;2.29106;48.8518;2.32536;15
11:44:20.103;48.8576;2.31273;48.8635;2.29556;48.8516;2.32988;15
11:44:20.760;48.8576;2.31311;48.8635;2.29594;48.8516;2.33026;15
11:44:20.761;48.8554;2.31741;48.8614;2.30025;48.8494;2.33455;15
11:44:21.579;48.8554;2.31766;48.8613;2.30049;48.8494;2.33481;15
11:44:21.580;48.8523;2.31766;48.8583;2.30049;48.8463;2.33481;15
11:44:22.864;48.8524;2.31723;48.8584;2.30006;48.8464;2.33438;15
11:44:22.864;48.853;2.31448;48.859;2.29732;48.847;2.33163;15
11:44:24.587;48.8531;2.3141;48.8591;2.29694;48.8472;2.33125;15
11:44:24.587;48.8529;2.31145;48.8588;2.29428;48.8469;2.32858;15
11:44:26.058;48.8529;2.31145;48.8588;2.29428;48.8469;2.32858;15
11:44:26.058;48.8543;2.30096;48.8603;2.2838;48.8483;2.31812;15
11:44:26.633;48.8544;2.30115;48.8603;2.28398;48.8484;2.31828;15
11:44:27.171;48.8556;2.30212;48.8616;2.28496;48.8497;2.31927;15
11:44:28.210;48.8594;2.30411;48.8653;2.28694;48.8534;2.32124;15
11:44:31.719;48.862;2.30518;48.868;2.28801;48.856;2.32233;15
11:44:31.719;48.8588;2.30444;48.8648;2.28728;48.8528;2.32159;15
11:44:31.719;48.8588;2.30444;48.8648;2.28728;48.8528;2.32159;15
11:44:32.686;48.8589;2.30496;48.8648;2.2878;48.8529;2.32211;15
11:44:36.200;48.8589;2.30501;48.8648;2.28784;48.8529;2.32214;15
11:44:36.201;48.8578;2.30368;48.8638;2.28651;48.8518;2.32082;15
11:44:36.615;48.8571;2.30312;48.8631;2.28595;48.8511;2.32027;15
11:44:36.615;48.8574;2.30307;48.8634;2.2859;48.8515;2.32022;15
11:44:36.850;48.8608;2.30449;48.8667;2.28732;48.8548;2.32164;15
11:44:38.146;48.8611;2.3053;48.8671;2.28813;48.8551;2.32245;15
11:44:38.146;48.8628;2.30693;48.8688;2.28976;48.8568;2.32408;15
11:44:40.317;48.8636;2.30711;48.8696;2.28995;48.8576;2.32425;15
11:44:45.454;48.8638;2.30792;48.8698;2.29076;48.8578;2.32507;15
11:44:46.379;48.8636;2.3078;48.8696;2.29063;48.8576;2.32494;15
11:44:46.379;48.8584;2.30449;48.8644;2.28732;48.8525;2.32164;15
11:44:49.612;48.8575;2.30432;48.8634;2.28716;48.8515;2.32146;15
11:44:54.378;48.8572;2.30681;48.8632;2.28964;48.8512;2.32394;15
11:45:04.531;48.8551;2.31088;48.861;2.29372;48.8491;2.32803;15
11:45:04.532;48.8537;2.31308;48.8597;2.29591;48.8478;2.33022;15
11:45:04.532;48.852;2.31723;48.8579;2.30006;48.846;2.33438;15
11:45:04.972;48.8511;2.31827;48.8571;2.3011;48.8452;2.3354;15
11:45:04.973;48.8484;2.31886;48.8544;2.3017;48.8425;2.33601;15
11:45:05.610;48.8521;2.31604;48.8581;2.29887;48.8462;2.33318;15
11:45:06.312;48.8536;2.31531;48.8596;2.29814;48.8476;2.33244;15
11:45:06.312;48.8548;2.31441;48.8608;2.29724;48.8488;2.33154;15
11:45:07.327;48.8548;2.31453;48.8607;2.29736;48.8488;2.33168;15
11:45:07.328;48.8588;2.31273;48.8648;2.29556;48.8528;2.32988;15
11:45:07.749;48.8588;2.31277;48.8648;2.29561;48.8528;2.32991;15
11:45:08.132;48.8619;2.31171;48.8679;2.29454;48.8559;2.32884;15
11:45:08.437;48.8666;2.31062;48.8726;2.29346;48.8607;2.32777;15
11:45:09.116;48.8666;2.31071;48.8725;2.29355;48.8606;2.32785;15
11:45:09.116;48.8707;2.31183;48.8767;2.29466;48.8647;2.32898;15
11:45:10.088;48.8707;2.31183;48.8767;2.29466;48.8647;2.32898;15
11:45:10.088;48.8706;2.31316;48.8766;2.29599;48.8647;2.33031;15
11:45:10.548;48.8706;2.31595;48.8766;2.29878;48.8646;2.3331;15
11:45:10.548;48.8697;2.31801;48.8756;2.30084;48.8637;2.33516;15
11:45:11.635;48.8696;2.31813;48.8756;2.30096;48.8636;2.33528;15
11:45:11.635;48.8664;2.3235;48.8724;2.30634;48.8605;2.34065;15
11:45:12.241;48.8661;2.3244;48.872;2.30724;48.8601;2.34155;15
11:45:12.241;48.8653;2.32658;48.8713;2.30942;48.8594;2.34373;15
11:45:13.457;48.8653;2.32681;48.8713;2.30965;48.8593;2.34395;15
11:45:13.581;48.8655;2.32814;48.8714;2.31097;48.8595;2.34528;15
11:45:15.106;48.8655;2.32921;48.8714;2.31204;48.8595;2.34636;15
11:45:15.106;48.8666;2.33411;48.8725;2.31694;48.8606;2.35124;15
11:45:16.124;48.8666;2.33453;48.8725;2.31737;48.8606;2.35167;15
11:45:16.124;48.8653;2.34076;48.8713;2.32359;48.8593;2.35789;15
11:45:16.205;48.8646;2.34247;48.8705;2.3253;48.8586;2.35962;15
11:45:16.867;48.8644;2.34282;48.8704;2.32565;48.8585;2.35995;15
11:45:16.867;48.8625;2.3477;48.8684;2.33054;48.8565;2.36485;15
11:45:16.938;48.8613;2.35059;48.8673;2.33342;48.8554;2.36772;15
11:45:17.483;48.8613;2.35229;48.8672;2.33513;48.8553;2.36945;15
11:45:17.483;48.8598;2.35641;48.8658;2.33925;48.8539;2.37357;15
11:45:17.610;48.8594;2.35796;48.8654;2.34079;48.8535;2.37511;15
11:45:18.286;48.8595;2.3611;48.8654;2.34393;48.8535;2.37823;15
11:45:18.287;48.8583;2.36667;48.8643;2.3495;48.8524;2.38382;15
11:45:19.840;48.8552;2.37607;48.8611;2.3589;48.8492;2.39322;15
11:45:21.771;48.8521;2.38049;48.8581;2.36333;48.8461;2.39764;15
11:45:21.771;48.8486;2.37585;48.8545;2.35869;48.8426;2.39301;15
11:45:21.772;48.848;2.37737;48.854;2.3602;48.842;2.3945;15
11:45:21.772;48.846;2.37839;48.852;2.36122;48.84;2.39554;15
11:45:23.343;48.8458;2.37839;48.8518;2.36122;48.8398;2.39554;15
11:45:23.343;48.8414;2.38423;48.8474;2.36707;48.8354;2.40137;15
11:45:24.051;48.8413;2.38466;48.8473;2.36749;48.8354;2.40179;15
11:45:24.051;48.8387;2.39182;48.8447;2.37465;48.8327;2.40897;15
11:45:25.153;48.8386;2.39182;48.8445;2.37465;48.8326;2.40897;15
11:45:25.153;48.8362;2.39105;48.8421;2.37389;48.8302;2.40819;15
11:45:27.433;48.8354;2.3916;48.8414;2.37444;48.8294;2.40875;15
11:45:27.433;48.8333;2.39337;48.8393;2.37621;48.8273;2.41051;15
11:45:28.778;48.8334;2.39337;48.8394;2.37621;48.8274;2.41051;15
11:45:28.778;48.8385;2.38568;48.8444;2.36852;48.8325;2.40283;15
11:45:29.338;48.8385;2.38521;48.8445;2.36804;48.8326;2.40236;15
11:45:29.339;48.8405;2.38152;48.8464;2.36435;48.8345;2.39867;15
11:45:29.737;48.8415;2.37675;48.8475;2.35959;48.8355;2.39391;15
11:45:30.258;48.8414;2.37689;48.8474;2.35973;48.8354;2.39403;15
11:45:30.258;48.844;2.37277;48.85;2.35561;48.8381;2.38991;15
11:45:30.816;48.8443;2.37247;48.8503;2.3553;48.8383;2.38962;15
11:45:30.817;48.8478;2.36891;48.8538;2.35175;48.8419;2.38605;15
11:45:31.451;48.8498;2.36685;48.8557;2.34969;48.8438;2.38399;15
11:45:31.451;48.8512;2.36534;48.8572;2.34818;48.8453;2.38249;15
11:45:32.236;48.8512;2.36522;48.8572;2.34805;48.8453;2.38235;15
11:45:32.237;48.8541;2.35878;48.86;2.34161;48.8481;2.37592;15
11:45:32.848;48.8543;2.35826;48.8602;2.34109;48.8483;2.37541;15
11:45:32.849;48.8563;2.35045;48.8623;2.33328;48.8504;2.3676;15
11:45:33.502;48.8562;2.35066;48.8622;2.3335;48.8502;2.36781;15
11:45:33.502;48.8566;2.34869;48.8626;2.33153;48.8506;2.36584;15
11:45:33.611;48.8574;2.34467;48.8634;2.3275;48.8515;2.3618;15
11:45:34.095;48.8574;2.34467;48.8634;2.3275;48.8515;2.3618;15
11:45:34.095;48.858;2.3387;48.864;2.32153;48.8521;2.35583;15
11:45:34.365;48.8589;2.33617;48.8648;2.319;48.8529;2.3533;15
11:45:34.808;48.859;2.33603;48.8649;2.31886;48.853;2.35318;15
11:45:34.808;48.8642;2.33345;48.8702;2.31628;48.8583;2.3506;15
11:45:36.566;48.8646;2.33328;48.8706;2.31612;48.8586;2.35043;15
11:45:36.566;48.868;2.33212;48.874;2.31496;48.862;2.34927;15
11:45:40.852;48.8678;2.33252;48.8737;2.31535;48.8618;2.34966;15
11:45:40.852;48.8655;2.33255;48.8714;2.31538;48.8595;2.3497;15
11:45:42.508;48.8655;2.33255;48.8714;2.31538;48.8595;2.3497;15
11:45:42.509;48.8651;2.33269;48.8711;2.31552;48.8592;2.34982;15
11:45:44.679;48.8649;2.33247;48.8709;2.31531;48.8589;2.34961;15
11:45:44.679;48.8614;2.32779;48.8674;2.31062;48.8554;2.34494;15
11:45:44.791;48.8606;2.32677;48.8666;2.3096;48.8546;2.3439;15
11:45:45.382;48.8598;2.32526;48.8657;2.30809;48.8538;2.34241;15
11:45:45.383;48.8581;2.32109;48.8641;2.30392;48.8521;2.33824;15
11:45:45.820;48.8582;2.32092;48.8641;2.30376;48.8522;2.33807;15
11:45:45.821;48.8608;2.3141;48.8668;2.29694;48.8548;2.33125;15
11:45:46.571;48.8609;2.31308;48.8669;2.29591;48.8549;2.33022;15
11:45:46.571;48.8641;2.30759;48.87;2.29042;48.8581;2.32472;15
11:45:47.344;48.8641;2.30693;48.8701;2.28976;48.8581;2.32408;15
11:45:47.345;48.8621;2.29547;48.8681;2.27831;48.8562;2.31262;15
11:45:48.132;48.8621;2.29561;48.8681;2.27844;48.8561;2.31274;15
11:45:48.132;48.8591;2.29471;48.865;2.27754;48.8531;2.31184;15
11:45:48.277;48.8573;2.29449;48.8632;2.27733;48.8513;2.31163;15
11:45:49.620;48.8572;2.29419;48.8632;2.27702;48.8512;2.31134;15
11:45:49.620;48.8532;2.28839;48.8592;2.27122;48.8473;2.30554;15
11:45:51.488;48.8503;2.28595;48.8563;2.26878;48.8443;2.3031;15
11:45:53.267;48.8512;2.28754;48.8571;2.27037;48.8452;2.30469;15
11:45:53.267;48.8512;2.28758;48.8572;2.27042;48.8452;2.30472;15
11:45:53.529;48.853;2.28976;48.859;2.2726;48.847;2.30692;15
11:45:53.529;48.8545;2.29222;48.8605;2.27505;48.8485;2.30936;15
11:46:04.286;48.8543;2.29376;48.8602;2.2766;48.8483;2.31091;15
11:46:04.287;48.8565;2.29745;48.8624;2.28029;48.8505;2.31459;15
11:46:04.287;48.8619;2.30324;48.8679;2.28607;48.8559;2.32039;15
11:46:08.325;48.8638;2.3087;48.8698;2.29153;48.8578;2.32584;15
11:46:08.326;48.8642;2.31136;48.8702;2.29419;48.8583;2.32851;15
11:46:16.994;48.8642;2.31509;48.8701;2.29793;48.8582;2.33223;15
11:46:16.994;48.866;2.31831;48.872;2.30115;48.8601;2.33545;15
11:46:16.995;48.8632;2.32436;48.8692;2.30719;48.8573;2.34151;15
11:46:16.995;48.8633;2.32504;48.8693;2.30788;48.8573;2.34219;15
11:46:16.995;48.8652;2.32246;48.8712;2.3053;48.8592;2.33961;15
11:46:16.995;48.8653;2.32156;48.8713;2.3044;48.8593;2.33871;15
11:46:16.995;48.8651;2.32024;48.8711;2.30307;48.8591;2.33739;15
11:46:20.059;48.865;2.32153;48.871;2.30437;48.859;2.33867;15
11:46:20.059;48.8644;2.32298;48.8703;2.30582;48.8584;2.34013;15
11:46:20.059;48.8645;2.3226;48.8704;2.30544;48.8585;2.33975;15
11:46:21.311;48.8648;2.32201;48.8708;2.30484;48.8589;2.33914;15
11:46:21.883;48.8654;2.3208;48.8714;2.30363;48.8595;2.33794;15
11:46:23.219;48.8654;2.32106;48.8714;2.30389;48.8594;2.3382;15
11:46:23.220;48.8649;2.32359;48.8708;2.30643;48.8589;2.34073;15
11:46:28.835;48.8649;2.32384;48.8708;2.30667;48.8589;2.34099;15
11:46:30.553;48.8646;2.32329;48.8706;2.30612;48.8586;2.34042;15
11:46:30.553;48.8651;2.32217;48.8711;2.30501;48.8591;2.33931;15
11:46:38.936;48.865;2.32222;48.871;2.30505;48.859;2.33936;15
11:47:01.593;48.8613;2.32208;48.8672;2.30492;48.8553;2.33923;15
11:47:01.594;48.8582;2.32251;48.8642;2.30534;48.8522;2.33966;15
11:47:03.171;48.8532;2.32367;48.8592;2.3065;48.8473;2.34082;15
11:47:05.110;48.8514;2.32719;48.8574;2.31003;48.8455;2.34433;15
11:47:05.110;48.8483;2.3208;48.8543;2.30363;48.8423;2.33794;15
11:47:07.184;48.8483;2.3208;48.8602;2.28647;48.8363;2.3551;14
11:47:08.475;48.8481;2.32208;48.8601;2.28775;48.8362;2.3564;14
11:47:08.475;48.8483;2.32724;48.8602;2.29291;48.8363;2.36154;14
11:47:08.504;48.8498;2.33591;48.8617;2.30157;48.8378;2.37021;14
11:47:09.287;48.8498;2.33659;48.8617;2.30226;48.8378;2.3709;14
11:47:09.288;48.8495;2.33771;48.8614;2.30338;48.8375;2.37201;14
11:47:09.512;48.8484;2.34088;48.8604;2.30655;48.8365;2.3752;14
11:47:09.513;48.8472;2.34346;48.8591;2.30913;48.8353;2.37776;14
11:47:11.143;48.847;2.34389;48.8589;2.30956;48.835;2.3782;14
11:47:14.657;48.85;2.33565;48.8619;2.30132;48.838;2.36996;14
11:47:15.786;48.8497;2.33804;48.8616;2.30371;48.8377;2.37236;14
11:47:15.786;48.8498;2.33849;48.8617;2.30415;48.8378;2.37279;14
11:47:15.981;48.8487;2.33865;48.8606;2.30432;48.8367;2.37296;14
11:47:17.677;48.8487;2.33865;48.8606;2.30432;48.8367;2.37296;14
11:47:17.677;48.8487;2.33891;48.8607;2.30458;48.8368;2.37321;14
11:47:18.640;48.8487;2.33891;48.8547;2.32175;48.8428;2.35605;15
11:47:19.256;48.8487;2.33891;48.8517;2.33032;48.8457;2.34747;16
11:47:19.644;48.8487;2.3391;48.8517;2.33052;48.8457;2.34769;16
11:47:19.644;48.848;2.34148;48.851;2.3329;48.845;2.35004;16
11:47:20.449;48.8478;2.34227;48.8507;2.33369;48.8448;2.35086;16
11:47:20.450;48.8472;2.34436;48.8502;2.33577;48.8442;2.35292;16
11:47:21.246;48.8472;2.34457;48.8502;2.33598;48.8442;2.35313;16
11:47:21.247;48.8471;2.34673;48.8501;2.33813;48.8442;2.35529;16
11:47:23.402;48.8472;2.34763;48.8502;2.33904;48.8442;2.35619;16
11:47:24.701;48.8472;2.34764;48.8502;2.33905;48.8442;2.35623;16
11:47:24.702;48.8473;2.34538;48.8503;2.33681;48.8443;2.35394;16
11:47:24.817;48.8471;2.34369;48.8501;2.33511;48.8441;2.35228;16
11:47:26.497;48.8471;2.34375;48.8501;2.33517;48.8441;2.35233;16
11:47:26.497;48.8473;2.34425;48.8502;2.33566;48.8443;2.35283;16
11:47:27.238;48.8456;2.34618;48.8485;2.3376;48.8426;2.35477;16
11:47:27.840;48.8442;2.349;48.8471;2.34041;48.8412;2.35756;16
11:47:28.095;48.8416;2.34961;48.8446;2.34103;48.8387;2.3582;16
11:47:29.573;48.8416;2.34961;48.8476;2.33244;48.8357;2.36678;15
11:47:30.557;48.8416;2.34961;48.8536;2.31528;48.8297;2.38394;14
11:47:33.497;48.8424;2.34944;48.8543;2.31511;48.8304;2.38377;14
11:47:34.353;48.8423;2.34979;48.8542;2.31546;48.8303;2.38412;14
11:47:35.385;48.8423;2.35004;48.8542;2.3157;48.8303;2.38437;14
11:47:35.385;48.8438;2.34747;48.8558;2.31314;48.8319;2.38181;14
11:47:35.431;48.8474;2.3443;48.8593;2.30997;48.8354;2.37863;14
11:47:37.907;48.8474;2.3443;48.8593;2.30997;48.8354;2.37863;14
11:47:37.907;48.849;2.34317;48.8609;2.30884;48.837;2.3775;14
11:47:37.947;48.8498;2.34267;48.8617;2.30833;48.8378;2.377;14
11:47:39.524;48.8497;2.34232;48.8616;2.30798;48.8377;2.37665;14
11:47:39.992;48.8497;2.34232;48.8556;2.32515;48.8437;2.35948;15
11:47:40.694;48.8495;2.3425;48.8555;2.32532;48.8436;2.35965;15
11:47:40.695;48.8492;2.34274;48.8552;2.32558;48.8432;2.35991;15
11:47:41.000;48.8477;2.34525;48.8537;2.32806;48.8417;2.3624;15
11:47:41.000;48.8474;2.34596;48.8534;2.3288;48.8415;2.36313;15
11:47:41.109;48.8471;2.34631;48.8531;2.32915;48.8411;2.36348;15
11:47:44.304;48.8471;2.34657;48.8531;2.32941;48.8411;2.36374;15
11:47:44.304;48.8463;2.34726;48.8523;2.33009;48.8403;2.36443;15
11:47:44.795;48.8453;2.34982;48.8513;2.33266;48.8394;2.36699;15
11:47:45.703;48.8457;2.35287;48.8517;2.33571;48.8397;2.37004;15
11:47:48.087;48.8456;2.35271;48.8516;2.33554;48.8396;2.36987;15
11:47:48.088;48.8481;2.35065;48.854;2.33348;48.8421;2.36781;15
11:47:48.310;48.8499;2.35069;48.8559;2.33353;48.8439;2.36786;15
11:47:48.310;48.8504;2.35098;48.8563;2.33382;48.8444;2.36815;15
11:47:49.823;48.8503;2.35117;48.8563;2.334;48.8444;2.36833;15
11:47:49.824;48.8499;2.35181;48.8559;2.33464;48.8439;2.36897;15
11:47:50.288;48.848;2.35439;48.854;2.33722;48.842;2.37155;15
11:47:52.512;48.8492;2.35463;48.8552;2.33746;48.8432;2.3718;15
11:47:52.512;48.8503;2.35472;48.8563;2.33755;48.8444;2.37189;15
11:47:52.795;48.8507;2.35532;48.8567;2.33815;48.8447;2.37248;15
11:47:52.795;48.8508;2.35545;48.8567;2.33829;48.8448;2.37262;15
11:47:52.895;48.851;2.35579;48.857;2.33862;48.845;2.37296;15
11:47:55.989;48.8556;2.35352;48.8615;2.33635;48.8496;2.37068;15
11:47:56.365;48.8578;2.35022;48.8638;2.33305;48.8518;2.36739;15
11:47:56.365;48.8596;2.34807;48.8656;2.3309;48.8536;2.36523;15
11:47:56.873;48.8607;2.34712;48.8667;2.32996;48.8547;2.36429;15
11:47:56.873;48.8608;2.34729;48.8667;2.33014;48.8548;2.36447;15
11:47:56.873;48.8608;2.34729;48.8667;2.33014;48.8548;2.36447;15
11:47:56.874;48.8608;2.34729;48.8667;2.33014;48.8548;2.36447;15
11:47:57.810;48.8608;2.34738;48.8668;2.33022;48.8548;2.36455;15
11:47:57.810;48.8609;2.34747;48.8668;2.33031;48.8549;2.36464;15
11:47:57.810;48.8609;2.34729;48.8669;2.33014;48.8549;2.36447;15
11:47:57.810;48.8609;2.34705;48.8669;2.32988;48.8549;2.36421;15
11:47:58.528;48.8605;2.34525;48.8665;2.32806;48.8545;2.3624;15
11:47:58.528;48.8605;2.34525;48.8665;2.32806;48.8545;2.3624;15
11:47:58.645;48.8605;2.34506;48.8665;2.3279;48.8545;2.36223;15
11:47:58.988;48.8609;2.34335;48.8669;2.32619;48.8549;2.36052;15
11:47:58.989;48.8621;2.33751;48.8681;2.32034;48.8562;2.35468;15
11:47:59.317;48.8624;2.33528;48.8684;2.31812;48.8565;2.35245;15
11:47:59.317;48.8625;2.33528;48.8684;2.31812;48.8565;2.35245;15
11:47:59.870;48.8625;2.33528;48.8685;2.31812;48.8565;2.35245;15
11:47:59.871;48.8625;2.33528;48.8685;2.31812;48.8565;2.35245;15
11:48:00.066;48.8627;2.33528;48.8686;2.31812;48.8567;2.35245;15
11:48:10.544;48.8579;2.33949;48.8639;2.32233;48.8519;2.35666;15
11:48:10.544;48.8554;2.34065;48.8614;2.32349;48.8494;2.35782;15
11:48:10.544;48.8529;2.34077;48.8589;2.32361;48.8469;2.35794;15
11:48:11.550;48.8529;2.34099;48.8589;2.32382;48.8469;2.35815;15
11:48:11.550;48.852;2.34357;48.8579;2.3264;48.846;2.36073;15
11:48:12.151;48.8518;2.34399;48.8578;2.32683;48.8458;2.36116;15
11:48:12.151;48.8503;2.34631;48.8563;2.32915;48.8443;2.36348;15
11:48:13.135;48.8495;2.34918;48.8555;2.33202;48.8435;2.36635;15
11:48:13.135;48.849;2.34975;48.855;2.33258;48.843;2.36691;15
11:48:14.221;48.8489;2.35008;48.8549;2.33292;48.8429;2.36725;15
11:48:14.221;48.8473;2.35129;48.8533;2.33412;48.8413;2.36845;15
11:48:15.160;48.8471;2.35167;48.853;2.3345;48.8411;2.36884;15
11:48:15.161;48.846;2.35304;48.8519;2.33588;48.84;2.37021;15
11:48:17.274;48.8436;2.35463;48.8496;2.33746;48.8377;2.3718;15
11:48:32.501;48.8431;2.3546;48.849;2.33743;48.8371;2.37177;15
11:48:32.502;48.8441;2.35489;48.8501;2.33772;48.8382;2.37206;15
11:48:33.740;48.8441;2.35503;48.8501;2.33786;48.8382;2.37219;15
11:48:33.741;48.8445;2.356;48.8505;2.33884;48.8386;2.37317;15
11:48:34.966;48.8446;2.35583;48.8506;2.33867;48.8386;2.373;15
11:48:34.967;48.8464;2.35429;48.8523;2.33713;48.8404;2.37146;15
11:48:41.880;48.8465;2.35416;48.8525;2.33701;48.8405;2.37134;15
11:48:47.094;48.8466;2.35425;48.8526;2.33708;48.8406;2.37141;15
11:48:47.095;48.8474;2.35439;48.8534;2.33722;48.8415;2.37155;15
11:48:50.229;48.8475;2.35416;48.8534;2.33701;48.8415;2.37134;15
11:48:50.229;48.8489;2.35339;48.8549;2.33623;48.8429;2.37056;15
11:48:50.320;48.849;2.3533;48.855;2.33614;48.843;2.37047;15
11:48:52.041;48.849;2.3533;48.855;2.33614;48.843;2.37047;15
11:48:52.042;48.8494;2.35275;48.8554;2.33559;48.8434;2.36992;15
11:48:52.260;48.8501;2.35236;48.8561;2.33519;48.8441;2.36952;15
11:48:52.260;48.8503;2.35254;48.8563;2.33537;48.8444;2.36971;15
11:48:53.400;48.8503;2.35262;48.8563;2.33545;48.8443;2.36978;15
11:48:53.400;48.85;2.35257;48.8559;2.3354;48.844;2.36974;15
11:48:53.628;48.8496;2.3533;48.8555;2.33614;48.8436;2.37047;15
11:48:53.628;48.8496;2.35344;48.8555;2.33627;48.8436;2.37061;15
11:49:01.531;48.8493;2.35352;48.8553;2.33635;48.8433;2.37068;15
11:49:01.531;48.8495;2.35323;48.8555;2.33606;48.8435;2.37039;15
11:49:01.759;48.8516;2.34979;48.8576;2.33263;48.8457;2.36696;15
11:49:01.759;48.8521;2.34889;48.858;2.33173;48.8461;2.36606;15
11:49:02.502;48.8522;2.34901;48.8582;2.33185;48.8462;2.36618;15
11:49:02.503;48.854;2.34807;48.86;2.3309;48.848;2.36523;15
11:49:02.689;48.8556;2.34589;48.8615;2.32872;48.8496;2.36305;15
11:49:03.812;48.8556;2.3461;48.8615;2.32893;48.8496;2.36327;15
11:49:03.812;48.8548;2.34712;48.8607;2.32996;48.8488;2.36429;15
11:49:04.032;48.8516;2.34961;48.8576;2.33244;48.8456;2.36678;15
11:49:04.032;48.8494;2.35091;48.8554;2.33374;48.8435;2.36807;15
11:49:05.116;48.8496;2.35048;48.8555;2.33331;48.8436;2.36765;15
11:49:05.117;48.8527;2.34541;48.8587;2.32825;48.8467;2.36258;15
11:49:05.561;48.8529;2.3452;48.8588;2.32803;48.8469;2.36237;15
11:49:05.562;48.8548;2.34296;48.8607;2.32579;48.8488;2.36012;15
11:49:05.662;48.8559;2.34125;48.8618;2.32408;48.8499;2.35841;15
11:49:06.071;48.8559;2.34134;48.8618;2.32417;48.8499;2.35851;15
11:49:06.071;48.8581;2.33884;48.8641;2.32167;48.8522;2.356;15
11:49:06.304;48.8593;2.33781;48.8653;2.32065;48.8534;2.35498;15
11:49:07.014;48.8593;2.33755;48.8653;2.32039;48.8534;2.35472;15
11:49:07.015;48.8607;2.33223;48.8667;2.31506;48.8548;2.3494;15
11:49:07.945;48.8616;2.32872;48.8675;2.31155;48.8556;2.34589;15
11:49:07.945;48.8615;2.32936;48.8674;2.31219;48.8555;2.34653;15
11:49:07.945;48.8625;2.3291;48.8685;2.31194;48.8565;2.34627;15
11:49:07.945;48.864;2.32893;48.87;2.31177;48.858;2.3461;15
11:49:10.709;48.8638;2.32983;48.8698;2.31267;48.8579;2.347;15
11:49:10.709;48.8608;2.3358;48.8668;2.31863;48.8549;2.35297;15
11:49:10.794;48.8601;2.33653;48.8661;2.31937;48.8541;2.3537;15
11:49:11.263;48.86;2.33678;48.866;2.31961;48.8541;2.35394;15
11:49:11.264;48.8568;2.34177;48.8628;2.3246;48.8508;2.35893;15
11:49:11.513;48.8559;2.34293;48.8619;2.32576;48.8499;2.36009;15
11:49:12.486;48.8558;2.34305;48.8618;2.32588;48.8498;2.36021;15
11:49:12.486;48.8539;2.34605;48.8599;2.32889;48.8479;2.36322;15
11:49:13.023;48.851;2.34982;48.8569;2.33266;48.845;2.36699;15
11:49:13.616;48.8491;2.35211;48.8551;2.33493;48.8432;2.36926;15
11:49:13.617;48.8487;2.35257;48.8546;2.3354;48.8427;2.36974;15
11:49:14.315;48.8487;2.35266;48.8546;2.33549;48.8427;2.36983;15
11:49:14.315;48.8493;2.35103;48.8553;2.33386;48.8434;2.36819;15
11:49:15.030;48.8512;2.3476;48.8572;2.33043;48.8453;2.36476;15
11:49:15.031;48.8521;2.34596;48.858;2.3288;48.8461;2.36313;15
11:49:15.984;48.8531;2.34464;48.8591;2.32747;48.8471;2.3618;15
11:49:15.984;48.8538;2.34267;48.8597;2.3255;48.8478;2.35983;15
11:49:15.985;48.8557;2.34198;48.8616;2.32481;48.8497;2.35915;15
11:49:16.981;48.8557;2.34198;48.8616;2.32481;48.8497;2.35915;15
11:49:16.981;48.8557;2.34189;48.8616;2.32472;48.8497;2.35905;15
11:49:17.316;48.8562;2.34219;48.8622;2.32503;48.8503;2.35936;15
11:49:18.099;48.8562;2.34203;48.8621;2.32486;48.8502;2.35919;15
11:49:18.100;48.8561;2.34203;48.8621;2.32486;48.8502;2.35919;15
11:49:18.794;48.8561;2.34203;48.8621;2.32486;48.8502;2.35919;15
11:49:18.794;48.8562;2.34203;48.8622;2.32486;48.8502;2.35919;15
11:49:19.021;48.8562;2.34203;48.8622;2.32486;48.8503;2.35919;15
11:49:19.021;48.8562;2.34203;48.8622;2.32486;48.8503;2.35919;15
11:49:19.350;48.8562;2.34203;48.8622;2.32486;48.8503;2.35919;15
11:49:22.058;48.8565;2.34203;48.8625;2.32486;48.8506;2.35919;15
11:49:22.058;48.8576;2.34203;48.8635;2.32486;48.8516;2.35919;15
11:49:22.167;48.8581;2.34241;48.8641;2.32524;48.8521;2.35957;15
11:49:24.527;48.859;2.34039;48.865;2.32323;48.8531;2.35756;15
11:49:24.730;48.859;2.34042;48.865;2.32327;48.853;2.3576;15
11:49:24.730;48.8589;2.34047;48.8649;2.3233;48.853;2.35764;15
11:49:25.243;48.8589;2.34052;48.8649;2.32335;48.853;2.35768;15
11:49:25.243;48.8589;2.34052;48.8649;2.32335;48.8529;2.35768;15
11:49:25.243;48.8589;2.34056;48.8649;2.32339;48.8529;2.35773;15
11:49:25.243;48.8589;2.34056;48.8649;2.32339;48.8529;2.35773;15
11:49:25.542;48.8589;2.34056;48.8649;2.32339;48.8529;2.35773;15
11:49:25.542;48.8589;2.34056;48.8648;2.32339;48.8529;2.35773;15
11:49:25.760;48.8588;2.34061;48.8648;2.32344;48.8528;2.35777;15
11:49:25.761;48.8588;2.34061;48.8648;2.32344;48.8528;2.35777;15
11:49:26.017;48.8588;2.34061;48.8647;2.32344;48.8528;2.35777;15
11:49:26.018;48.8587;2.34061;48.8647;2.32344;48.8527;2.35777;15
11:49:26.229;48.8586;2.34068;48.8646;2.32352;48.8526;2.35785;15
11:49:26.229;48.8584;2.34068;48.8644;2.32352;48.8525;2.35785;15
11:49:32.181;48.8584;2.34068;48.8644;2.32352;48.8524;2.35785;15
11:49:32.181;48.8573;2.34061;48.8632;2.32344;48.8513;2.35777;15
11:49:32.417;48.8534;2.34253;48.8594;2.32536;48.8474;2.3597;15
11:49:32.417;48.8516;2.34262;48.8576;2.32545;48.8456;2.35979;15
11:49:34.106;48.8558;2.34322;48.8618;2.32605;48.8498;2.36038;15
11:49:36.571;48.8604;2.33511;48.8664;2.31795;48.8544;2.35228;15
11:49:39.828;48.8569;2.34035;48.8629;2.32318;48.851;2.35751;15
11:49:39.828;48.8525;2.34305;48.8585;2.32588;48.8465;2.36021;15
11:49:40.457;48.8516;2.34357;48.8576;2.3264;48.8457;2.36073;15
11:49:40.457;48.8512;2.3443;48.8572;2.32713;48.8453;2.36147;15
11:49:41.280;48.8511;2.34454;48.8571;2.32739;48.8452;2.36172;15
11:49:41.281;48.85;2.3452;48.856;2.32803;48.844;2.36237;15
11:49:41.532;48.8477;2.34747;48.8537;2.33031;48.8418;2.36464;15
11:49:42.470;48.8478;2.34764;48.8538;2.33047;48.8418;2.36481;15
11:49:42.471;48.8496;2.34657;48.8556;2.32941;48.8436;2.36374;15
11:49:43.523;48.8533;2.34489;48.8592;2.32773;48.8473;2.36206;15
11:49:45.167;48.8537;2.34485;48.8596;2.32768;48.8477;2.36201;15
11:49:46.281;48.8539;2.34468;48.8599;2.32751;48.848;2.36185;15
11:49:46.281;48.8547;2.3439;48.8607;2.32674;48.8488;2.36107;15
11:49:46.936;48.8551;2.34348;48.861;2.32631;48.8491;2.36064;15
11:49:46.936;48.8565;2.34189;48.8625;2.32472;48.8505;2.35905;15
11:49:47.968;48.8565;2.34189;48.8625;2.32472;48.8505;2.35905;15
11:49:47.968;48.8589;2.33876;48.8649;2.32159;48.853;2.35593;15
11:49:50.160;48.8603;2.33549;48.8662;2.31833;48.8543;2.35266;15
11:49:51.318;48.8566;2.34113;48.8626;2.32394;48.8506;2.35828;15
11:49:51.615;48.8565;2.34134;48.8625;2.32417;48.8506;2.35851;15
11:49:51.616;48.8562;2.34335;48.8621;2.32619;48.8502;2.36052;15
11:49:51.858;48.8558;2.34387;48.8617;2.32669;48.8498;2.36102;15
11:49:51.859;48.8557;2.34369;48.8616;2.32652;48.8497;2.36086;15
11:49:52.388;48.8557;2.34383;48.8616;2.32666;48.8497;2.36099;15
11:49:52.389;48.8548;2.34506;48.8608;2.3279;48.8489;2.36223;15
11:49:52.473;48.8539;2.34799;48.8598;2.33081;48.8479;2.36514;15
11:49:57.130;48.8539;2.34799;48.8568;2.3394;48.8509;2.35657;16
11:49:57.934;48.8539;2.34799;48.8554;2.34369;48.8524;2.35228;17
11:50:00.793;48.8539;2.34799;48.8568;2.3394;48.8509;2.35657;16
11:50:01.472;48.8539;2.34799;48.8598;2.33081;48.8479;2.36514;15
11:50:02.222;48.8539;2.34802;48.8598;2.33086;48.8479;2.36519;15
11:50:02.222;48.854;2.34639;48.86;2.32922;48.848;2.36356;15
11:50:02.464;48.8544;2.34279;48.8604;2.32562;48.8485;2.35995;15
11:50:02.464;48.8545;2.3421;48.8604;2.32494;48.8485;2.35927;15
11:50:02.575;48.8545;2.3421;48.8604;2.32494;48.8485;2.35927;15
11:50:04.526;48.8545;2.3421;48.8574;2.33353;48.8515;2.35069;16
11:50:05.245;48.8545;2.3421;48.856;2.33781;48.853;2.34639;17
11:50:06.754;48.8545;2.34215;48.856;2.33786;48.853;2.34644;17
11:50:06.754;48.8545;2.34256;48.856;2.33826;48.853;2.34683;17
11:50:06.860;48.8544;2.3429;48.8559;2.33861;48.8529;2.34718;17
11:50:08.151;48.8544;2.34293;48.8559;2.33862;48.8529;2.34721;17
11:50:08.151;48.8544;2.34294;48.8559;2.33865;48.8529;2.34721;17
11:50:08.852;48.8544;2.34294;48.8574;2.33437;48.8514;2.3515;16
11:50:10.109;48.8544;2.34294;48.8603;2.32578;48.8484;2.36009;15
11:50:12.790;48.8544;2.3432;48.8604;2.32603;48.8484;2.36035;15
11:50:12.790;48.8544;2.345;48.8604;2.32784;48.8484;2.36215;15
11:50:12.874;48.8543;2.34628;48.8603;2.32912;48.8484;2.36343;15
11:50:13.587;48.8543;2.34628;48.8603;2.32912;48.8484;2.36343;15
11:50:13.587;48.854;2.34737;48.86;2.3302;48.8481;2.3645;15
11:50:13.994;48.8528;2.34972;48.8588;2.33255;48.8469;2.36687;15
11:50:13.994;48.8526;2.34972;48.8585;2.33255;48.8466;2.36687;15
11:50:14.486;48.8525;2.34972;48.8585;2.33255;48.8466;2.36687;15
11:50:14.486;48.8518;2.34993;48.8578;2.33276;48.8458;2.36708;15
11:50:14.584;48.8502;2.3504;48.8562;2.33324;48.8443;2.36755;15
11:50:15.939;48.8507;2.35033;48.8567;2.33316;48.8448;2.36746;15
11:50:22.366;48.8506;2.35037;48.8565;2.33321;48.8446;2.36751;15
11:50:22.366;48.8505;2.34882;48.8565;2.33165;48.8446;2.36597;15
11:50:22.435;48.8517;2.3477;48.8576;2.33054;48.8457;2.36485;15
11:50:23.335;48.8518;2.3477;48.8578;2.33054;48.8458;2.36485;15
11:50:23.336;48.8541;2.34535;48.8601;2.32819;48.8482;2.36249;15
11:50:24.852;48.8541;2.34535;48.86;2.32819;48.8481;2.36249;15
11:50:24.853;48.8557;2.34079;48.8617;2.32362;48.8498;2.35794;15
11:50:24.933;48.856;2.33904;48.8619;2.32187;48.85;2.35619;15
11:50:25.868;48.856;2.33904;48.862;2.32187;48.85;2.35619;15
11:50:25.868;48.8582;2.33432;48.8641;2.31715;48.8522;2.35146;15
11:50:27.157;48.8579;2.33444;48.8639;2.31728;48.852;2.35159;15
11:50:27.157;48.8565;2.33551;48.8625;2.31834;48.8505;2.35266;15
11:50:27.421;48.8546;2.3392;48.8605;2.32204;48.8486;2.35635;15
11:50:27.421;48.8542;2.33994;48.8602;2.32277;48.8482;2.35709;15
11:50:54.479;48.8542;2.34019;48.8602;2.32303;48.8482;2.35735;15
11:50:54.480;48.8552;2.33745;48.8611;2.32028;48.8492;2.3546;15
11:50:54.656;48.8588;2.33479;48.8648;2.31763;48.8528;2.35193;15
11:50:55.527;48.8625;2.33217;48.8684;2.315;48.8565;2.34932;15
11:50:57.021;48.8627;2.33191;48.8687;2.31474;48.8568;2.34906;15
11:50:57.021;48.8637;2.33067;48.8697;2.31351;48.8578;2.34781;15
11:51:54.942;48.8597;2.3383;48.8657;2.32114;48.8537;2.35545;15
11:51:54.942;48.8542;2.34303;48.8602;2.32587;48.8482;2.36017;15
11:51:54.943;48.8537;2.34337;48.8597;2.3262;48.8478;2.36052;15
11:51:55.243;48.8536;2.34303;48.8596;2.32587;48.8476;2.36017;15
11:51:55.244;48.851;2.34213;48.8569;2.32497;48.845;2.35927;15
11:51:56.293;48.851;2.34213;48.8569;2.32497;48.845;2.35927;15
11:51:56.293;48.8504;2.34238;48.8564;2.32521;48.8445;2.35953;15
11:51:56.496;48.8489;2.34235;48.8548;2.32518;48.8429;2.35948;15
11:51:57.326;48.8484;2.34235;48.8544;2.32518;48.8425;2.35948;15
11:51:57.327;48.8465;2.34251;48.8524;2.32535;48.8405;2.35965;15
11:51:57.879;48.8459;2.34238;48.8518;2.32521;48.8399;2.35953;15
11:51:57.879;48.845;2.34209;48.851;2.32492;48.8391;2.35922;15
11:51:58.583;48.8435;2.34161;48.8494;2.32445;48.8375;2.35875;15
11:51:59.590;48.8441;2.34557;48.8501;2.3284;48.8381;2.3627;15
11:51:59.590;48.8446;2.34694;48.8506;2.32977;48.8387;2.36407;15
11:52:03.744;48.8458;2.34792;48.8518;2.33075;48.8398;2.36507;15
11:52:04.604;48.8458;2.34792;48.8518;2.33075;48.8398;2.36507;15
11:52:04.604;48.846;2.34792;48.852;2.33075;48.84;2.36507;15
11:52:04.730;48.8459;2.34787;48.8519;2.3307;48.8399;2.36502;15
11:52:05.588;48.846;2.34784;48.852;2.33067;48.84;2.36497;15
11:52:05.668;48.8461;2.34779;48.8521;2.33063;48.8401;2.36493;15
11:52:07.667;48.8469;2.34753;48.8529;2.33037;48.8409;2.36469;15
11:52:07.892;48.847;2.34741;48.853;2.33025;48.8411;2.36455;15
11:52:07.892;48.8471;2.34723;48.8531;2.33006;48.8412;2.36438;15
11:52:08.823;48.8471;2.34723;48.8501;2.33865;48.8442;2.35579;16
11:52:10.626;48.8471;2.34723;48.8486;2.34294;48.8456;2.3515;17
11:52:10.746;48.8473;2.34874;48.8488;2.34444;48.8458;2.35301;17
11:52:11.490;48.8473;2.34882;48.8488;2.34453;48.8459;2.35312;17
11:52:11.490;48.8475;2.34944;48.8489;2.34515;48.846;2.35373;17
11:52:11.899;48.8475;2.35008;48.8489;2.34579;48.846;2.35439;17
11:52:13.322;48.8476;2.3513;48.8491;2.34702;48.8461;2.35558;17
11:52:14.767;48.8476;2.3513;48.8483;2.34917;48.8468;2.35344;18
11:52:15.477;48.8476;2.35133;48.8484;2.34918;48.8469;2.35349;18
11:52:15.477;48.8475;2.35133;48.8482;2.34918;48.8467;2.35349;18
11:52:16.100;48.8472;2.35129;48.848;2.34914;48.8465;2.35341;18
11:52:16.100;48.8471;2.35129;48.8478;2.34914;48.8463;2.35344;18
11:52:16.577;48.847;2.35129;48.8477;2.34914;48.8463;2.35344;18
11:52:16.577;48.8469;2.35129;48.8477;2.34914;48.8462;2.35344;18
11:52:16.884;48.8469;2.35129;48.8477;2.34914;48.8462;2.35344;18
11:52:19.702;48.8469;2.35129;48.8477;2.34914;48.8462;2.35344;18
11:52:20.632;48.8469;2.35129;48.8477;2.34914;48.8462;2.35344;18
11:52:21.585;48.8469;2.35129;48.8477;2.34914;48.8462;2.35344;18
11:52:22.461;48.8469;2.35129;48.8477;2.34914;48.8462;2.35344;18
11:52:27.303;48.8469;2.35129;48.8484;2.347;48.8454;2.35558;17
11:52:27.867;48.8469;2.35129;48.8499;2.34271;48.8439;2.35988;16
11:52:29.044;48.8469;2.35129;48.8529;2.33412;48.841;2.36845;15
11:52:38.894;48.8468;2.35155;48.8528;2.33438;48.8409;2.36871;15
11:52:38.894;48.8468;2.35146;48.8527;2.33429;48.8408;2.36862;15
