17:15:43.502;48.8547;2.34558;48.9025;2.20825;48.8069;2.48291;12
17:15:43.503;48.8556;2.34352;48.9034;2.20619;48.8078;2.48085;12
17:15:43.548;48.8574;2.3425;48.9052;2.20517;48.8096;2.47983;12
17:15:43.548;48.8577;2.3418;48.9054;2.20447;48.8099;2.47913;12
17:15:43.581;48.859;2.3363;48.9068;2.19897;48.8112;2.47363;12
17:15:43.674;48.861;2.32806;48.9088;2.19073;48.8133;2.46539;12
17:15:43.675;48.8613;2.32635;48.909;2.18903;48.8135;2.46368;12
17:15:43.752;48.8635;2.31433;48.9113;2.177;48.8157;2.45166;12
17:15:43.825;48.8635;2.30746;48.9113;2.17014;48.8157;2.44479;12
17:15:43.907;48.8629;2.3006;48.9106;2.16327;48.8151;2.43793;12
17:15:43.985;48.8608;2.29477;48.9086;2.15744;48.813;2.4321;12
17:15:43.985;48.8608;2.29408;48.9086;2.15675;48.813;2.43141;12
17:15:44.061;48.8606;2.29202;48.9083;2.15469;48.8128;2.42935;12
17:15:44.126;48.861;2.28859;48.9088;2.15126;48.8133;2.42592;12
17:15:44.190;48.8615;2.28687;48.9092;2.14954;48.8137;2.42419;12
17:15:44.253;48.8608;2.28653;48.9086;2.1492;48.813;2.42386;12
17:15:44.315;48.8604;2.28757;48.9081;2.15024;48.8126;2.4249;12
17:15:48.346;48.859;2.2879;48.9068;2.15057;48.8112;2.42523;12
17:15:48.386;48.859;2.2879;48.9068;2.15057;48.8112;2.42523;12
17:15:48.386;48.859;2.28757;48.9068;2.15024;48.8112;2.4249;12
17:15:48.418;48.8597;2.28687;48.9074;2.14954;48.8119;2.42419;12
17:15:49.733;48.8597;2.28687;48.8836;2.2182;48.8358;2.35553;13
17:16:17.910;48.8597;2.28687;48.8716;2.25253;48.8477;2.3212;14
17:16:18.449;48.8597;2.28687;48.8657;2.26971;48.8537;2.30405;15
17:16:19.309;48.8572;2.28683;48.8632;2.26967;48.8512;2.304;15
17:16:19.310;48.8557;2.28709;48.8616;2.26993;48.8497;2.30426;15
17:16:19.772;48.8546;2.28687;48.8606;2.26971;48.8487;2.30405;15
17:16:38.198;48.8533;2.29129;48.8593;2.27412;48.8474;2.30846;15
17:16:39.407;48.8535;2.2955;48.8594;2.27834;48.8475;2.31267;15
17:16:49.815;48.8548;2.28648;48.8608;2.26932;48.8488;2.30365;15
17:16:49.815;48.8568;2.27306;48.8627;2.25589;48.8508;2.29022;15
17:16:49.815;48.8572;2.25826;48.8632;2.24109;48.8513;2.27542;15
17:16:49.815;48.8576;2.2446;48.8635;2.22743;48.8516;2.26176;15
17:16:49.815;48.8579;2.23401;48.8638;2.21683;48.8519;2.25116;15
17:16:49.815;48.8596;2.21962;48.8656;2.20245;48.8536;2.23679;15
17:16:50.109;48.86;2.20155;48.866;2.18439;48.8541;2.21872;15
17:16:50.109;48.8618;2.2213;48.8678;2.20413;48.8558;2.23846;15
17:16:51.477;48.8632;2.23039;48.8692;2.21323;48.8573;2.24756;15
17:16:51.478;48.864;2.23769;48.87;2.22052;48.858;2.25485;15
17:16:53.354;48.8639;2.2379;48.8699;2.22073;48.8579;2.25507;15
17:16:53.354;48.8659;2.25546;48.8719;2.2383;48.86;2.27263;15
17:16:55.939;48.866;2.25584;48.8719;2.23868;48.86;2.27301;15
17:16:55.939;48.8685;2.26877;48.8745;2.2516;48.8626;2.28593;15
17:16:56.012;48.8684;2.26898;48.8744;2.25182;48.8625;2.28615;15
17:16:59.840;48.8684;2.26898;48.8714;2.26039;48.8655;2.27756;16
17:17:01.408;48.8684;2.26898;48.8744;2.25182;48.8625;2.28615;15
17:17:03.100;48.8684;2.26898;48.8804;2.23465;48.8565;2.30331;14
17:17:05.143;48.8679;2.2682;48.8798;2.23387;48.8559;2.30254;14
17:17:05.143;48.8647;2.26425;48.8767;2.22992;48.8528;2.29858;14
17:17:05.392;48.861;2.2597;48.8729;2.22537;48.849;2.29404;14
17:17:05.392;48.8608;2.25937;48.8727;2.22504;48.8488;2.2937;14
17:17:05.495;48.8607;2.25928;48.8727;2.22495;48.8488;2.29361;14
17:17:05.495;48.8607;2.25919;48.8727;2.22485;48.8488;2.29352;14
17:17:05.608;48.8606;2.25919;48.8726;2.22485;48.8487;2.29352;14
17:17:05.844;48.8606;2.25919;48.8725;2.22485;48.8487;2.29352;14
17:17:06.086;48.8606;2.25919;48.8725;2.22485;48.8487;2.29352;14
17:17:06.408;48.8606;2.25919;48.8725;2.22485;48.8487;2.29352;14
17:17:06.939;48.8606;2.25919;48.8726;2.22485;48.8487;2.29352;14
17:17:06.939;48.8608;2.25937;48.8728;2.22504;48.8489;2.2937;14
17:17:12.979;48.8608;2.25937;48.8847;2.1907;48.8369;2.32803;13
17:17:18.783;48.8608;2.25937;48.8728;2.22504;48.8489;2.2937;14
17:17:26.166;48.8584;2.2562;48.8703;2.22186;48.8465;2.29053;14
17:17:26.166;48.8565;2.25267;48.8684;2.21834;48.8445;2.287;14
17:17:27.598;48.8538;2.24623;48.8658;2.2119;48.8419;2.28056;14
17:17:27.598;48.8538;2.24564;48.8658;2.2113;48.8419;2.27997;14
17:17:28.866;48.8535;2.24855;48.8654;2.21422;48.8415;2.28288;14
17:17:28.867;48.8549;2.2567;48.8669;2.22237;48.843;2.29103;14
17:17:29.470;48.8549;2.25713;48.8668;2.22279;48.8429;2.29146;14
17:17:30.095;48.8545;2.2683;48.8664;2.23396;48.8425;2.30263;14
17:17:30.096;48.8549;2.27173;48.8669;2.2374;48.843;2.30606;14
17:17:30.215;48.8545;2.27216;48.8664;2.23782;48.8425;2.30649;14
17:17:31.397;48.8544;2.27301;48.8664;2.23868;48.8425;2.30734;14
17:17:31.397;48.8558;2.29198;48.8677;2.25764;48.8438;2.32631;14
17:17:31.888;48.8558;2.29181;48.8677;2.25748;48.8438;2.32614;14
17:17:36.341;48.8558;2.29181;48.8618;2.27464;48.8498;2.30898;15
17:17:51.770;48.8556;2.29198;48.8616;2.27481;48.8497;2.30914;15
17:17:51.770;48.8551;2.29482;48.861;2.27765;48.8491;2.31198;15
17:17:52.025;48.8551;2.29756;48.8611;2.2804;48.8492;2.31473;15
17:17:52.025;48.8552;2.29893;48.8612;2.28177;48.8493;2.3161;15
17:17:52.283;48.8555;2.29936;48.8615;2.2822;48.8495;2.31653;15
17:17:52.283;48.8555;2.29962;48.8615;2.28246;48.8495;2.31679;15
17:17:52.595;48.855;2.30083;48.861;2.28366;48.849;2.31799;15
17:17:52.595;48.8552;2.30078;48.8611;2.28362;48.8492;2.31795;15
17:17:53.400;48.8551;2.30078;48.8611;2.28362;48.8491;2.31795;15
17:17:53.400;48.854;2.30121;48.8599;2.28404;48.848;2.31837;15
17:17:54.121;48.8523;2.30267;48.8583;2.28549;48.8464;2.31982;15
17:17:54.122;48.8518;2.3031;48.8577;2.28593;48.8458;2.32027;15
17:17:54.122;48.8515;2.30322;48.8575;2.28606;48.8455;2.32039;15
17:17:54.122;48.8509;2.30365;48.8569;2.28648;48.8449;2.32082;15
17:17:54.122;48.8508;2.30365;48.8568;2.28648;48.8449;2.32082;15
17:17:54.932;48.8508;2.30365;48.8568;2.28648;48.8449;2.32082;15
17:17:54.932;48.8503;2.30524;48.8562;2.28807;48.8443;2.3224;15
17:17:55.275;48.8497;2.30841;48.8556;2.29124;48.8437;2.32558;15
17:17:55.276;48.8498;2.30949;48.8558;2.29233;48.8439;2.32666;15
17:17:55.642;48.8502;2.31206;48.8562;2.29489;48.8442;2.32922;15
17:17:55.642;48.8507;2.31279;48.8567;2.29562;48.8447;2.32996;15
17:17:56.057;48.851;2.3134;48.857;2.29623;48.845;2.33057;15
17:17:56.057;48.8511;2.31421;48.8571;2.29704;48.8451;2.33138;15
17:17:56.213;48.8512;2.3143;48.8572;2.29713;48.8452;2.33147;15
17:17:57.377;48.8512;2.3143;48.8632;2.27997;48.8393;2.34863;14
17:18:03.582;48.8508;2.31575;48.8627;2.28142;48.8388;2.35008;14
17:18:03.582;48.8487;2.32013;48.8607;2.2858;48.8368;2.35446;14
17:18:03.831;48.8464;2.32254;48.8583;2.28821;48.8344;2.35687;14
17:18:04.329;48.8449;2.32193;48.8568;2.2876;48.8329;2.35626;14
17:18:04.329;48.8402;2.32013;48.8521;2.2858;48.8283;2.35446;14
17:18:04.647;48.8399;2.32074;48.8518;2.28641;48.8279;2.35507;14
17:18:04.647;48.8399;2.32108;48.8519;2.28674;48.828;2.35541;14
17:18:04.811;48.84;2.32091;48.8519;2.28658;48.828;2.35524;14
17:18:05.580;48.84;2.32108;48.8519;2.28674;48.828;2.35541;14
17:18:05.580;48.8361;2.31892;48.8481;2.28459;48.8242;2.35326;14
17:18:06.163;48.8327;2.31705;48.8447;2.28271;48.8208;2.35138;14
17:18:06.163;48.8317;2.3167;48.8437;2.28236;48.8198;2.35103;14
17:18:06.163;48.8304;2.31532;48.8423;2.28099;48.8184;2.34966;14
17:18:06.163;48.8298;2.31456;48.8417;2.28023;48.8178;2.34889;14
17:18:06.360;48.8296;2.31447;48.8415;2.28014;48.8176;2.3488;14
17:18:07.408;48.8295;2.31506;48.8415;2.28073;48.8176;2.3494;14
17:18:07.409;48.8239;2.31284;48.8359;2.2785;48.812;2.34717;14
17:18:07.642;48.8213;2.31129;48.8333;2.27696;48.8094;2.34563;14
17:18:07.643;48.8216;2.31104;48.8335;2.2767;48.8096;2.34537;14
17:18:07.743;48.8217;2.31104;48.8337;2.2767;48.8098;2.34537;14
17:18:08.752;48.8218;2.31078;48.8337;2.27644;48.8098;2.34511;14
17:18:08.752;48.824;2.30339;48.836;2.26906;48.8121;2.33772;14
17:18:08.974;48.8261;2.29747;48.838;2.26314;48.8141;2.3318;14
17:18:08.975;48.8264;2.29688;48.8383;2.26254;48.8144;2.33121;14
17:18:09.431;48.827;2.29695;48.839;2.26262;48.8151;2.33128;14
17:18:09.431;48.8302;2.29482;48.8422;2.26048;48.8182;2.32915;14
17:18:09.585;48.833;2.29095;48.8449;2.25662;48.821;2.32529;14
17:18:10.134;48.8334;2.29129;48.8454;2.25696;48.8215;2.32562;14
17:18:10.135;48.8355;2.29198;48.8474;2.25764;48.8235;2.32631;14
17:18:10.353;48.8379;2.2906;48.8498;2.25627;48.8259;2.32494;14
17:18:10.354;48.8386;2.29027;48.8506;2.25594;48.8267;2.3246;14
17:18:11.197;48.8388;2.29044;48.8508;2.2561;48.8269;2.32477;14
17:18:11.198;48.8421;2.29001;48.8541;2.25568;48.8302;2.32434;14
17:18:11.302;48.8439;2.28949;48.8558;2.25516;48.8319;2.32382;14
17:18:11.302;48.8439;2.28949;48.8559;2.25516;48.832;2.32382;14
17:18:12.088;48.8439;2.28958;48.8559;2.25525;48.832;2.32391;14
17:18:12.088;48.8464;2.28992;48.8584;2.25558;48.8345;2.32425;14
17:18:12.185;48.8502;2.29001;48.8621;2.25568;48.8383;2.32434;14
17:18:12.185;48.8511;2.29001;48.863;2.25568;48.8391;2.32434;14
17:18:12.285;48.8521;2.28975;48.8641;2.25542;48.8402;2.32408;14
17:18:13.080;48.8522;2.29008;48.8641;2.25575;48.8402;2.32442;14
17:18:13.080;48.8536;2.29086;48.8656;2.25653;48.8417;2.3252;14
17:18:13.151;48.8569;2.29172;48.8688;2.25739;48.8449;2.32605;14
17:18:13.152;48.8569;2.29172;48.8689;2.25739;48.845;2.32605;14
17:18:13.266;48.857;2.29172;48.8689;2.25739;48.845;2.32605;14
17:18:13.971;48.857;2.29207;48.869;2.25774;48.8451;2.3264;14
17:18:13.971;48.8578;2.29396;48.8697;2.25963;48.8458;2.32829;14
17:18:14.236;48.8625;2.29945;48.8745;2.26512;48.8506;2.33379;14
17:18:14.237;48.8642;2.30064;48.8761;2.26631;48.8522;2.33498;14
17:18:14.301;48.8643;2.30057;48.8762;2.26624;48.8523;2.3349;14
17:18:14.955;48.8647;2.30099;48.8767;2.26666;48.8528;2.33533;14
17:18:14.955;48.8666;2.30237;48.8786;2.26804;48.8547;2.3367;14
17:18:15.206;48.8687;2.30331;48.8806;2.26898;48.8567;2.33765;14
17:18:15.206;48.8688;2.30331;48.8807;2.26898;48.8568;2.33765;14
17:18:15.278;48.8688;2.30305;48.8808;2.26872;48.8569;2.33739;14
17:18:15.711;48.8696;2.30348;48.8815;2.26915;48.8576;2.33781;14
17:18:15.711;48.8727;2.30426;48.8846;2.26993;48.8607;2.33859;14
17:18:16.018;48.8736;2.304;48.8855;2.26967;48.8616;2.33833;14
17:18:16.019;48.8736;2.30374;48.8856;2.26941;48.8617;2.33807;14
17:18:16.757;48.8737;2.30374;48.8856;2.26941;48.8618;2.33807;14
17:18:16.757;48.8751;2.304;48.887;2.26967;48.8632;2.33833;14
17:18:16.971;48.8763;2.30305;48.8882;2.26872;48.8643;2.33739;14
17:18:16.971;48.8764;2.30254;48.8883;2.2682;48.8645;2.33687;14
17:18:17.862;48.8765;2.30254;48.8884;2.2682;48.8645;2.33687;14
17:18:17.862;48.8766;2.30254;48.8885;2.2682;48.8646;2.33687;14
17:18:18.073;48.8774;2.30846;48.8894;2.27412;48.8655;2.34279;14
17:18:18.073;48.8776;2.31241;48.8896;2.27808;48.8657;2.34674;14
17:18:18.186;48.8777;2.31335;48.8896;2.27902;48.8658;2.34769;14
17:18:18.931;48.8774;2.31258;48.8894;2.27824;48.8655;2.34691;14
17:18:18.932;48.8774;2.30751;48.8894;2.27318;48.8655;2.34184;14
17:18:19.183;48.8783;2.30151;48.8902;2.26718;48.8663;2.33585;14
17:18:19.183;48.8785;2.29962;48.8904;2.26529;48.8666;2.33395;14
17:18:20.019;48.8784;2.29945;48.8903;2.26512;48.8664;2.33379;14
17:18:20.020;48.8782;2.29773;48.8901;2.2634;48.8662;2.33206;14
17:18:20.095;48.878;2.29747;48.8899;2.26314;48.866;2.3318;14
17:18:22.103;48.8779;2.29747;48.8898;2.26314;48.8659;2.3318;14
17:18:22.107;48.8759;2.29224;48.8879;2.2579;48.864;2.32657;14
17:18:22.443;48.8746;2.28769;48.8866;2.25336;48.8627;2.32202;14
17:18:22.443;48.8744;2.28622;48.8864;2.25189;48.8625;2.32056;14
17:18:22.443;48.8736;2.28459;48.8856;2.25026;48.8617;2.31892;14
17:18:22.443;48.8736;2.28459;48.8856;2.25026;48.8617;2.31892;14
17:18:22.754;48.8736;2.28459;48.8856;2.25026;48.8617;2.31892;14
17:18:22.978;48.8736;2.28459;48.8856;2.25026;48.8617;2.31892;14
17:18:23.331;48.8737;2.28459;48.8857;2.25026;48.8618;2.31892;14
17:18:23.331;48.8737;2.28459;48.8856;2.25026;48.8618;2.31892;14
17:18:23.331;48.8745;2.28322;48.8865;2.24889;48.8626;2.31755;14
17:18:23.331;48.8753;2.28262;48.8873;2.24829;48.8634;2.31696;14
17:18:23.362;48.8764;2.28168;48.8883;2.24734;48.8644;2.31601;14
17:18:23.362;48.8765;2.28142;48.8884;2.24709;48.8645;2.31575;14
17:18:23.444;48.8765;2.28125;48.8885;2.24692;48.8646;2.31558;14
17:18:24.440;48.8765;2.28125;48.8885;2.24692;48.8646;2.31558;14
17:18:24.440;48.8778;2.28116;48.8898;2.24683;48.8659;2.31549;14
17:18:24.569;48.8808;2.27954;48.8927;2.24521;48.8689;2.31387;14
17:18:24.569;48.8815;2.27859;48.8934;2.24426;48.8695;2.31293;14
17:18:24.763;48.8815;2.2785;48.8934;2.24417;48.8695;2.31284;14
17:18:24.763;48.8815;2.2785;48.8935;2.24417;48.8696;2.31284;14
17:18:25.056;48.8815;2.27798;48.8935;2.24365;48.8696;2.31232;14
17:18:25.057;48.8815;2.27834;48.8934;2.244;48.8695;2.31267;14
17:18:25.129;48.879;2.27798;48.8909;2.24365;48.8671;2.31232;14
17:18:25.130;48.8766;2.27798;48.8886;2.24365;48.8647;2.31232;14
17:18:25.932;48.8763;2.27791;48.8882;2.24358;48.8643;2.31224;14
17:18:25.932;48.8726;2.27748;48.8846;2.24315;48.8607;2.31181;14
17:18:26.001;48.8695;2.2773;48.8814;2.24297;48.8575;2.31163;14
17:18:26.002;48.8684;2.27713;48.8803;2.2428;48.8564;2.31146;14
17:18:26.716;48.868;2.27696;48.88;2.24263;48.8561;2.31129;14
17:18:26.717;48.8669;2.27654;48.8789;2.2422;48.855;2.31087;14
17:18:27.009;48.8634;2.27585;48.8754;2.24152;48.8515;2.31018;14
17:18:27.010;48.8624;2.27533;48.8743;2.241;48.8505;2.30966;14
17:18:27.153;48.8617;2.27507;48.8736;2.24074;48.8497;2.3094;14
17:18:28.369;48.8616;2.27507;48.8736;2.24074;48.8497;2.3094;14
17:18:28.369;48.8597;2.27473;48.8717;2.2404;48.8478;2.30907;14
17:18:28.465;48.8561;2.27396;48.8681;2.23962;48.8442;2.30829;14
17:18:28.465;48.8546;2.27405;48.8666;2.23972;48.8427;2.30838;14
17:18:28.629;48.8538;2.27412;48.8657;2.23979;48.8418;2.30846;14
17:18:28.630;48.8538;2.27412;48.8657;2.23979;48.8418;2.30846;14
17:18:28.792;48.8536;2.27412;48.8656;2.23979;48.8417;2.30846;14
17:18:28.792;48.8536;2.27422;48.8656;2.23988;48.8417;2.30855;14
17:18:28.902;48.8536;2.27448;48.8656;2.24014;48.8417;2.30881;14
17:18:34.611;48.8536;2.27448;48.8596;2.25731;48.8477;2.29164;15
17:18:36.431;48.8545;2.27859;48.8605;2.26143;48.8485;2.29576;15
17:18:36.432;48.8559;2.27936;48.8619;2.26219;48.8499;2.29652;15
17:18:37.862;48.8573;2.27769;48.8633;2.26053;48.8514;2.29486;15
17:18:37.862;48.8602;2.2758;48.8662;2.25864;48.8543;2.29297;15
17:18:37.862;48.8603;2.27576;48.8662;2.25859;48.8543;2.29292;15
17:18:37.863;48.8603;2.27576;48.8662;2.25859;48.8543;2.29292;15
17:18:37.863;48.8603;2.27571;48.8663;2.25854;48.8543;2.29288;15
17:18:42.603;48.861;2.27834;48.867;2.26117;48.855;2.2955;15
17:18:42.603;48.861;2.27834;48.867;2.26117;48.855;2.2955;15
17:18:43.372;48.8609;2.27975;48.8669;2.26259;48.8549;2.29692;15
17:18:43.373;48.8609;2.27962;48.8669;2.26245;48.8549;2.29678;15
17:18:53.166;48.8608;2.28014;48.8667;2.26297;48.8548;2.2973;15
17:18:53.416;48.8602;2.2852;48.8661;2.26804;48.8542;2.30237;15
17:18:53.416;48.8596;2.28816;48.8655;2.271;48.8536;2.30533;15
17:18:53.666;48.8595;2.29034;48.8654;2.27318;48.8535;2.30751;15
17:18:56.509;48.8594;2.29065;48.8653;2.27348;48.8534;2.30782;15
17:18:56.822;48.855;2.28984;48.861;2.27267;48.8491;2.30701;15
17:18:56.822;48.8543;2.2894;48.8603;2.27223;48.8483;2.30656;15
17:18:56.948;48.8542;2.28923;48.8602;2.27206;48.8483;2.3064;15
17:18:58.416;48.8542;2.28923;48.8662;2.2549;48.8423;2.32356;14
17:18:59.737;48.8541;2.28975;48.866;2.25542;48.8421;2.32408;14
17:18:59.738;48.8545;2.29301;48.8665;2.25868;48.8426;2.32735;14
17:18:59.955;48.8557;2.29782;48.8676;2.26349;48.8437;2.33215;14
17:18:59.955;48.8563;2.30048;48.8682;2.26614;48.8443;2.33481;14
17:19:00.039;48.8567;2.30254;48.8686;2.2682;48.8447;2.33687;14
17:19:02.994;48.8569;2.30511;48.8688;2.27078;48.845;2.33945;14
17:19:02.994;48.8573;2.31;48.8692;2.27567;48.8453;2.34433;14
17:19:03.109;48.8558;2.3197;48.8678;2.28537;48.8439;2.35403;14
17:19:03.924;48.8554;2.31987;48.8673;2.28554;48.8434;2.3542;14
17:19:03.924;48.8536;2.32133;48.8656;2.287;48.8417;2.35567;14
17:19:04.721;48.8537;2.32185;48.8657;2.28752;48.8418;2.35619;14
17:19:04.721;48.8531;2.33301;48.865;2.29868;48.8411;2.36734;14
17:19:04.971;48.8527;2.34099;48.8646;2.30666;48.8407;2.37532;14
17:19:05.830;48.8528;2.34184;48.8647;2.30751;48.8408;2.37617;14
17:19:05.830;48.8492;2.35207;48.8611;2.31773;48.8372;2.3864;14
17:19:07.293;48.8492;2.35207;48.873;2.2834;48.8253;2.42073;13
17:19:09.228;48.8481;2.35481;48.872;2.28615;48.8242;2.42348;13
17:19:09.228;48.8398;2.36407;48.8637;2.29541;48.8159;2.43274;13
17:19:09.338;48.8372;2.36855;48.8611;2.29988;48.8133;2.43721;13
17:19:10.377;48.8382;2.37163;48.8621;2.30296;48.8143;2.44029;13
17:19:10.378;48.8389;2.38708;48.8628;2.31842;48.815;2.45575;13
17:19:11.511;48.8406;2.39085;48.8645;2.32219;48.8167;2.45952;13
17:19:11.511;48.8436;2.42192;48.8675;2.35326;48.8197;2.49059;13
17:19:13.659;48.8432;2.42159;48.8671;2.35292;48.8193;2.49025;13
17:19:13.660;48.8336;2.40887;48.8575;2.34021;48.8097;2.47754;13
17:19:14.604;48.8292;2.40338;48.8531;2.33472;48.8052;2.47205;13
17:19:14.605;48.8174;2.38261;48.8413;2.31395;48.7935;2.45128;13
17:19:16.065;48.8174;2.38228;48.8413;2.31361;48.7935;2.45094;13
17:19:16.065;48.8171;2.34982;48.841;2.28116;48.7932;2.41849;13
17:19:16.869;48.817;2.34811;48.8409;2.27945;48.793;2.41678;13
17:19:16.869;48.8203;2.32339;48.8442;2.25473;48.7964;2.39206;13
17:19:16.928;48.8216;2.31876;48.8455;2.25009;48.7977;2.38742;13
17:19:17.908;48.8213;2.31876;48.8451;2.25009;48.7973;2.38742;13
17:19:17.908;48.8138;2.31155;48.8377;2.24289;48.7899;2.38022;13
17:19:18.158;48.8053;2.29988;48.8292;2.23122;48.7814;2.36855;13
17:19:18.158;48.8031;2.29678;48.827;2.22812;48.7791;2.36545;13
17:19:18.271;48.8025;2.29593;48.8264;2.22726;48.7786;2.36459;13
17:19:19.033;48.8025;2.29456;48.8264;2.22589;48.7786;2.36322;13
17:19:19.033;48.8018;2.28494;48.8257;2.21628;48.7779;2.35361;13
17:19:19.100;48.8009;2.27859;48.8248;2.20993;48.777;2.34726;13
17:19:19.764;48.8;2.27841;48.8239;2.20975;48.7761;2.34708;13
17:19:20.144;48.7862;2.26624;48.8101;2.19757;48.7623;2.3349;13
17:19:20.144;48.785;2.26468;48.8089;2.19601;48.761;2.33334;13
17:19:20.237;48.7846;2.26418;48.8085;2.19551;48.7607;2.33284;13
17:19:21.322;48.7843;2.26418;48.8082;2.19551;48.7603;2.33284;13
17:19:21.322;48.7774;2.26399;48.8013;2.19533;48.7534;2.33266;13
17:19:21.572;48.7742;2.26418;48.7981;2.19551;48.7503;2.33284;13
17:19:21.572;48.774;2.26418;48.7979;2.19551;48.75;2.33284;13
17:19:21.806;48.7731;2.26366;48.797;2.19499;48.7491;2.33232;13
17:19:21.807;48.7734;2.26366;48.7973;2.19499;48.7495;2.33232;13
17:19:22.361;48.7734;2.26366;48.7973;2.19499;48.7495;2.33232;13
17:19:22.361;48.773;2.26811;48.7969;2.19945;48.749;2.33678;13
17:19:22.596;48.773;2.28047;48.7969;2.21181;48.749;2.34914;13
17:19:22.596;48.773;2.28648;48.7969;2.21782;48.749;2.35515;13
17:19:22.675;48.7734;2.28596;48.7973;2.2173;48.7495;2.35463;13
17:19:25.292;48.7734;2.28596;48.7854;2.25163;48.7615;2.3203;14
17:19:25.991;48.7735;2.28606;48.7855;2.25172;48.7616;2.32039;14
17:19:25.991;48.7718;2.29001;48.7837;2.25568;48.7598;2.32434;14
17:19:26.370;48.7701;2.29095;48.7821;2.25662;48.7582;2.32529;14
17:19:26.370;48.7699;2.29103;48.7819;2.2567;48.7579;2.32536;14
17:19:26.450;48.7697;2.29155;48.7817;2.25722;48.7577;2.32588;14
17:19:30.681;48.7695;2.29207;48.7815;2.25774;48.7575;2.3264;14
17:19:30.686;48.7721;2.29439;48.784;2.26006;48.7601;2.32872;14
17:19:31.159;48.7739;2.29567;48.7858;2.26134;48.7619;2.33;14
17:19:31.160;48.7739;2.29567;48.7859;2.26134;48.762;2.33;14
17:19:31.247;48.7742;2.29498;48.7861;2.26065;48.7622;2.32932;14
17:19:54.174;48.7868;2.28778;48.7988;2.25345;48.7749;2.32211;14
17:19:54.775;48.7889;2.28795;48.8008;2.25362;48.7769;2.32228;14
17:19:54.775;48.7966;2.28691;48.8085;2.25258;48.7846;2.32124;14
17:19:55.558;48.7966;2.287;48.8085;2.25267;48.7846;2.32133;14
17:19:55.558;48.8044;2.28459;48.8164;2.25026;48.7924;2.31892;14
17:19:55.664;48.8097;2.28485;48.8217;2.25052;48.7978;2.31918;14
17:19:56.307;48.8097;2.28442;48.8217;2.25009;48.7978;2.31876;14
17:19:56.308;48.8158;2.28477;48.8278;2.25044;48.8039;2.31911;14
17:19:56.362;48.8188;2.28459;48.8307;2.25026;48.8068;2.31892;14
17:19:57.080;48.8185;2.28503;48.8305;2.2507;48.8066;2.31937;14
17:19:57.080;48.8097;2.28871;48.8217;2.25438;48.7978;2.32304;14
17:19:57.303;48.804;2.29146;48.8159;2.25713;48.792;2.32579;14
17:19:57.688;48.8036;2.29233;48.8156;2.258;48.7917;2.32666;14
17:19:57.688;48.794;2.29868;48.806;2.26434;48.782;2.33301;14
17:19:57.841;48.7919;2.30014;48.8039;2.26581;48.7799;2.33447;14
17:19:58.642;48.7917;2.29962;48.8037;2.26529;48.7798;2.33395;14
17:19:58.643;48.7834;2.30545;48.7954;2.27112;48.7715;2.33978;14
17:19:58.710;48.7795;2.30725;48.7914;2.27292;48.7675;2.34158;14
17:19:59.580;48.7785;2.30708;48.7905;2.27275;48.7665;2.34142;14
17:19:59.580;48.7736;2.30992;48.7855;2.27559;48.7616;2.34425;14
17:19:59.645;48.7705;2.31137;48.7825;2.27704;48.7586;2.3457;14
17:20:01.128;48.7703;2.31068;48.7823;2.27635;48.7583;2.34502;14
17:20:01.128;48.7708;2.30588;48.7827;2.27155;48.7588;2.34021;14
17:20:01.423;48.771;2.30357;48.783;2.26924;48.759;2.33791;14
17:20:01.424;48.7708;2.30339;48.7827;2.26906;48.7588;2.33772;14
17:20:01.665;48.771;2.30296;48.783;2.26863;48.7591;2.3373;14
17:20:01.666;48.771;2.30289;48.783;2.26855;48.7591;2.33722;14
17:20:08.197;48.7717;2.30107;48.7837;2.26674;48.7598;2.3354;14
17:20:08.202;48.7768;2.2955;48.7888;2.26117;48.7649;2.32983;14
17:20:08.336;48.7805;2.29456;48.7925;2.26022;48.7686;2.32889;14
17:20:08.857;48.7807;2.29446;48.7927;2.26013;48.7687;2.3288;14
17:20:08.857;48.7807;2.29498;48.7926;2.26065;48.7687;2.32932;14
17:20:09.048;48.7805;2.29524;48.7925;2.26091;48.7686;2.32957;14
17:20:11.369;48.7813;2.29335;48.7932;2.25902;48.7693;2.32768;14
17:20:11.370;48.7889;2.28992;48.8008;2.25558;48.7769;2.32425;14
17:20:11.467;48.7937;2.28975;48.8056;2.25542;48.7817;2.32408;14
17:20:12.315;48.7944;2.28889;48.8064;2.25456;48.7825;2.32323;14
17:20:12.315;48.8054;2.2834;48.8174;2.24907;48.7935;2.31773;14
17:20:12.520;48.8148;2.27885;48.8267;2.24452;48.8028;2.31319;14
17:20:14.463;48.8227;2.27438;48.8347;2.24005;48.8108;2.30872;14
17:20:15.120;48.8227;2.27396;48.8347;2.23962;48.8108;2.30829;14
17:20:15.120;48.8314;2.2701;48.8434;2.23576;48.8195;2.30443;14
17:20:15.203;48.8336;2.26993;48.8456;2.2356;48.8217;2.30426;14
17:20:16.431;48.8339;2.26993;48.8458;2.2356;48.8219;2.30426;14
17:20:16.431;48.8393;2.26915;48.8512;2.23482;48.8273;2.30348;14
17:20:16.501;48.8415;2.26889;48.8534;2.23456;48.8295;2.30322;14
17:20:18.486;48.8432;2.26958;48.8552;2.23524;48.8313;2.30391;14
17:20:18.487;48.8462;2.27448;48.8582;2.24014;48.8343;2.30881;14
17:20:18.525;48.8472;2.27542;48.8592;2.24109;48.8353;2.30975;14
17:20:19.412;48.8474;2.27576;48.8593;2.24142;48.8355;2.31009;14
17:20:19.413;48.8493;2.27824;48.8612;2.24391;48.8373;2.31258;14
17:20:19.493;48.8509;2.2803;48.8629;2.24597;48.839;2.31464;14
17:20:19.494;48.8511;2.28099;48.8631;2.24666;48.8392;2.31532;14
17:20:19.598;48.8514;2.28108;48.8633;2.24675;48.8394;2.31541;14
17:20:20.580;48.8514;2.28108;48.8634;2.24675;48.8395;2.31541;14
17:20:20.580;48.8508;2.28142;48.8628;2.24709;48.8389;2.31575;14
17:20:20.672;48.8495;2.28322;48.8615;2.24889;48.8376;2.31755;14
17:20:20.672;48.8465;2.28648;48.8584;2.25215;48.8345;2.32082;14
17:20:20.789;48.8456;2.28726;48.8576;2.25293;48.8337;2.32159;14
17:20:22.003;48.8458;2.2876;48.8577;2.25327;48.8338;2.32193;14
17:20:22.003;48.8461;2.28802;48.858;2.25369;48.8341;2.32236;14
17:20:22.611;48.8461;2.28802;48.858;2.25369;48.8341;2.32236;14
17:20:22.611;48.8458;2.29053;48.8578;2.2562;48.8339;2.32486;14
17:20:22.750;48.8462;2.2925;48.8581;2.25816;48.8342;2.32683;14
17:20:22.750;48.8462;2.29309;48.8581;2.25876;48.8342;2.32742;14
17:20:22.870;48.8463;2.2937;48.8582;2.25937;48.8343;2.32803;14
17:20:23.628;48.8468;2.29259;48.8587;2.25826;48.8348;2.32692;14
17:20:23.628;48.85;2.29129;48.8619;2.25696;48.8381;2.32562;14
17:20:23.878;48.8525;2.2906;48.8644;2.25627;48.8405;2.32494;14
17:20:23.879;48.8535;2.29034;48.8655;2.25601;48.8416;2.32468;14
17:20:23.931;48.8548;2.29034;48.8667;2.25601;48.8428;2.32468;14
17:20:24.495;48.8563;2.28932;48.8682;2.25499;48.8443;2.32365;14
17:20:24.495;48.8577;2.28915;48.8696;2.25482;48.8457;2.32349;14
17:20:24.670;48.8594;2.28828;48.8714;2.25395;48.8475;2.32262;14
17:20:24.670;48.8596;2.28821;48.8716;2.25388;48.8477;2.32254;14
17:20:24.780;48.8606;2.28752;48.8726;2.25319;48.8487;2.32185;14
17:20:26.940;48.8606;2.28752;48.8666;2.27036;48.8546;2.30469;15
17:20:29.556;48.863;2.28833;48.869;2.27116;48.8571;2.3055;15
17:20:29.994;48.8631;2.28738;48.8691;2.27022;48.8571;2.30455;15
17:20:29.994;48.8631;2.28644;48.8691;2.26927;48.8571;2.3036;15
17:20:30.307;48.8631;2.28584;48.869;2.26868;48.8571;2.30301;15
17:20:30.308;48.8632;2.28593;48.8692;2.26877;48.8573;2.3031;15
17:20:40.822;48.8627;2.28584;48.8687;2.26868;48.8567;2.30301;15
17:20:40.822;48.8605;2.28838;48.8665;2.27121;48.8545;2.30554;15
17:20:41.146;48.8578;2.29143;48.8638;2.27426;48.8518;2.30859;15
17:20:41.146;48.8575;2.29193;48.8635;2.27477;48.8515;2.3091;15
17:20:42.221;48.8573;2.29262;48.8633;2.27545;48.8513;2.30978;15
17:20:42.222;48.8519;2.29842;48.8578;2.28125;48.8459;2.31558;15
17:20:43.182;48.8515;2.29855;48.8575;2.28137;48.8455;2.3157;15
17:20:43.182;48.8452;2.30348;48.8512;2.28632;48.8393;2.32065;15
17:20:43.267;48.8444;2.30434;48.8503;2.28717;48.8384;2.3215;15
17:20:44.935;48.8406;2.30838;48.8466;2.29121;48.8346;2.32555;15
17:20:44.935;48.8391;2.31;48.8451;2.29283;48.8331;2.32716;15
17:20:46.097;48.8359;2.31833;48.8419;2.30116;48.8299;2.33549;15
17:20:46.098;48.8357;2.31871;48.8417;2.30154;48.8297;2.33588;15
17:20:48.025;48.8362;2.31842;48.8421;2.30125;48.8302;2.33559;15
17:20:48.026;48.8399;2.31906;48.8458;2.3019;48.8339;2.33623;15
17:20:48.853;48.8405;2.32056;48.8465;2.30339;48.8345;2.33772;15
17:20:48.853;48.8435;2.32529;48.8494;2.30812;48.8375;2.34245;15
17:20:48.854;48.8451;2.32602;48.8511;2.30884;48.8391;2.34317;15
17:20:49.092;48.8458;2.32576;48.8517;2.30859;48.8398;2.34293;15
17:20:49.878;48.8499;2.31902;48.8559;2.30185;48.8439;2.33618;15
17:20:51.138;48.85;2.31923;48.856;2.30206;48.844;2.3364;15
17:20:51.139;48.8517;2.31679;48.8576;2.29962;48.8457;2.33395;15
17:20:51.585;48.8523;2.31596;48.8583;2.2988;48.8463;2.33313;15
17:20:51.874;48.8528;2.31357;48.8587;2.2964;48.8468;2.33073;15
17:20:52.900;48.853;2.31331;48.859;2.29614;48.847;2.33047;15
17:20:52.901;48.8537;2.30812;48.8596;2.29095;48.8477;2.32529;15
17:20:53.783;48.8534;2.30803;48.8594;2.29086;48.8475;2.3252;15
17:20:53.783;48.8547;2.30417;48.8607;2.287;48.8488;2.32133;15
17:20:55.066;48.8547;2.30379;48.8607;2.28662;48.8488;2.32095;15
17:20:55.066;48.8536;2.29962;48.8596;2.28246;48.8476;2.31679;15
17:20:55.163;48.8534;2.29948;48.8594;2.28232;48.8474;2.31665;15
17:20:56.066;48.8534;2.29922;48.8594;2.28207;48.8474;2.31641;15
17:20:56.066;48.85;2.2997;48.856;2.28253;48.8441;2.31686;15
17:20:56.526;48.849;2.30014;48.8549;2.28297;48.843;2.31731;15
17:20:57.470;48.849;2.30014;48.855;2.28297;48.843;2.31731;15
17:20:57.471;48.8476;2.3009;48.8536;2.28374;48.8417;2.31807;15
17:20:57.736;48.8473;2.30168;48.8533;2.28452;48.8414;2.31885;15
17:20:57.737;48.8474;2.30159;48.8533;2.28442;48.8414;2.31876;15
17:20:58.018;48.8473;2.30176;48.8533;2.28459;48.8414;2.31892;15
17:20:58.018;48.8474;2.3018;48.8533;2.28464;48.8414;2.31897;15
17:21:17.830;48.8473;2.30133;48.8533;2.28416;48.8414;2.3185;15
17:21:17.830;48.8457;2.2973;48.8517;2.28014;48.8397;2.31447;15
17:21:17.902;48.844;2.29536;48.85;2.2782;48.8381;2.31253;15
17:21:18.643;48.8437;2.29443;48.8497;2.27725;48.8378;2.31158;15
17:21:18.644;48.8421;2.28889;48.8481;2.27173;48.8361;2.30606;15
17:21:19.362;48.8422;2.28821;48.8482;2.27104;48.8363;2.30537;15
17:21:19.362;48.8412;2.28322;48.8472;2.26605;48.8353;2.30038;15
17:21:20.175;48.841;2.28288;48.847;2.26572;48.8351;2.30005;15
17:21:20.175;48.8409;2.2776;48.8469;2.26044;48.8349;2.29477;15
17:21:20.947;48.8405;2.27687;48.8465;2.2597;48.8346;2.29404;15
17:21:20.947;48.8399;2.27164;48.8459;2.25447;48.8339;2.2888;15
17:21:21.699;48.8398;2.27095;48.8458;2.25378;48.8339;2.28812;15
17:21:21.700;48.8403;2.26666;48.8463;2.2495;48.8343;2.28383;15
17:21:22.549;48.8405;2.26567;48.8465;2.2485;48.8345;2.28284;15
17:21:22.549;48.8413;2.26044;48.8472;2.24327;48.8353;2.2776;15
17:21:23.385;48.841;2.25984;48.847;2.24268;48.835;2.27701;15
17:21:23.385;48.8398;2.25078;48.8458;2.23361;48.8338;2.26794;15
17:21:24.173;48.8398;2.25002;48.8458;2.23285;48.8338;2.26718;15
17:21:24.174;48.8395;2.24438;48.8454;2.22722;48.8335;2.26155;15
17:21:25.244;48.8395;2.24405;48.8454;2.22688;48.8335;2.26122;15
17:21:25.245;48.8398;2.23988;48.8457;2.22272;48.8338;2.25705;15
17:21:26.331;48.8399;2.23946;48.8458;2.22229;48.8339;2.25662;15
17:21:26.331;48.8395;2.23683;48.8455;2.21967;48.8335;2.254;15
17:21:27.469;48.8394;2.23628;48.8454;2.21912;48.8335;2.25345;15
17:21:27.469;48.8383;2.23022;48.8443;2.21306;48.8324;2.24739;15
17:21:29.519;48.8381;2.22906;48.8441;2.2119;48.8321;2.24623;15
17:21:29.520;48.837;2.22554;48.8429;2.20837;48.831;2.24271;15
17:21:30.558;48.8369;2.22554;48.8429;2.20837;48.8309;2.24271;15
17:21:30.559;48.8359;2.22224;48.8419;2.20508;48.83;2.23941;15
17:21:30.662;48.8355;2.22121;48.8415;2.20404;48.8295;2.23837;15
17:21:32.284;48.8352;2.22121;48.8412;2.20404;48.8293;2.23837;15
17:21:32.284;48.8322;2.21967;48.8382;2.2025;48.8263;2.23683;15
17:21:36.056;48.8328;2.21912;48.8388;2.20195;48.8268;2.23628;15
17:21:36.057;48.8334;2.22305;48.8394;2.20589;48.8274;2.24022;15
17:21:36.306;48.8348;2.22885;48.8407;2.21169;48.8288;2.24602;15
17:21:36.979;48.8348;2.22937;48.8408;2.2122;48.8288;2.24654;15
17:21:36.979;48.8379;2.23228;48.8439;2.21512;48.8319;2.24945;15
17:21:38.283;48.8379;2.23276;48.8439;2.21559;48.832;2.24992;15
17:21:38.283;48.8377;2.2379;48.8437;2.22073;48.8318;2.25507;15
17:21:38.700;48.8378;2.24017;48.8438;2.22302;48.8319;2.25735;15
17:21:38.701;48.8379;2.24031;48.8439;2.22314;48.8319;2.25748;15
17:21:39.457;48.8373;2.24109;48.8433;2.22392;48.8313;2.25826;15
17:21:39.458;48.8359;2.25095;48.8419;2.23378;48.8299;2.26811;15
17:21:40.268;48.836;2.25156;48.842;2.23439;48.8301;2.26872;15
17:21:40.269;48.8357;2.25916;48.8416;2.24199;48.8297;2.27632;15
17:21:40.984;48.8358;2.25966;48.8418;2.24249;48.8298;2.27682;15
17:21:40.984;48.8361;2.26756;48.842;2.2504;48.8301;2.28473;15
17:21:42.002;48.836;2.2679;48.842;2.25073;48.8301;2.28506;15
17:21:42.003;48.8361;2.27477;48.8421;2.2576;48.8301;2.29193;15
17:21:42.097;48.8362;2.27701;48.8422;2.25984;48.8302;2.29417;15
17:21:43.236;48.8362;2.27734;48.8422;2.26018;48.8302;2.29451;15
17:21:43.236;48.8381;2.2795;48.8441;2.26233;48.8321;2.29666;15
17:21:43.329;48.8403;2.28142;48.8463;2.26425;48.8343;2.29858;15
17:21:44.556;48.8405;2.28189;48.8464;2.26472;48.8345;2.29906;15
17:21:44.557;48.8415;2.2861;48.8475;2.26894;48.8356;2.30327;15
17:21:44.790;48.8418;2.28705;48.8478;2.26988;48.8358;2.30421;15
17:21:45.025;48.8418;2.28705;48.8478;2.26988;48.8358;2.30421;15
17:21:45.025;48.8418;2.28709;48.8478;2.26993;48.8358;2.30426;15
17:21:45.314;48.8418;2.28722;48.8478;2.27005;48.8359;2.30438;15
17:21:45.314;48.8418;2.28726;48.8478;2.2701;48.8359;2.30443;15
17:21:45.634;48.8418;2.28726;48.8478;2.2701;48.8359;2.30443;15
17:21:45.634;48.8418;2.28726;48.8478;2.2701;48.8359;2.30443;15
17:21:45.770;48.8418;2.28726;48.8478;2.2701;48.8359;2.30443;15
17:21:54.409;48.8417;2.287;48.8477;2.26984;48.8358;2.30417;15
17:21:54.413;48.8398;2.28416;48.8458;2.267;48.8338;2.30133;15
17:21:54.489;48.8394;2.28288;48.8453;2.26572;48.8334;2.30005;15
17:21:57.688;48.8394;2.28146;48.8454;2.2643;48.8335;2.29863;15
17:21:57.688;48.8377;2.27649;48.8437;2.25932;48.8317;2.29366;15
17:21:58.690;48.8376;2.27618;48.8436;2.25902;48.8316;2.29335;15
17:21:58.690;48.8381;2.27412;48.844;2.25696;48.8321;2.29129;15
17:21:59.588;48.8381;2.27332;48.8441;2.25615;48.8321;2.29048;15
17:21:59.588;48.8387;2.2691;48.8447;2.25194;48.8327;2.28627;15
17:22:01.495;48.8385;2.26868;48.8445;2.25151;48.8325;2.28584;15
17:22:01.495;48.8383;2.26649;48.8442;2.24933;48.8323;2.28366;15
17:22:06.775;48.8379;2.26219;48.8439;2.24503;48.8319;2.27936;15
17:22:07.573;48.8386;2.25812;48.8446;2.24095;48.8327;2.27528;15
17:22:09.869;48.8384;2.25757;48.8444;2.2404;48.8325;2.27473;15
17:22:09.870;48.8388;2.25395;48.8448;2.23679;48.8328;2.27112;15
17:22:10.971;48.8387;2.25293;48.8447;2.23576;48.8327;2.2701;15
17:22:10.971;48.84;2.24675;48.846;2.22958;48.834;2.26392;15
17:22:12.537;48.8396;2.24602;48.8456;2.22885;48.8337;2.26318;15
17:22:12.537;48.8374;2.24644;48.8434;2.22928;48.8315;2.26361;15
17:22:14.197;48.835;2.24644;48.841;2.22928;48.829;2.26361;15
17:22:14.924;48.8351;2.24687;48.8411;2.22971;48.8291;2.26404;15
17:22:14.924;48.836;2.25421;48.842;2.23705;48.8301;2.27138;15
17:22:17.018;48.8361;2.25388;48.8421;2.23671;48.8302;2.27104;15
17:22:17.018;48.8385;2.2585;48.8445;2.24133;48.8325;2.27567;15
17:22:18.150;48.8385;2.2585;48.8504;2.22417;48.8265;2.29283;14
17:22:26.689;48.828;2.25336;48.8399;2.21902;48.816;2.28769;14
17:22:26.689;48.8276;2.25301;48.8396;2.21867;48.8157;2.28734;14
17:22:31.006;48.8275;2.23378;48.8395;2.19945;48.8156;2.26811;14
17:22:31.007;48.8279;2.22572;48.8399;2.19139;48.816;2.26006;14
17:22:31.007;48.8273;2.22409;48.8392;2.18976;48.8153;2.25842;14
17:22:32.807;48.8279;2.22649;48.8398;2.19215;48.8159;2.26082;14
17:22:32.807;48.832;2.24202;48.844;2.20769;48.8201;2.27635;14
17:22:33.814;48.8325;2.24254;48.8444;2.20821;48.8205;2.27687;14
17:22:33.814;48.8373;2.25156;48.8492;2.21722;48.8253;2.28589;14
17:22:34.050;48.838;2.25224;48.85;2.21791;48.8261;2.28658;14
17:22:34.971;48.8385;2.25301;48.8504;2.21867;48.8265;2.28734;14
17:22:34.971;48.8392;2.26186;48.8511;2.22752;48.8272;2.29619;14
17:22:35.093;48.8388;2.26212;48.8508;2.22778;48.8269;2.29645;14
17:22:36.456;48.8388;2.26245;48.8508;2.22812;48.8269;2.29678;14
17:22:36.456;48.842;2.26787;48.8539;2.23354;48.83;2.3022;14
17:22:37.228;48.8425;2.26787;48.8545;2.23354;48.8306;2.3022;14
17:22:37.229;48.8459;2.26605;48.8579;2.23172;48.834;2.30038;14
17:22:37.494;48.8463;2.26366;48.8583;2.22932;48.8344;2.29799;14
17:22:37.494;48.8467;2.26314;48.8586;2.22881;48.8347;2.29747;14
17:22:37.791;48.8468;2.26288;48.8587;2.22855;48.8348;2.29721;14
17:22:37.792;48.8468;2.26331;48.8587;2.22897;48.8348;2.29764;14
17:22:38.090;48.8467;2.26331;48.8587;2.22897;48.8348;2.29764;14
17:22:38.091;48.8468;2.2634;48.8587;2.22906;48.8348;2.29773;14
17:22:38.346;48.8468;2.2634;48.8587;2.22906;48.8348;2.29773;14
17:22:38.346;48.8472;2.26392;48.8591;2.22958;48.8352;2.29825;14
17:22:38.965;48.8479;2.26494;48.8598;2.23061;48.8359;2.29927;14
17:22:38.965;48.8498;2.26709;48.8618;2.23276;48.8379;2.30142;14
17:22:39.181;48.8523;2.27095;48.8643;2.23662;48.8404;2.30528;14
17:22:39.181;48.8527;2.27138;48.8646;2.23705;48.8407;2.30571;14
17:22:39.236;48.8526;2.27173;48.8645;2.2374;48.8407;2.30606;14
17:22:41.871;48.8566;2.27379;48.8685;2.23946;48.8447;2.30812;14
17:22:43.072;48.8598;2.27498;48.8718;2.24065;48.8479;2.30931;14
17:22:47.885;48.8598;2.27498;48.8658;2.25781;48.8539;2.29214;15
17:22:50.345;48.8599;2.27533;48.8658;2.25816;48.8539;2.2925;15
17:22:50.346;48.8609;2.2755;48.8669;2.25833;48.8549;2.29266;15
17:22:50.690;48.8613;2.27477;48.8673;2.2576;48.8553;2.29193;15
17:22:50.690;48.8613;2.2746;48.8673;2.25743;48.8554;2.29176;15
17:22:52.620;48.8614;2.27455;48.8674;2.25739;48.8554;2.29172;15
17:22:52.620;48.8614;2.27443;48.8674;2.25726;48.8555;2.2916;15
17:22:56.823;48.8612;2.27412;48.8672;2.25696;48.8552;2.29129;15
17:22:56.824;48.8604;2.27206;48.8664;2.2549;48.8544;2.28923;15
17:22:57.212;48.8604;2.27086;48.8663;2.25369;48.8544;2.28802;15
17:22:57.213;48.8608;2.271;48.8668;2.25383;48.8549;2.28816;15
17:22:57.467;48.8609;2.27095;48.8669;2.25378;48.8549;2.28812;15
17:22:58.159;48.8609;2.27095;48.8669;2.25378;48.8549;2.28812;15
17:22:58.159;48.8609;2.27095;48.8669;2.25378;48.8549;2.28812;15
17:23:08.361;48.8606;2.27142;48.8666;2.25426;48.8546;2.28859;15
17:23:08.361;48.8602;2.27945;48.8662;2.26228;48.8542;2.29662;15
17:23:09.467;48.8604;2.28185;48.8663;2.26468;48.8544;2.29901;15
17:23:09.467;48.8604;2.28189;48.8663;2.26472;48.8544;2.29906;15
17:23:09.467;48.8604;2.28215;48.8663;2.26498;48.8544;2.29932;15
17:23:09.468;48.8604;2.28224;48.8663;2.26508;48.8544;2.29941;15
17:23:09.468;48.8606;2.28236;48.8666;2.2652;48.8546;2.29953;15
17:23:09.468;48.8605;2.28271;48.8664;2.26555;48.8545;2.29988;15
17:23:12.728;48.8603;2.28258;48.8662;2.26541;48.8543;2.29974;15
17:23:12.729;48.8584;2.28229;48.8644;2.26512;48.8524;2.29945;15
17:23:13.095;48.8576;2.28168;48.8635;2.26451;48.8516;2.29884;15
17:23:13.096;48.8574;2.28156;48.8634;2.26439;48.8514;2.29872;15
17:23:13.439;48.8573;2.28134;48.8633;2.26418;48.8514;2.29851;15
17:23:13.440;48.8571;2.28156;48.8631;2.26439;48.8512;2.29872;15
17:23:13.790;48.8573;2.2813;48.8633;2.26413;48.8513;2.29846;15
17:23:13.791;48.8573;2.28137;48.8633;2.26422;48.8513;2.29855;15
17:23:14.228;48.8573;2.28137;48.8633;2.26422;48.8513;2.29855;15
17:23:14.228;48.8569;2.28203;48.8628;2.26486;48.8509;2.29919;15
17:23:14.335;48.8568;2.28207;48.8628;2.26489;48.8509;2.29922;15
17:23:44.601;48.8569;2.28177;48.8629;2.2646;48.851;2.29893;15
17:23:45.728;48.8537;2.27829;48.8597;2.26112;48.8477;2.29546;15
17:23:45.945;48.8533;2.274;48.8593;2.25684;48.8473;2.29117;15
17:23:46.970;48.8534;2.27374;48.8594;2.25658;48.8475;2.29091;15
17:23:46.971;48.853;2.26855;48.859;2.25139;48.847;2.28572;15
17:23:47.208;48.8527;2.2682;48.8587;2.25104;48.8468;2.28537;15
17:23:47.832;48.8529;2.26825;48.8588;2.25108;48.8469;2.28542;15
17:23:47.832;48.8511;2.26636;48.857;2.24919;48.8451;2.28352;15
17:23:48.744;48.851;2.26588;48.8569;2.24872;48.845;2.28305;15
17:23:48.744;48.8483;2.26323;48.8543;2.24606;48.8424;2.2804;15
17:23:51.069;48.8481;2.26122;48.8541;2.24405;48.8422;2.27838;15
17:23:51.463;48.8481;2.26086;48.8541;2.2437;48.8421;2.27803;15
17:23:51.736;48.8441;2.2507;48.8501;2.23354;48.8382;2.26787;15
17:23:52.759;48.8441;2.2504;48.8501;2.23323;48.8381;2.26756;15
17:23:52.759;48.8437;2.24893;48.8496;2.23177;48.8377;2.2661;15
17:23:53.017;48.8434;2.24846;48.8494;2.23129;48.8374;2.26562;15
17:23:53.767;48.8434;2.24838;48.8494;2.23122;48.8374;2.26555;15
17:23:53.768;48.8392;2.24026;48.8452;2.2231;48.8332;2.25743;15
17:23:55.080;48.8384;2.23894;48.8444;2.22177;48.8325;2.2561;15
17:23:55.080;48.8374;2.23653;48.8433;2.21936;48.8314;2.25369;15
17:23:55.370;48.8367;2.23538;48.8427;2.2182;48.8307;2.25253;15
17:23:57.212;48.8368;2.23541;48.8428;2.21825;48.8308;2.25258;15
17:23:57.213;48.8368;2.23541;48.8428;2.21825;48.8308;2.25258;15
17:23:57.431;48.8368;2.23546;48.8428;2.21829;48.8308;2.25262;15
17:23:58.627;48.8368;2.23538;48.8428;2.2182;48.8308;2.25253;15
17:23:58.627;48.8368;2.23524;48.8428;2.21808;48.8308;2.25241;15
17:23:58.861;48.8369;2.23254;48.8429;2.21538;48.8309;2.24971;15
17:24:02.673;48.8376;2.2319;48.8435;2.21474;48.8316;2.24907;15
17:24:02.674;48.8386;2.22757;48.8446;2.2104;48.8326;2.24474;15
17:24:03.235;48.8381;2.22452;48.8441;2.20735;48.8322;2.24168;15
17:24:03.235;48.838;2.22383;48.8439;2.20667;48.832;2.241;15
17:24:03.236;48.838;2.22369;48.844;2.20654;48.832;2.24088;15
17:24:26.212;48.8377;2.22379;48.8436;2.20662;48.8317;2.24095;15
17:24:26.217;48.8337;2.21597;48.8396;2.19881;48.8277;2.23314;15
17:24:26.793;48.8333;2.215;48.8392;2.19783;48.8273;2.23216;15
17:24:26.793;48.8332;2.21465;48.8392;2.19748;48.8273;2.23181;15
17:24:26.951;48.8332;2.21443;48.8392;2.19727;48.8273;2.2316;15
17:24:50.166;48.8336;2.21516;48.8395;2.198;48.8276;2.23233;15
17:24:50.495;48.8354;2.22095;48.8414;2.2038;48.8295;2.23813;15
17:24:50.495;48.8355;2.22168;48.8415;2.20451;48.8295;2.23885;15
17:24:50.839;48.8357;2.22211;48.8416;2.20494;48.8297;2.23927;15
17:24:50.839;48.836;2.22229;48.842;2.20512;48.83;2.23946;15
17:24:50.975;48.8358;2.22229;48.8418;2.20512;48.8299;2.23946;15
17:24:52.040;48.8359;2.22263;48.8419;2.20546;48.83;2.23979;15
17:24:52.041;48.8379;2.22627;48.8438;2.20911;48.8319;2.24344;15
17:24:52.292;48.8389;2.23006;48.8449;2.21289;48.833;2.24722;15
17:24:53.519;48.8398;2.23172;48.8458;2.21455;48.8338;2.24889;15
17:24:53.519;48.841;2.23679;48.847;2.21962;48.835;2.25395;15
17:24:53.738;48.8412;2.23903;48.8471;2.22186;48.8352;2.2562;15
17:24:54.926;48.8414;2.23958;48.8474;2.22241;48.8354;2.25674;15
17:24:54.926;48.8441;2.24318;48.8501;2.22601;48.8381;2.26035;15
17:24:55.246;48.8462;2.2455;48.8522;2.22833;48.8403;2.26266;15
17:24:56.635;48.8462;2.2455;48.8522;2.22833;48.8402;2.26266;15
17:24:56.635;48.8453;2.25005;48.8513;2.23288;48.8394;2.26721;15
17:24:58.267;48.8452;2.25005;48.8512;2.23288;48.8392;2.26721;15
17:24:58.268;48.8444;2.25494;48.8503;2.23778;48.8384;2.27211;15
17:24:59.502;48.8445;2.25558;48.8505;2.23842;48.8386;2.27275;15
17:24:59.503;48.8429;2.2594;48.8489;2.24225;48.8369;2.27658;15
17:25:00.744;48.8427;2.25963;48.8487;2.24246;48.8367;2.27679;15
17:25:00.745;48.8406;2.26151;48.8465;2.24434;48.8346;2.27867;15
17:25:01.964;48.8407;2.26169;48.8466;2.24452;48.8347;2.27885;15
17:25:01.965;48.8386;2.26408;48.8446;2.24692;48.8326;2.28125;15
17:25:03.386;48.8385;2.26439;48.8445;2.24722;48.8326;2.28156;15
17:25:03.390;48.8379;2.26787;48.8439;2.2507;48.8319;2.28503;15
17:25:04.861;48.8381;2.26837;48.8441;2.25121;48.8321;2.28554;15
17:25:04.862;48.8385;2.26958;48.8445;2.25241;48.8326;2.28674;15
17:25:06.096;48.8387;2.27005;48.8447;2.25288;48.8327;2.28722;15
17:25:06.096;48.8382;2.27206;48.8442;2.2549;48.8322;2.28923;15
17:25:08.256;48.8382;2.27206;48.8502;2.23773;48.8263;2.3064;14
17:25:16.423;48.8385;2.2718;48.8505;2.23747;48.8266;2.30614;14
17:25:16.424;48.8448;2.26993;48.8567;2.2356;48.8328;2.30426;14
17:25:17.096;48.8478;2.26898;48.8598;2.23465;48.8359;2.30331;14
17:25:17.096;48.8482;2.26889;48.8601;2.23456;48.8362;2.30322;14
17:25:17.250;48.8482;2.2688;48.8602;2.23447;48.8363;2.30313;14
17:25:17.250;48.8482;2.2688;48.8602;2.23447;48.8363;2.30313;14
17:25:18.228;48.8488;2.26924;48.8607;2.23491;48.8368;2.30357;14
17:25:18.228;48.8508;2.2719;48.8628;2.23756;48.8389;2.30623;14
17:25:18.493;48.8528;2.27405;48.8647;2.23972;48.8409;2.30838;14
17:25:18.494;48.8519;2.27318;48.8638;2.23885;48.84;2.30751;14
17:25:18.561;48.852;2.27318;48.8639;2.23885;48.84;2.30751;14
17:25:19.998;48.852;2.27318;48.8579;2.25601;48.846;2.29034;15
17:25:21.126;48.852;2.27344;48.858;2.25627;48.8461;2.2906;15
17:25:21.127;48.8521;2.27812;48.8581;2.26096;48.8462;2.29529;15
17:25:23.416;48.8522;2.27907;48.8582;2.2619;48.8462;2.29623;15
17:25:23.416;48.8525;2.28146;48.8585;2.2643;48.8465;2.29863;15
17:25:29.124;48.8525;2.28146;48.8555;2.27289;48.8495;2.29005;16
17:25:29.920;48.8525;2.28149;48.8555;2.2729;48.8495;2.29005;16
17:25:31.494;48.8525;2.2816;48.8555;2.27301;48.8495;2.29018;16
17:25:31.494;48.8529;2.28329;48.8558;2.2747;48.8499;2.29185;16
17:25:40.939;48.8528;2.28322;48.8558;2.27464;48.8498;2.29181;16
17:25:40.940;48.8526;2.28311;48.8555;2.27454;48.8496;2.29169;16
17:25:42.111;48.8526;2.28311;48.8585;2.26595;48.8466;2.30026;15
