14:11:13.331;48.8547;2.34662;48.8786;2.27795;48.8308;2.41528;13
14:11:14.067;48.8547;2.34662;48.8667;2.31229;48.8428;2.38095;14
14:11:15.448;48.8547;2.34662;48.8607;2.32944;48.8488;2.36377;15
14:11:17.330;48.8547;2.34665;48.8607;2.32948;48.8487;2.36382;15
14:11:17.330;48.8539;2.34622;48.8598;2.32906;48.8479;2.36339;15
14:11:17.952;48.8522;2.34387;48.8582;2.32669;48.8462;2.36102;15
14:11:17.952;48.852;2.34373;48.858;2.32657;48.8461;2.3609;15
14:11:17.952;48.852;2.34361;48.8579;2.32645;48.846;2.36078;15
14:11:17.952;48.8517;2.34357;48.8576;2.3264;48.8457;2.36073;15
14:11:17.952;48.8513;2.34326;48.8573;2.3261;48.8454;2.36043;15
14:11:17.953;48.851;2.34288;48.8569;2.32571;48.845;2.36005;15
14:11:19.947;48.851;2.34293;48.8569;2.32576;48.845;2.36009;15
14:11:20.196;48.8499;2.34172;48.8558;2.32455;48.8439;2.35889;15
14:11:20.197;48.8497;2.34129;48.8556;2.32413;48.8437;2.35846;15
14:11:20.462;48.8496;2.34103;48.8556;2.32387;48.8437;2.3582;15
14:11:20.462;48.8493;2.34047;48.8553;2.3233;48.8434;2.35764;15
14:11:20.736;48.8492;2.34035;48.8552;2.32318;48.8433;2.35751;15
14:11:20.736;48.8491;2.3403;48.8551;2.32314;48.8431;2.35747;15
14:11:20.986;48.8491;2.34018;48.855;2.32301;48.8431;2.35735;15
14:11:20.986;48.849;2.33978;48.855;2.32262;48.8431;2.35695;15
14:11:21.220;48.8493;2.33923;48.8553;2.32207;48.8433;2.3564;15
14:11:21.220;48.8495;2.33871;48.8554;2.32155;48.8435;2.35588;15
14:11:21.517;48.8496;2.33859;48.8556;2.32143;48.8436;2.35576;15
14:11:21.517;48.8497;2.3382;48.8556;2.32103;48.8437;2.35536;15
14:11:21.623;48.8497;2.33791;48.8556;2.32074;48.8437;2.35507;15
14:11:23.340;48.8497;2.33791;48.8616;2.30357;48.8377;2.37224;14
14:11:25.065;48.8497;2.33791;48.8616;2.30357;48.8377;2.37224;14
14:11:25.065;48.8505;2.33824;48.8624;2.30391;48.8385;2.37257;14
14:11:25.101;48.8519;2.33928;48.8639;2.30495;48.84;2.37361;14
14:11:26.974;48.8519;2.33928;48.8639;2.30495;48.84;2.37361;14
14:11:26.974;48.8523;2.33928;48.8642;2.30495;48.8403;2.37361;14
14:11:27.042;48.8532;2.33928;48.8651;2.30495;48.8412;2.37361;14
14:11:34.114;48.8535;2.33987;48.8655;2.30554;48.8416;2.37421;14
14:11:34.147;48.8547;2.34056;48.8666;2.30623;48.8428;2.37489;14
14:11:35.381;48.8548;2.34056;48.8667;2.30623;48.8428;2.37489;14
14:11:35.382;48.8551;2.34108;48.867;2.30675;48.8431;2.37541;14
14:11:35.433;48.8571;2.3439;48.8691;2.30957;48.8452;2.37823;14
14:11:35.434;48.858;2.34511;48.87;2.31078;48.8461;2.37944;14
14:11:35.434;48.8584;2.3457;48.8704;2.31137;48.8465;2.38004;14
14:11:35.502;48.8597;2.34717;48.8717;2.31284;48.8478;2.3815;14
14:11:36.088;48.8597;2.34717;48.8717;2.31284;48.8478;2.3815;14
14:11:36.088;48.8598;2.34708;48.8717;2.31274;48.8478;2.38141;14
14:11:36.119;48.8598;2.34554;48.8718;2.3112;48.8479;2.37987;14
14:11:36.120;48.8597;2.34451;48.8716;2.31018;48.8477;2.37885;14
14:11:36.226;48.8591;2.34236;48.8711;2.30803;48.8472;2.37669;14
14:11:36.226;48.859;2.34167;48.8709;2.30734;48.847;2.37601;14
14:11:36.335;48.8584;2.33859;48.8703;2.30426;48.8464;2.37292;14
14:11:36.335;48.8585;2.33841;48.8704;2.30408;48.8465;2.37274;14
14:11:36.476;48.8585;2.33815;48.8705;2.30382;48.8466;2.37248;14
14:11:36.476;48.8587;2.33798;48.8706;2.30365;48.8467;2.37231;14
14:11:36.476;48.8588;2.33791;48.8707;2.30357;48.8468;2.37224;14
14:11:36.611;48.86;2.33704;48.8719;2.3027;48.8481;2.37137;14
14:11:36.611;48.8601;2.33678;48.872;2.30244;48.8481;2.37111;14
14:11:36.719;48.8606;2.33661;48.8726;2.30228;48.8487;2.37094;14
14:11:36.719;48.8608;2.3367;48.8727;2.30237;48.8489;2.37103;14
14:11:36.865;48.8617;2.33704;48.8736;2.3027;48.8498;2.37137;14
14:11:36.866;48.8618;2.33678;48.8737;2.30244;48.8499;2.37111;14
14:11:36.866;48.8619;2.33661;48.8739;2.30228;48.85;2.37094;14
14:11:37.767;48.8619;2.33661;48.8679;2.31944;48.8559;2.35378;15
14:11:39.066;48.8619;2.33678;48.8679;2.31961;48.8559;2.35394;15
14:11:39.066;48.8624;2.33928;48.8684;2.32211;48.8564;2.35645;15
14:11:39.298;48.8629;2.34172;48.8689;2.32455;48.8569;2.35889;15
14:11:39.298;48.8629;2.34198;48.8689;2.32481;48.8569;2.35915;15
14:11:39.547;48.8629;2.34206;48.8689;2.32489;48.8569;2.35922;15
14:11:39.547;48.863;2.34206;48.869;2.32489;48.8571;2.35922;15
14:11:39.776;48.863;2.34267;48.8689;2.3255;48.857;2.35983;15
14:11:39.777;48.8629;2.343;48.8688;2.32584;48.8569;2.36017;15
14:11:40.001;48.8626;2.34373;48.8685;2.32657;48.8566;2.3609;15
14:11:40.001;48.8625;2.34357;48.8685;2.3264;48.8565;2.36073;15
14:11:41.064;48.8625;2.34364;48.8685;2.32648;48.8565;2.36081;15
14:11:41.313;48.8621;2.34549;48.8681;2.32832;48.8562;2.36266;15
14:11:41.314;48.862;2.34601;48.868;2.32884;48.8561;2.36317;15
14:11:41.820;48.862;2.34639;48.868;2.32922;48.8561;2.36356;15
14:11:41.820;48.8621;2.34648;48.8681;2.32932;48.8562;2.36365;15
14:11:41.820;48.8622;2.34662;48.8681;2.32944;48.8562;2.36377;15
14:11:41.821;48.8621;2.34665;48.8681;2.32948;48.8562;2.36382;15
14:11:41.821;48.8621;2.34657;48.8681;2.32941;48.8562;2.36374;15
14:11:42.792;48.8621;2.34657;48.8651;2.33798;48.8591;2.35515;16
14:11:43.821;48.8622;2.34665;48.8651;2.33807;48.8592;2.35524;16
14:11:43.821;48.8627;2.34744;48.8657;2.33887;48.8597;2.356;16
14:11:44.165;48.8631;2.34785;48.866;2.33928;48.8601;2.35645;16
14:11:44.165;48.8632;2.34813;48.8661;2.33955;48.8602;2.35669;16
14:11:44.569;48.8633;2.34818;48.8662;2.3396;48.8603;2.35674;16
14:11:44.569;48.8635;2.3485;48.8665;2.33992;48.8605;2.35709;16
14:11:44.569;48.8635;2.34848;48.8665;2.33989;48.8605;2.35704;16
14:11:47.360;48.8635;2.34865;48.8665;2.34007;48.8605;2.35721;16
14:11:47.361;48.8637;2.34993;48.8667;2.34135;48.8607;2.35851;16
14:11:47.649;48.8639;2.35045;48.8669;2.34187;48.861;2.35901;16
14:11:47.649;48.864;2.35045;48.8669;2.34187;48.861;2.35901;16
14:11:47.915;48.864;2.35037;48.867;2.34178;48.861;2.35893;16
14:11:47.915;48.8638;2.35037;48.8668;2.34178;48.8608;2.35893;16
14:11:48.258;48.8637;2.34987;48.8666;2.34129;48.8607;2.35846;16
14:11:48.258;48.8636;2.34949;48.8666;2.3409;48.8606;2.35806;16
14:11:48.552;48.8637;2.3494;48.8666;2.34082;48.8607;2.35799;16
14:11:48.553;48.8637;2.3494;48.8666;2.34082;48.8607;2.35799;16
14:11:48.836;48.8636;2.34933;48.8666;2.34076;48.8607;2.35789;16
14:11:48.837;48.8638;2.34933;48.8668;2.34076;48.8609;2.35789;16
