14:12:22.934;48.8547;2.34662;48.8786;2.27795;48.8308;2.41528;13
14:12:24.871;48.8547;2.34662;48.8667;2.31229;48.8428;2.38095;14
14:12:44.388;48.8549;2.34669;48.8668;2.31236;48.8429;2.38103;14
14:12:44.427;48.8564;2.34885;48.8684;2.31451;48.8445;2.38318;14
14:12:44.427;48.8568;2.34944;48.8687;2.31511;48.8448;2.38377;14
14:12:44.508;48.8575;2.35039;48.8694;2.31606;48.8455;2.38472;14
14:12:44.508;48.8577;2.35074;48.8696;2.31641;48.8457;2.38507;14
14:12:44.603;48.8582;2.35176;48.8702;2.31743;48.8463;2.38609;14
14:12:44.603;48.8582;2.35176;48.8702;2.31743;48.8463;2.38609;14
14:12:44.702;48.8584;2.35202;48.8703;2.31769;48.8465;2.38635;14
14:12:44.703;48.8585;2.35202;48.8704;2.31769;48.8465;2.38635;14
14:12:44.802;48.8585;2.35211;48.8704;2.31778;48.8466;2.38644;14
14:12:44.802;48.8585;2.35219;48.8704;2.31786;48.8466;2.38652;14
14:12:44.875;48.8586;2.35219;48.8705;2.31786;48.8466;2.38652;14
14:12:44.982;48.8586;2.35228;48.8705;2.31795;48.8466;2.38661;14
14:12:45.084;48.8586;2.35245;48.8705;2.31812;48.8466;2.38678;14
14:12:45.084;48.8586;2.35254;48.8706;2.31821;48.8467;2.38687;14
14:12:45.183;48.8588;2.35254;48.8707;2.31821;48.8468;2.38687;14
14:12:45.183;48.8588;2.35254;48.8707;2.31821;48.8468;2.38687;14
14:12:45.260;48.859;2.35245;48.8709;2.31812;48.8471;2.38678;14
14:12:45.340;48.8591;2.35228;48.871;2.31795;48.8471;2.38661;14
14:12:45.416;48.8593;2.35202;48.8712;2.31769;48.8474;2.38635;14
14:12:45.508;48.8593;2.35185;48.8713;2.31752;48.8474;2.38618;14
14:12:45.653;48.8595;2.35185;48.8714;2.31752;48.8475;2.38618;14
14:12:45.653;48.8595;2.35185;48.8714;2.31752;48.8475;2.38618;14
14:12:45.800;48.8595;2.35185;48.8715;2.31752;48.8476;2.38618;14
14:12:45.896;48.8595;2.35193;48.8715;2.3176;48.8476;2.38626;14
14:12:45.896;48.8596;2.35193;48.8715;2.3176;48.8476;2.38626;14
14:12:45.995;48.8597;2.35202;48.8717;2.31769;48.8478;2.38635;14
14:12:45.995;48.8599;2.35202;48.8718;2.31769;48.8479;2.38635;14
14:12:46.100;48.8604;2.35278;48.8724;2.31845;48.8485;2.38712;14
14:12:46.101;48.8607;2.35313;48.8727;2.3188;48.8488;2.38747;14
14:12:46.196;48.8609;2.35365;48.8729;2.31932;48.849;2.38799;14
14:12:46.197;48.861;2.35365;48.8729;2.31932;48.849;2.38799;14
14:12:46.297;48.861;2.35391;48.873;2.31958;48.8491;2.38824;14
14:12:46.297;48.8611;2.35408;48.873;2.31975;48.8492;2.38841;14
14:12:46.394;48.861;2.35408;48.873;2.31975;48.8491;2.38841;14
14:12:46.394;48.861;2.35382;48.873;2.31949;48.8491;2.38815;14
14:12:46.491;48.8613;2.35373;48.8733;2.3194;48.8494;2.38806;14
14:12:46.492;48.8613;2.35373;48.8733;2.3194;48.8494;2.38806;14
14:12:46.590;48.8612;2.35373;48.8731;2.3194;48.8492;2.38806;14
14:12:46.590;48.8612;2.35373;48.8731;2.3194;48.8492;2.38806;14
14:12:46.686;48.8612;2.35373;48.8731;2.3194;48.8492;2.38806;14
14:12:46.686;48.8614;2.35399;48.8733;2.31966;48.8494;2.38832;14
14:12:46.758;48.8617;2.35416;48.8736;2.31982;48.8497;2.38849;14
14:12:48.115;48.8619;2.35434;48.8738;2.32001;48.8499;2.38867;14
14:12:48.116;48.8622;2.35477;48.8741;2.32043;48.8502;2.3891;14
14:12:48.154;48.8636;2.35699;48.8756;2.32266;48.8517;2.39133;14
14:12:48.154;48.864;2.35751;48.876;2.32318;48.8521;2.39185;14
14:12:48.256;48.8647;2.35846;48.8766;2.32413;48.8527;2.39279;14
14:12:48.256;48.8648;2.35905;48.8768;2.32472;48.8529;2.39339;14
14:12:48.340;48.8651;2.35948;48.877;2.32515;48.8531;2.39381;14
14:12:48.457;48.8653;2.35974;48.8772;2.32541;48.8533;2.39407;14
14:12:48.457;48.8654;2.35974;48.8773;2.32541;48.8535;2.39407;14
14:12:48.574;48.8661;2.35983;48.878;2.3255;48.8541;2.39417;14
14:12:48.574;48.8661;2.35974;48.878;2.32541;48.8541;2.39407;14
14:12:48.688;48.8662;2.35957;48.8782;2.32524;48.8543;2.39391;14
14:12:48.689;48.8663;2.35915;48.8782;2.32481;48.8544;2.39348;14
14:12:48.800;48.8665;2.35785;48.8784;2.32352;48.8545;2.39218;14
14:12:48.800;48.8665;2.35631;48.8784;2.32198;48.8545;2.39064;14
14:12:48.912;48.8665;2.35519;48.8785;2.32086;48.8546;2.38953;14
14:12:48.913;48.8665;2.35468;48.8785;2.32034;48.8546;2.38901;14
14:12:49.028;48.8665;2.35339;48.8785;2.31906;48.8546;2.38773;14
14:12:49.029;48.8665;2.35271;48.8785;2.31837;48.8546;2.38704;14
14:12:49.110;48.8665;2.35219;48.8785;2.31786;48.8546;2.38652;14
14:12:49.195;48.8666;2.35211;48.8785;2.31778;48.8546;2.38644;14
14:12:49.283;48.8666;2.35211;48.8786;2.31778;48.8547;2.38644;14
14:12:49.399;48.8667;2.35176;48.8786;2.31743;48.8548;2.38609;14
14:12:49.399;48.8667;2.35124;48.8787;2.31691;48.8548;2.38557;14
14:12:49.513;48.8669;2.35124;48.8789;2.31691;48.855;2.38557;14
14:12:49.513;48.8671;2.35124;48.8791;2.31691;48.8552;2.38557;14
14:12:49.655;48.8673;2.35124;48.8792;2.31691;48.8553;2.38557;14
14:12:50.810;48.8673;2.35124;48.8792;2.31691;48.8554;2.38557;14
14:12:50.810;48.8673;2.35124;48.8792;2.31691;48.8554;2.38557;14
14:12:50.853;48.867;2.35219;48.879;2.31786;48.8551;2.38652;14
14:12:50.854;48.8669;2.35245;48.8788;2.31812;48.8549;2.38678;14
14:12:50.968;48.8664;2.35262;48.8783;2.31828;48.8545;2.38695;14
14:12:50.968;48.8662;2.35262;48.8781;2.31828;48.8542;2.38695;14
14:12:51.083;48.8659;2.35271;48.8778;2.31837;48.854;2.38704;14
14:12:51.083;48.8658;2.35278;48.8777;2.31845;48.8538;2.38712;14
14:12:51.195;48.8654;2.35313;48.8773;2.3188;48.8535;2.38747;14
14:12:51.195;48.8651;2.35339;48.877;2.31906;48.8532;2.38773;14
14:12:51.305;48.8649;2.35399;48.8769;2.31966;48.853;2.38832;14
14:12:51.305;48.8649;2.35399;48.8769;2.31966;48.853;2.38832;14
14:12:51.388;48.8647;2.35408;48.8767;2.31975;48.8528;2.38841;14
14:12:51.496;48.8645;2.35408;48.8765;2.31975;48.8526;2.38841;14
14:12:51.496;48.8645;2.35408;48.8764;2.31975;48.8526;2.38841;14
14:12:51.609;48.8644;2.35399;48.8764;2.31966;48.8525;2.38832;14
14:12:51.609;48.8644;2.35399;48.8764;2.31966;48.8525;2.38832;14
14:12:51.688;48.8644;2.35399;48.8763;2.31966;48.8524;2.38832;14
14:12:51.796;48.8643;2.35399;48.8763;2.31966;48.8524;2.38832;14
14:12:51.796;48.8643;2.35399;48.8763;2.31966;48.8524;2.38832;14
14:12:51.904;48.8643;2.35399;48.8762;2.31966;48.8523;2.38832;14
14:12:51.904;48.8642;2.35399;48.8761;2.31966;48.8522;2.38832;14
14:12:52.013;48.8642;2.35391;48.8761;2.31958;48.8522;2.38824;14
14:12:52.013;48.8642;2.35373;48.8761;2.3194;48.8522;2.38806;14
14:12:52.094;48.8642;2.35373;48.8761;2.3194;48.8522;2.38806;14
14:12:52.175;48.8642;2.35365;48.8761;2.31932;48.8522;2.38799;14
14:12:52.255;48.8641;2.35349;48.876;2.31915;48.8521;2.38782;14
14:12:52.358;48.8641;2.35349;48.876;2.31915;48.8521;2.38782;14
14:12:52.359;48.864;2.35339;48.876;2.31906;48.8521;2.38773;14
14:12:52.448;48.864;2.35323;48.876;2.31889;48.8521;2.38756;14
14:12:52.596;48.8641;2.35323;48.876;2.31889;48.8521;2.38756;14
14:12:52.597;48.8643;2.35297;48.8763;2.31863;48.8524;2.3873;14
14:12:52.677;48.8645;2.35287;48.8764;2.31854;48.8526;2.38721;14
14:12:54.240;48.8644;2.35278;48.8763;2.31845;48.8524;2.38712;14
14:12:54.240;48.8641;2.35304;48.876;2.31871;48.8521;2.38737;14
14:12:54.278;48.8632;2.35373;48.8751;2.3194;48.8512;2.38806;14
14:12:54.279;48.8626;2.35399;48.8746;2.31966;48.8507;2.38832;14
14:12:54.437;48.8621;2.35416;48.8741;2.31982;48.8502;2.38849;14
14:12:54.437;48.862;2.35425;48.874;2.31992;48.8501;2.38858;14
14:12:54.539;48.8612;2.35486;48.8731;2.32053;48.8492;2.38919;14
14:12:54.539;48.8609;2.35486;48.8729;2.32053;48.849;2.38919;14
14:12:54.627;48.8607;2.35493;48.8727;2.3206;48.8488;2.38927;14
14:12:55.733;48.8607;2.35493;48.8667;2.33777;48.8547;2.3721;15
14:12:56.536;48.8605;2.35481;48.8665;2.33765;48.8545;2.37198;15
14:12:56.537;48.8599;2.35361;48.8659;2.33644;48.8539;2.37077;15
14:12:56.802;48.8593;2.35228;48.8652;2.33511;48.8533;2.36945;15
14:12:56.802;48.8589;2.35181;48.8649;2.33464;48.8529;2.36897;15
14:12:57.023;48.8585;2.35095;48.8645;2.33379;48.8526;2.36812;15
14:12:57.023;48.8585;2.35095;48.8645;2.33379;48.8525;2.36812;15
14:12:57.127;48.8584;2.35103;48.8644;2.33386;48.8524;2.36819;15
14:12:57.127;48.8583;2.35103;48.8643;2.33386;48.8523;2.36819;15
14:12:57.420;48.8583;2.35081;48.8643;2.33365;48.8523;2.36798;15
14:12:57.420;48.8586;2.35069;48.8646;2.33353;48.8526;2.36786;15
14:12:57.661;48.8597;2.35112;48.8656;2.33395;48.8537;2.36829;15
14:12:57.661;48.8604;2.35167;48.8664;2.3345;48.8544;2.36884;15
14:12:57.944;48.8609;2.35188;48.8669;2.33472;48.855;2.36905;15
14:12:57.944;48.8614;2.35193;48.8674;2.33476;48.8554;2.36909;15
14:12:57.944;48.8614;2.35172;48.8674;2.33455;48.8554;2.36888;15
14:12:58.575;48.8614;2.35172;48.8674;2.33455;48.8554;2.36888;15
14:12:58.576;48.8618;2.35207;48.8678;2.3349;48.8559;2.36923;15
14:12:58.778;48.8622;2.35172;48.8681;2.33455;48.8562;2.36888;15
14:12:58.779;48.8623;2.35146;48.8683;2.33429;48.8564;2.36862;15
14:12:59.013;48.8624;2.35124;48.8684;2.33408;48.8564;2.36841;15
14:12:59.014;48.8625;2.35112;48.8684;2.33395;48.8565;2.36829;15
14:12:59.208;48.8623;2.35034;48.8682;2.33318;48.8563;2.36751;15
14:12:59.208;48.8619;2.34944;48.8679;2.33228;48.856;2.36661;15
14:12:59.442;48.8619;2.34871;48.8679;2.33154;48.8559;2.36588;15
14:12:59.442;48.8619;2.34866;48.8679;2.33151;48.8559;2.36584;15
14:12:59.661;48.8623;2.34863;48.8682;2.33147;48.8563;2.3658;15
14:12:59.661;48.8632;2.34918;48.8692;2.33202;48.8572;2.36635;15
14:12:59.880;48.864;2.35048;48.87;2.33331;48.8581;2.36765;15
14:12:59.881;48.8643;2.35091;48.8702;2.33374;48.8583;2.36807;15
14:12:59.980;48.8645;2.35176;48.8704;2.33459;48.8585;2.36893;15
14:12:59.981;48.8642;2.35188;48.8702;2.33472;48.8582;2.36905;15
14:13:00.177;48.8642;2.35193;48.8702;2.33476;48.8582;2.36909;15
14:13:00.177;48.8642;2.35141;48.8702;2.33426;48.8583;2.36859;15
14:13:00.435;48.8642;2.35034;48.8701;2.33318;48.8582;2.36751;15
14:13:00.435;48.8641;2.34991;48.87;2.33275;48.8581;2.36708;15
14:13:00.646;48.8639;2.34932;48.8699;2.33215;48.8579;2.36649;15
14:13:00.646;48.8639;2.34927;48.8699;2.33211;48.8579;2.36644;15
14:13:00.856;48.8639;2.34875;48.8698;2.33159;48.8579;2.36592;15
14:13:00.857;48.8638;2.34859;48.8698;2.33142;48.8578;2.36575;15
14:13:01.067;48.8638;2.34824;48.8697;2.33107;48.8578;2.3654;15
14:13:01.068;48.8635;2.3476;48.8695;2.33043;48.8576;2.36476;15
14:13:01.325;48.8634;2.34747;48.8694;2.33031;48.8574;2.36464;15
14:13:01.325;48.8632;2.34721;48.8692;2.33005;48.8573;2.36438;15
14:13:01.559;48.8633;2.34747;48.8693;2.33031;48.8574;2.36464;15
14:13:01.560;48.8633;2.34747;48.8693;2.33031;48.8573;2.36464;15
14:13:01.795;48.8633;2.34743;48.8693;2.33026;48.8574;2.36459;15
14:13:01.795;48.8635;2.34773;48.8695;2.33057;48.8575;2.3649;15
14:13:02.614;48.8635;2.34773;48.8695;2.33057;48.8575;2.3649;15
14:13:02.615;48.8641;2.34752;48.8701;2.33035;48.8581;2.36469;15
14:13:02.849;48.8646;2.34662;48.8706;2.32944;48.8587;2.36377;15
14:13:02.849;48.8648;2.34579;48.8708;2.32863;48.8589;2.36296;15
14:13:03.068;48.8651;2.34525;48.8711;2.32806;48.8591;2.3624;15
14:13:03.068;48.8651;2.34473;48.8711;2.32756;48.8592;2.36189;15
14:13:03.448;48.8652;2.34433;48.8711;2.32716;48.8592;2.3615;15
14:13:03.448;48.865;2.34369;48.871;2.32652;48.8591;2.36086;15
14:13:03.449;48.865;2.34348;48.871;2.32631;48.8591;2.36064;15
14:13:03.449;48.8649;2.34267;48.8708;2.3255;48.8589;2.35983;15
14:13:03.755;48.8643;2.34137;48.8703;2.3242;48.8583;2.35854;15
14:13:03.755;48.8635;2.34021;48.8695;2.32304;48.8575;2.35738;15
14:13:04.005;48.8634;2.33987;48.8693;2.32271;48.8574;2.35704;15
14:13:04.005;48.8633;2.33966;48.8693;2.32249;48.8573;2.35683;15
14:13:04.178;48.8633;2.33945;48.8693;2.32228;48.8573;2.35661;15
14:13:04.966;48.8632;2.33971;48.8691;2.32254;48.8572;2.35687;15
14:13:05.231;48.8615;2.34125;48.8675;2.32408;48.8555;2.35841;15
14:13:05.232;48.8606;2.34099;48.8666;2.32382;48.8546;2.35815;15
14:13:05.442;48.86;2.3403;48.866;2.32314;48.854;2.35747;15
14:13:05.442;48.86;2.33961;48.866;2.32245;48.8541;2.35678;15
14:13:05.510;48.8602;2.33876;48.8662;2.32159;48.8542;2.35593;15
14:13:06.411;48.8603;2.33893;48.8663;2.32176;48.8544;2.35609;15
14:13:06.716;48.8597;2.3345;48.8657;2.31734;48.8538;2.35167;15
14:13:06.716;48.86;2.33331;48.866;2.31615;48.854;2.35048;15
14:13:07.379;48.8602;2.33253;48.8662;2.31537;48.8543;2.3497;15
14:13:07.380;48.8603;2.33189;48.8662;2.31473;48.8543;2.34906;15
14:13:07.380;48.8603;2.33133;48.8663;2.31416;48.8544;2.3485;15
14:13:07.380;48.8603;2.3309;48.8663;2.31374;48.8543;2.34807;15
14:13:07.380;48.8605;2.33107;48.8664;2.3139;48.8545;2.34824;15
14:13:09.116;48.8605;2.33095;48.8664;2.31378;48.8545;2.34811;15
14:13:09.419;48.8601;2.3261;48.8661;2.30893;48.8541;2.34326;15
14:13:09.419;48.8602;2.32465;48.8662;2.30746;48.8543;2.3418;15
14:13:09.809;48.8605;2.32361;48.8664;2.30644;48.8545;2.34077;15
14:13:09.810;48.8605;2.32292;48.8665;2.30576;48.8545;2.34009;15
14:13:11.156;48.8605;2.32091;48.8665;2.30374;48.8546;2.33807;15
14:13:11.156;48.8606;2.32027;48.8666;2.3031;48.8546;2.33743;15
14:13:11.156;48.8607;2.32018;48.8667;2.30301;48.8548;2.33734;15
14:13:11.157;48.8608;2.32018;48.8667;2.30301;48.8548;2.33734;15
14:13:11.157;48.8608;2.32013;48.8668;2.30296;48.8549;2.3373;15
14:13:11.157;48.8609;2.32013;48.8668;2.30296;48.8549;2.3373;15
14:13:11.157;48.8606;2.31923;48.8666;2.30206;48.8546;2.3364;15
14:13:11.523;48.8604;2.31778;48.8663;2.3006;48.8544;2.33493;15
14:13:11.523;48.8603;2.31773;48.8663;2.30057;48.8544;2.3349;15
14:13:11.739;48.8603;2.31769;48.8663;2.30052;48.8544;2.33485;15
14:13:12.434;48.8602;2.31764;48.8662;2.30048;48.8542;2.33481;15
14:13:12.817;48.859;2.31734;48.865;2.30017;48.853;2.3345;15
14:13:12.817;48.8586;2.31743;48.8646;2.30026;48.8526;2.33459;15
14:13:13.184;48.8583;2.31738;48.8643;2.30022;48.8523;2.33455;15
14:13:13.184;48.8582;2.31731;48.8641;2.30014;48.8522;2.33447;15
14:13:13.567;48.858;2.31726;48.864;2.30009;48.8521;2.33443;15
14:13:13.567;48.858;2.31726;48.864;2.30009;48.852;2.33443;15
14:13:13.927;48.858;2.31731;48.8639;2.30014;48.852;2.33447;15
14:13:13.928;48.8575;2.31679;48.8635;2.29962;48.8515;2.33395;15
14:13:14.231;48.857;2.31601;48.8629;2.29884;48.851;2.33318;15
14:13:14.232;48.8565;2.31537;48.8625;2.2982;48.8506;2.33253;15
14:13:14.653;48.8564;2.3149;48.8623;2.29773;48.8504;2.33206;15
14:13:14.653;48.8559;2.31494;48.8619;2.29778;48.8499;2.33211;15
14:13:15.037;48.8561;2.31314;48.8621;2.29597;48.8501;2.33031;15
14:13:15.037;48.8567;2.31296;48.8626;2.29581;48.8507;2.33014;15
14:13:15.420;48.8578;2.3131;48.8638;2.29593;48.8519;2.33026;15
14:13:15.420;48.8583;2.31331;48.8643;2.29614;48.8523;2.33047;15
14:13:15.834;48.8592;2.31369;48.8652;2.29652;48.8532;2.33086;15
14:13:15.834;48.8598;2.31314;48.8658;2.29597;48.8538;2.33031;15
14:13:16.291;48.8599;2.31296;48.8659;2.29581;48.8539;2.33014;15
14:13:16.291;48.8604;2.31322;48.8664;2.29605;48.8545;2.33038;15
14:13:17.139;48.8609;2.31378;48.8669;2.29662;48.855;2.33095;15
14:13:17.139;48.8614;2.31451;48.8674;2.29735;48.8554;2.33168;15
14:13:17.139;48.8618;2.31528;48.8678;2.29811;48.8559;2.33244;15
14:13:17.139;48.8615;2.31537;48.8675;2.2982;48.8555;2.33253;15
14:13:17.608;48.8601;2.3112;48.8661;2.29404;48.8541;2.32837;15
14:13:17.608;48.8593;2.30855;48.8653;2.29138;48.8534;2.32571;15
14:13:17.824;48.859;2.30704;48.865;2.28987;48.853;2.3242;15
14:13:18.724;48.8589;2.30679;48.8649;2.28961;48.8529;2.32394;15
14:13:19.231;48.8594;2.30237;48.8654;2.2852;48.8534;2.31953;15
14:13:19.231;48.8596;2.30168;48.8656;2.28452;48.8536;2.31885;15
14:13:20.544;48.8597;2.30043;48.8657;2.28326;48.8537;2.3176;15
14:13:20.545;48.8598;2.30005;48.8658;2.28288;48.8538;2.31721;15
14:13:20.545;48.8599;2.30005;48.8659;2.28288;48.854;2.31721;15
14:13:20.545;48.8603;2.29988;48.8662;2.28271;48.8543;2.31705;15
14:13:20.545;48.8596;2.30078;48.8656;2.28362;48.8536;2.31795;15
14:13:20.545;48.8592;2.30095;48.8652;2.28378;48.8533;2.31812;15
14:13:20.965;48.8591;2.30112;48.8651;2.28395;48.8532;2.31828;15
14:13:20.965;48.8591;2.30112;48.865;2.28395;48.8531;2.31828;15
14:13:21.364;48.859;2.30107;48.8649;2.28391;48.853;2.31824;15
14:13:21.364;48.8591;2.30095;48.8651;2.28378;48.8531;2.31812;15
14:13:21.763;48.8591;2.30104;48.8651;2.28387;48.8531;2.31821;15
14:13:21.763;48.8589;2.3009;48.8649;2.28374;48.853;2.31807;15
14:13:22.160;48.8588;2.30099;48.8647;2.28383;48.8528;2.31816;15
14:13:22.161;48.8583;2.30112;48.8643;2.28395;48.8523;2.31828;15
14:13:22.559;48.8582;2.30095;48.8641;2.28378;48.8522;2.31812;15
14:13:22.559;48.8582;2.3009;48.8642;2.28374;48.8523;2.31807;15
14:13:22.950;48.8583;2.30086;48.8643;2.28369;48.8524;2.31802;15
14:13:22.951;48.8584;2.30083;48.8644;2.28366;48.8525;2.31799;15
14:13:23.341;48.8584;2.30099;48.8643;2.28383;48.8524;2.31816;15
14:13:23.342;48.8584;2.30099;48.8643;2.28383;48.8524;2.31816;15
14:13:23.559;48.8584;2.30099;48.8643;2.28383;48.8524;2.31816;15
14:13:24.309;48.8584;2.30095;48.8643;2.28378;48.8524;2.31812;15
14:13:24.309;48.8581;2.3006;48.8641;2.28345;48.8521;2.31778;15
14:13:24.693;48.858;2.30048;48.864;2.28331;48.8521;2.31764;15
14:13:24.694;48.858;2.30038;48.8639;2.28322;48.852;2.31755;15
14:13:25.070;48.8579;2.30031;48.8638;2.28314;48.8519;2.31747;15
14:13:25.071;48.8578;2.30031;48.8638;2.28314;48.8519;2.31747;15
14:13:25.465;48.8578;2.30035;48.8638;2.28319;48.8519;2.31752;15
14:13:25.465;48.8579;2.30048;48.8638;2.28331;48.8519;2.31764;15
14:13:25.827;48.8577;2.3006;48.8637;2.28345;48.8517;2.31778;15
14:13:25.827;48.8577;2.3006;48.8637;2.28345;48.8517;2.31778;15
14:13:26.536;48.8577;2.30064;48.8637;2.28348;48.8517;2.31781;15
14:13:26.754;48.8577;2.30064;48.8637;2.28348;48.8517;2.31781;15
14:13:27.271;48.8577;2.30074;48.8637;2.28357;48.8517;2.3179;15
14:13:27.271;48.8578;2.30078;48.8637;2.28362;48.8518;2.31795;15
14:13:27.645;48.8579;2.30064;48.8639;2.28348;48.8519;2.31781;15
14:13:27.645;48.8576;2.30099;48.8636;2.28383;48.8517;2.31816;15
14:13:28.027;48.8579;2.30057;48.8639;2.2834;48.852;2.31773;15
14:13:28.028;48.858;2.30048;48.8639;2.28331;48.852;2.31764;15
14:13:28.420;48.8581;2.30043;48.8641;2.28326;48.8521;2.3176;15
14:13:28.420;48.8583;2.30043;48.8643;2.28326;48.8523;2.3176;15
14:13:28.856;48.8583;2.30043;48.8643;2.28326;48.8523;2.3176;15
14:13:29.661;48.8583;2.30043;48.8643;2.28326;48.8524;2.3176;15
14:13:29.661;48.8585;2.30026;48.8645;2.2831;48.8526;2.31743;15
14:13:29.879;48.8587;2.30017;48.8646;2.283;48.8527;2.31734;15
14:13:36.098;48.8587;2.30031;48.8646;2.28314;48.8527;2.31747;15
14:13:36.098;48.8593;2.30017;48.8652;2.283;48.8533;2.31734;15
14:13:36.511;48.8593;2.29996;48.8653;2.28279;48.8534;2.31712;15
14:13:36.512;48.8594;2.29922;48.8654;2.28207;48.8534;2.31641;15
14:13:36.895;48.8594;2.29872;48.8654;2.28156;48.8535;2.31589;15
14:13:36.896;48.8595;2.29855;48.8654;2.28137;48.8535;2.3157;15
14:13:37.293;48.8595;2.29851;48.8654;2.28134;48.8535;2.31567;15
14:13:37.294;48.8597;2.29846;48.8656;2.2813;48.8537;2.31563;15
14:13:38.293;48.8596;2.29829;48.8656;2.28113;48.8536;2.31546;15
14:13:38.699;48.8585;2.29688;48.8645;2.27971;48.8525;2.31404;15
14:13:38.699;48.8582;2.29671;48.8642;2.27954;48.8522;2.31387;15
14:13:39.042;48.8581;2.29645;48.8641;2.27928;48.8521;2.31361;15
14:13:39.043;48.8578;2.29662;48.8638;2.27945;48.8519;2.31378;15
14:13:39.387;48.8577;2.29688;48.8637;2.27971;48.8517;2.31404;15
14:13:39.387;48.8577;2.297;48.8636;2.27983;48.8517;2.31416;15
14:13:39.747;48.8575;2.29704;48.8635;2.27988;48.8516;2.31421;15
14:13:39.747;48.8574;2.29674;48.8634;2.27957;48.8514;2.3139;15
14:13:42.160;48.8574;2.29678;48.8634;2.27962;48.8514;2.31395;15
14:13:42.160;48.8576;2.29695;48.8635;2.27979;48.8516;2.31412;15
14:13:42.437;48.8576;2.29739;48.8636;2.28023;48.8517;2.31456;15
14:13:42.438;48.8576;2.29726;48.8636;2.28009;48.8517;2.31442;15
14:13:42.863;48.8577;2.29713;48.8637;2.27997;48.8517;2.3143;15
14:13:42.863;48.8578;2.29695;48.8638;2.27979;48.8518;2.31412;15
14:13:43.198;48.8578;2.29709;48.8637;2.27992;48.8518;2.31425;15
14:13:43.199;48.8578;2.29713;48.8637;2.27997;48.8518;2.3143;15
14:13:43.574;48.8578;2.29739;48.8638;2.28023;48.8518;2.31456;15
14:13:43.574;48.8578;2.29761;48.8637;2.28044;48.8518;2.31477;15
14:13:46.085;48.8577;2.29768;48.8637;2.28052;48.8517;2.31485;15
14:13:46.085;48.8575;2.29785;48.8635;2.2807;48.8515;2.31503;15
14:13:46.558;48.8575;2.29794;48.8635;2.28078;48.8515;2.31511;15
14:13:46.558;48.8573;2.29803;48.8633;2.28087;48.8514;2.3152;15
14:13:46.909;48.8573;2.29803;48.8633;2.28087;48.8514;2.3152;15
14:13:46.910;48.8573;2.29837;48.8633;2.2812;48.8513;2.31554;15
14:13:47.034;48.8573;2.29846;48.8633;2.2813;48.8513;2.31563;15
14:13:55.909;48.8573;2.29846;48.8633;2.2813;48.8513;2.31563;15
14:13:55.910;48.858;2.29877;48.864;2.2816;48.8521;2.31593;15
14:13:56.315;48.8583;2.29877;48.8643;2.2816;48.8524;2.31593;15
14:13:56.316;48.8584;2.29863;48.8644;2.28146;48.8525;2.3158;15
14:13:56.549;48.8585;2.29842;48.8644;2.28125;48.8525;2.31558;15
14:13:59.995;48.8588;2.29884;48.8648;2.28168;48.8528;2.31601;15
14:13:59.995;48.8594;2.30022;48.8654;2.28305;48.8535;2.31738;15
14:14:00.393;48.8595;2.30038;48.8655;2.28322;48.8535;2.31755;15
14:14:00.393;48.8596;2.30031;48.8655;2.28314;48.8536;2.31747;15
14:14:00.831;48.8598;2.30014;48.8657;2.28297;48.8538;2.31731;15
14:14:00.831;48.86;2.29898;48.866;2.28181;48.8541;2.31615;15
14:14:01.276;48.8601;2.29863;48.8661;2.28146;48.8541;2.3158;15
14:14:01.276;48.8602;2.29782;48.8662;2.28065;48.8543;2.31499;15
14:14:01.542;48.8605;2.29735;48.8665;2.28018;48.8545;2.31451;15
14:14:55.016;48.8605;2.29752;48.8665;2.28035;48.8545;2.31468;15
14:14:55.016;48.861;2.30064;48.8669;2.28348;48.855;2.31781;15
14:14:55.461;48.8618;2.30357;48.8677;2.28641;48.8558;2.32074;15
14:14:55.461;48.8618;2.30382;48.8678;2.28665;48.8559;2.32098;15
14:14:55.673;48.8619;2.30429;48.8679;2.28712;48.8559;2.32146;15
14:14:56.543;48.8619;2.30434;48.8679;2.28717;48.8559;2.3215;15
14:14:56.543;48.8626;2.30722;48.8686;2.29005;48.8566;2.32439;15
14:14:57.000;48.8629;2.30786;48.8689;2.2907;48.8569;2.32503;15
14:14:57.000;48.8633;2.3082;48.8693;2.29103;48.8573;2.32536;15
14:14:57.253;48.8633;2.3082;48.8693;2.29103;48.8574;2.32536;15
14:14:58.906;48.8633;2.30829;48.8693;2.29112;48.8574;2.32545;15
14:14:58.907;48.8632;2.30931;48.8692;2.29214;48.8572;2.32648;15
14:14:59.359;48.8632;2.30945;48.8692;2.29228;48.8573;2.32661;15
14:14:59.360;48.8632;2.30954;48.8692;2.29236;48.8573;2.32669;15
14:14:59.570;48.8632;2.30983;48.8692;2.29266;48.8573;2.327;15
14:15:10.609;48.8633;2.30962;48.8693;2.29245;48.8573;2.32678;15
14:15:10.609;48.8634;2.3082;48.8694;2.29103;48.8575;2.32536;15
14:15:10.787;48.8628;2.3067;48.8688;2.28954;48.8568;2.32387;15
14:15:11.515;48.8628;2.30666;48.8688;2.28949;48.8568;2.32382;15
14:15:11.516;48.8622;2.30305;48.8682;2.28589;48.8563;2.32022;15
14:15:11.945;48.8615;2.30052;48.8675;2.28336;48.8556;2.31769;15
14:15:11.945;48.8611;2.29948;48.8671;2.28232;48.8551;2.31665;15
14:15:12.344;48.861;2.29893;48.867;2.28177;48.855;2.3161;15
14:15:12.344;48.8607;2.2988;48.8667;2.28163;48.8548;2.31596;15
14:15:13.265;48.8607;2.29872;48.8667;2.28156;48.8548;2.31589;15
14:15:13.265;48.8607;2.29816;48.8666;2.28099;48.8547;2.31532;15
14:15:13.992;48.8605;2.29794;48.8665;2.28078;48.8545;2.31511;15
14:15:13.992;48.8605;2.29799;48.8665;2.28082;48.8545;2.31516;15
14:15:14.367;48.8605;2.29794;48.8665;2.28078;48.8545;2.31511;15
14:15:14.367;48.8605;2.29794;48.8665;2.28078;48.8546;2.31511;15
14:15:14.853;48.8605;2.29799;48.8665;2.28082;48.8546;2.31516;15
14:15:14.853;48.8606;2.29799;48.8665;2.28082;48.8546;2.31516;15
14:15:15.226;48.8606;2.29782;48.8666;2.28065;48.8546;2.31499;15
14:15:15.226;48.8606;2.29773;48.8666;2.28056;48.8546;2.3149;15
14:15:15.610;48.8606;2.29764;48.8666;2.28047;48.8547;2.3148;15
14:15:15.610;48.8607;2.29626;48.8667;2.2791;48.8548;2.31343;15
14:15:15.844;48.8604;2.29515;48.8663;2.27798;48.8544;2.31232;15
14:15:19.335;48.8604;2.29507;48.8663;2.27791;48.8544;2.31224;15
14:15:19.335;48.8598;2.29323;48.8658;2.27606;48.8539;2.31039;15
14:15:19.664;48.8593;2.29245;48.8653;2.27528;48.8533;2.30962;15
14:15:19.664;48.8592;2.29233;48.8652;2.27516;48.8532;2.30949;15
14:15:20.015;48.8591;2.29228;48.865;2.27512;48.8531;2.30945;15
14:15:20.015;48.8591;2.29228;48.865;2.27512;48.8531;2.30945;15
14:15:20.444;48.8591;2.29219;48.865;2.27502;48.8531;2.30936;15
14:15:20.445;48.8592;2.29155;48.8652;2.27438;48.8533;2.30872;15
14:15:20.784;48.8595;2.29082;48.8655;2.27365;48.8535;2.30798;15
14:15:20.785;48.8602;2.28966;48.8661;2.27249;48.8542;2.30682;15
14:15:20.944;48.8604;2.28902;48.8663;2.27185;48.8544;2.30618;15
14:15:22.538;48.86;2.28911;48.866;2.27194;48.8541;2.30627;15
14:15:22.539;48.8591;2.28928;48.8651;2.27211;48.8531;2.30644;15
14:15:22.813;48.8586;2.28923;48.8646;2.27206;48.8526;2.3064;15
14:15:22.814;48.8577;2.28961;48.8636;2.27246;48.8517;2.30679;15
14:15:23.153;48.8571;2.29008;48.8631;2.27292;48.8512;2.30725;15
14:15:23.154;48.8571;2.29008;48.8631;2.27292;48.8512;2.30725;15
14:15:25.112;48.8569;2.29022;48.8629;2.27306;48.851;2.30739;15
14:15:25.112;48.8558;2.28958;48.8618;2.27242;48.8498;2.30675;15
14:15:25.485;48.8551;2.28847;48.8611;2.2713;48.8492;2.30563;15
14:15:25.485;48.855;2.28786;48.861;2.27069;48.849;2.30502;15
14:15:25.736;48.8548;2.28696;48.8608;2.26979;48.8489;2.30412;15
14:15:25.736;48.8548;2.28687;48.8608;2.26971;48.8489;2.30405;15
14:15:27.992;48.8548;2.28687;48.8668;2.25253;48.8429;2.3212;14
14:15:29.413;48.8548;2.28757;48.8668;2.25323;48.8429;2.3219;14
14:15:29.413;48.8552;2.29039;48.8672;2.25606;48.8433;2.32472;14
14:15:29.663;48.8557;2.29288;48.8676;2.25854;48.8437;2.32721;14
14:15:29.663;48.8559;2.29399;48.8679;2.25966;48.844;2.32832;14
14:15:29.892;48.8561;2.29443;48.868;2.2601;48.8441;2.32877;14
14:15:29.892;48.8563;2.2952;48.8682;2.26086;48.8444;2.32953;14
14:15:30.511;48.8566;2.29692;48.8685;2.26259;48.8446;2.33125;14
14:15:30.511;48.8566;2.29742;48.8686;2.26309;48.8447;2.33176;14
14:15:30.512;48.8568;2.29803;48.8688;2.2637;48.8449;2.33237;14
14:15:30.512;48.8569;2.29837;48.8689;2.26404;48.845;2.3327;14
14:15:30.512;48.8569;2.29889;48.8689;2.26456;48.845;2.33322;14
14:15:30.512;48.857;2.29915;48.8689;2.26482;48.845;2.33348;14
14:15:30.656;48.8573;2.30078;48.8692;2.26645;48.8453;2.33511;14
14:15:31.686;48.8573;2.30078;48.8692;2.26645;48.8453;2.33511;14
14:15:31.923;48.8589;2.30009;48.8708;2.26576;48.847;2.33443;14
14:15:31.923;48.8597;2.30009;48.8717;2.26576;48.8478;2.33443;14
14:15:32.164;48.8605;2.29993;48.8724;2.26559;48.8485;2.33426;14
14:15:32.165;48.8606;2.29993;48.8725;2.26559;48.8487;2.33426;14
14:15:32.197;48.8607;2.30043;48.8727;2.2661;48.8488;2.33476;14
14:15:38.592;48.861;2.30078;48.873;2.26645;48.8491;2.33511;14
14:15:38.592;48.8614;2.30121;48.8733;2.26688;48.8494;2.33554;14
14:15:38.842;48.8617;2.30164;48.8736;2.2673;48.8497;2.33597;14
14:15:38.842;48.8618;2.3018;48.8737;2.26747;48.8498;2.33614;14
14:15:39.107;48.8618;2.30197;48.8738;2.26764;48.8499;2.3363;14
14:15:39.108;48.8618;2.30215;48.8738;2.26782;48.8499;2.33649;14
14:15:39.311;48.8619;2.30232;48.8738;2.26799;48.8499;2.33665;14
14:15:39.311;48.8619;2.30232;48.8739;2.26799;48.85;2.33665;14
14:15:39.554;48.8622;2.30241;48.8742;2.26808;48.8503;2.33675;14
14:15:39.555;48.8622;2.30241;48.8742;2.26808;48.8503;2.33675;14
14:15:39.659;48.8623;2.30232;48.8742;2.26799;48.8503;2.33665;14
14:15:39.967;48.8622;2.30232;48.8742;2.26799;48.8503;2.33665;14
14:15:39.967;48.8622;2.30241;48.8742;2.26808;48.8503;2.33675;14
14:15:40.178;48.8622;2.30249;48.8742;2.26816;48.8503;2.33682;14
14:15:40.178;48.8625;2.30241;48.8744;2.26808;48.8505;2.33675;14
14:15:40.421;48.8633;2.30197;48.8752;2.26764;48.8513;2.3363;14
14:15:40.421;48.8633;2.30197;48.8752;2.26764;48.8514;2.3363;14
14:15:40.631;48.8634;2.3019;48.8753;2.26756;48.8514;2.33623;14
14:15:40.631;48.8634;2.3019;48.8753;2.26756;48.8514;2.33623;14
14:15:40.746;48.8633;2.3019;48.8752;2.26756;48.8513;2.33623;14
14:15:41.068;48.8631;2.30197;48.875;2.26764;48.8511;2.3363;14
14:15:41.069;48.8631;2.30197;48.875;2.26764;48.8511;2.3363;14
14:15:41.338;48.8631;2.3018;48.8751;2.26747;48.8512;2.33614;14
14:15:41.339;48.8631;2.3018;48.8751;2.26747;48.8512;2.33614;14
14:15:41.430;48.8633;2.30197;48.8752;2.26764;48.8513;2.3363;14
14:15:41.693;48.8633;2.30197;48.8752;2.26764;48.8513;2.3363;14
14:15:41.693;48.8631;2.30223;48.8751;2.2679;48.8512;2.33656;14
14:15:41.943;48.8631;2.30223;48.8751;2.2679;48.8512;2.33656;14
14:15:41.943;48.8631;2.30223;48.8751;2.2679;48.8512;2.33656;14
14:15:42.178;48.8632;2.30206;48.8751;2.26773;48.8512;2.3364;14
14:15:42.178;48.8631;2.30206;48.8751;2.26773;48.8512;2.3364;14
14:15:42.421;48.8631;2.30206;48.8751;2.26773;48.8512;2.3364;14
14:15:42.421;48.8631;2.30223;48.875;2.2679;48.8511;2.33656;14
14:15:42.670;48.8631;2.30223;48.875;2.2679;48.8511;2.33656;14
14:15:42.670;48.8631;2.30223;48.875;2.2679;48.8511;2.33656;14
14:15:42.778;48.8631;2.30223;48.875;2.2679;48.8511;2.33656;14
14:15:43.045;48.8631;2.30223;48.875;2.2679;48.8511;2.33656;14
14:15:43.045;48.8631;2.30258;48.875;2.26825;48.8511;2.33691;14
14:15:43.153;48.863;2.30284;48.875;2.26851;48.8511;2.33717;14
14:15:44.412;48.863;2.30232;48.875;2.26799;48.8511;2.33665;14
14:15:44.413;48.8632;2.30232;48.8751;2.26799;48.8512;2.33665;14
14:15:44.654;48.8634;2.30292;48.8754;2.26859;48.8515;2.33725;14
14:15:44.654;48.8635;2.30318;48.8755;2.26884;48.8516;2.33751;14
14:15:44.904;48.8636;2.30353;48.8755;2.2692;48.8516;2.33786;14
14:15:44.905;48.8634;2.3037;48.8754;2.26936;48.8515;2.33803;14
14:15:45.154;48.8638;2.30353;48.8758;2.2692;48.8519;2.33786;14
14:15:45.154;48.8638;2.30386;48.8758;2.26953;48.8519;2.3382;14
14:15:46.274;48.8638;2.30386;48.8698;2.2867;48.8578;2.32103;15
14:16:15.036;48.8638;2.30386;48.8698;2.2867;48.8578;2.32103;15
14:16:15.505;48.8636;2.30516;48.8696;2.28799;48.8576;2.32233;15
14:16:15.506;48.8636;2.30592;48.8695;2.28876;48.8576;2.32309;15
14:16:15.755;48.8634;2.30661;48.8694;2.28944;48.8574;2.32378;15
14:16:17.434;48.8634;2.30661;48.8694;2.28944;48.8574;2.32378;15
14:16:17.434;48.8631;2.30765;48.8691;2.29048;48.8572;2.32481;15
14:16:17.903;48.8631;2.30786;48.8691;2.2907;48.8571;2.32503;15
14:16:17.903;48.8631;2.30824;48.8691;2.29108;48.8571;2.32541;15
14:16:18.382;48.8634;2.30867;48.8694;2.2915;48.8574;2.32584;15
14:16:18.383;48.8626;2.30914;48.8685;2.29198;48.8566;2.32631;15
14:16:18.811;48.8623;2.3094;48.8683;2.29224;48.8563;2.32657;15
14:16:18.811;48.8622;2.3094;48.8682;2.29224;48.8562;2.32657;15
14:16:19.208;48.8619;2.30936;48.8679;2.29219;48.856;2.32652;15
14:16:19.208;48.8622;2.30962;48.8682;2.29245;48.8562;2.32678;15
14:16:19.428;48.8622;2.30962;48.8682;2.29245;48.8563;2.32678;15
14:16:19.685;48.8622;2.30966;48.8682;2.2925;48.8563;2.32683;15
14:16:19.965;48.8622;2.30971;48.8682;2.29254;48.8563;2.32687;15
14:16:20.395;48.8623;2.30971;48.8682;2.29254;48.8563;2.32687;15
14:16:20.395;48.8623;2.30975;48.8682;2.29259;48.8563;2.32692;15
14:16:20.622;48.8623;2.31004;48.8683;2.29288;48.8563;2.32721;15
14:16:23.856;48.8622;2.31021;48.8682;2.29306;48.8562;2.32739;15
14:16:23.856;48.8614;2.30838;48.8674;2.29121;48.8555;2.32555;15
14:16:24.332;48.8607;2.30746;48.8667;2.29031;48.8547;2.32465;15
14:16:24.333;48.8605;2.30704;48.8665;2.28987;48.8546;2.3242;15
14:16:25.075;48.8605;2.30649;48.8664;2.28932;48.8545;2.32365;15
14:16:25.075;48.8605;2.30602;48.8665;2.28885;48.8545;2.32318;15
14:16:25.473;48.8609;2.30443;48.8668;2.28726;48.8549;2.32159;15
14:16:25.474;48.8609;2.30426;48.8669;2.28709;48.8549;2.32143;15
14:16:27.582;48.8609;2.30412;48.8669;2.28696;48.8549;2.32129;15
14:16:27.582;48.8595;2.30464;48.8655;2.28748;48.8535;2.32181;15
14:16:28.020;48.8589;2.30464;48.8649;2.28748;48.8529;2.32181;15
14:16:28.020;48.8585;2.30481;48.8645;2.28764;48.8525;2.32198;15
14:16:28.254;48.8583;2.30476;48.8643;2.2876;48.8523;2.32193;15
14:16:28.520;48.8583;2.30469;48.8643;2.28752;48.8523;2.32185;15
14:16:30.955;48.8585;2.30481;48.8644;2.28764;48.8525;2.32198;15
14:16:30.956;48.8605;2.30498;48.8664;2.28781;48.8545;2.32214;15
14:16:31.410;48.8611;2.30545;48.8671;2.28828;48.8551;2.32262;15
14:16:31.411;48.8615;2.3055;48.8675;2.28833;48.8555;2.32266;15
14:16:31.900;48.8615;2.3055;48.8675;2.28833;48.8556;2.32266;15
14:16:31.900;48.8615;2.30554;48.8675;2.28838;48.8556;2.32271;15
14:16:32.332;48.8619;2.3055;48.8678;2.28833;48.8559;2.32266;15
14:16:32.332;48.8618;2.30559;48.8677;2.28842;48.8558;2.32275;15
14:16:32.762;48.8617;2.30559;48.8677;2.28842;48.8558;2.32275;15
14:16:32.762;48.8617;2.30559;48.8677;2.28842;48.8557;2.32275;15
14:16:32.996;48.8617;2.3055;48.8676;2.28833;48.8557;2.32266;15
14:16:33.590;48.8617;2.3055;48.8676;2.28833;48.8557;2.32266;15
14:16:33.590;48.8617;2.30545;48.8676;2.28828;48.8557;2.32262;15
14:16:34.043;48.8617;2.30545;48.8677;2.28828;48.8557;2.32262;15
14:16:34.043;48.8617;2.3055;48.8677;2.28833;48.8557;2.32266;15
14:16:34.489;48.8617;2.30554;48.8677;2.28838;48.8557;2.32271;15
14:16:34.489;48.8617;2.30554;48.8677;2.28838;48.8558;2.32271;15
14:16:34.738;48.8618;2.30554;48.8677;2.28838;48.8558;2.32271;15
14:16:35.223;48.8618;2.30554;48.8677;2.28838;48.8558;2.32271;15
14:16:35.810;48.8618;2.30554;48.8677;2.28838;48.8558;2.32271;15
14:16:35.810;48.8621;2.30542;48.8681;2.28824;48.8561;2.32257;15
14:16:36.468;48.8623;2.30563;48.8683;2.28847;48.8564;2.3228;15
14:16:36.469;48.8618;2.30533;48.8677;2.28816;48.8558;2.32249;15
14:16:36.469;48.8618;2.30511;48.8678;2.28795;48.8559;2.32228;15
14:16:36.902;48.8619;2.30528;48.8679;2.28812;48.8559;2.32245;15
14:16:36.903;48.8618;2.30528;48.8678;2.28812;48.8558;2.32245;15
14:16:37.340;48.8621;2.30511;48.8681;2.28795;48.8561;2.32228;15
14:16:37.340;48.8621;2.30516;48.8681;2.28799;48.8562;2.32233;15
14:16:37.787;48.8622;2.30537;48.8681;2.28821;48.8562;2.32254;15
14:16:37.787;48.8623;2.3055;48.8683;2.28833;48.8563;2.32266;15
14:16:38.238;48.8624;2.3055;48.8683;2.28833;48.8564;2.32266;15
14:16:38.238;48.8623;2.30545;48.8683;2.28828;48.8564;2.32262;15
14:16:38.684;48.8624;2.30554;48.8684;2.28838;48.8565;2.32271;15
14:16:38.684;48.8625;2.30566;48.8685;2.2885;48.8565;2.32283;15
14:16:39.387;48.8625;2.30585;48.8685;2.28868;48.8565;2.32301;15
14:16:39.387;48.8625;2.30602;48.8685;2.28885;48.8565;2.32318;15
14:16:45.435;48.8625;2.3058;48.8685;2.28864;48.8566;2.32297;15
14:16:45.435;48.8627;2.30173;48.8687;2.28456;48.8568;2.31889;15
14:16:46.057;48.8619;2.29967;48.8679;2.2825;48.856;2.31683;15
14:16:46.057;48.8617;2.29889;48.8677;2.28172;48.8557;2.31606;15
14:16:46.057;48.8616;2.2991;48.8676;2.28194;48.8557;2.31627;15
14:16:46.755;48.8615;2.29919;48.8675;2.28203;48.8555;2.31636;15
14:16:46.756;48.8601;2.29962;48.8661;2.28246;48.8541;2.31679;15
14:16:47.168;48.8589;2.29996;48.8649;2.28279;48.8529;2.31712;15
14:16:47.168;48.8583;2.30009;48.8643;2.28293;48.8524;2.31726;15
14:16:47.575;48.8582;2.30035;48.8642;2.28319;48.8522;2.31752;15
14:16:47.575;48.8578;2.30064;48.8638;2.28348;48.8518;2.31781;15
14:16:50.878;48.8575;2.30095;48.8635;2.28378;48.8515;2.31812;15
14:16:50.878;48.8568;2.30154;48.8628;2.28438;48.8508;2.31871;15
14:16:51.237;48.8566;2.30176;48.8626;2.28459;48.8506;2.31892;15
14:16:51.238;48.8564;2.30206;48.8624;2.2849;48.8505;2.31923;15
14:16:51.441;48.8564;2.30211;48.8624;2.28494;48.8505;2.31927;15
14:16:52.644;48.8564;2.30223;48.8624;2.28506;48.8505;2.3194;15
14:16:52.644;48.8562;2.30249;48.8622;2.28532;48.8502;2.31966;15
14:16:52.863;48.8563;2.30275;48.8622;2.28558;48.8503;2.31992;15
14:16:54.527;48.8563;2.30275;48.8592;2.29417;48.8533;2.31134;16
14:17:14.004;48.8562;2.30267;48.8592;2.29408;48.8533;2.31125;16
14:17:14.108;48.8561;2.30249;48.8591;2.29391;48.8531;2.31108;16
14:17:14.109;48.8561;2.30247;48.859;2.29388;48.8531;2.31104;16
14:17:14.301;48.856;2.30244;48.859;2.29387;48.8531;2.31104;16
14:17:14.301;48.8561;2.30244;48.8591;2.29387;48.8531;2.31104;16
14:17:16.135;48.8561;2.30241;48.8591;2.29382;48.8531;2.31099;16
14:17:16.261;48.8562;2.30115;48.8591;2.29256;48.8532;2.30971;16
14:17:16.261;48.8561;2.30067;48.8591;2.29208;48.8531;2.30923;16
14:17:16.549;48.8561;2.3002;48.8591;2.29161;48.8531;2.30876;16
14:17:16.549;48.8561;2.3;48.8591;2.29143;48.8531;2.30859;16
14:17:16.752;48.8561;2.29968;48.8591;2.29111;48.8531;2.30824;16
14:17:16.752;48.8561;2.29964;48.8591;2.29106;48.8531;2.3082;16
14:17:16.867;48.8561;2.29959;48.8591;2.29102;48.8531;2.30817;16
14:17:17.174;48.8561;2.29959;48.8591;2.29102;48.8531;2.30817;16
14:17:17.175;48.8561;2.2997;48.859;2.29112;48.8531;2.30829;16
14:17:19.065;48.856;2.29964;48.859;2.29106;48.853;2.3082;16
14:17:19.065;48.8562;2.29942;48.8591;2.29085;48.8532;2.30798;16
14:17:19.256;48.8567;2.29893;48.8596;2.29034;48.8537;2.30751;16
14:17:19.257;48.8567;2.29893;48.8596;2.29034;48.8537;2.30751;16
14:17:19.955;48.8565;2.29941;48.8595;2.29082;48.8535;2.30798;16
14:17:19.955;48.8563;2.29974;48.8593;2.29117;48.8534;2.30833;16
14:17:19.955;48.856;2.30017;48.859;2.2916;48.853;2.30876;16
14:17:19.955;48.856;2.30028;48.8589;2.2917;48.853;2.30884;16
14:17:19.956;48.8557;2.30058;48.8587;2.29201;48.8527;2.30914;16
14:17:19.956;48.8557;2.30067;48.8586;2.29208;48.8527;2.30923;16
14:17:20.244;48.8554;2.30086;48.8584;2.29228;48.8525;2.30945;16
14:17:20.245;48.8554;2.3009;48.8584;2.29233;48.8524;2.30949;16
14:17:20.523;48.8554;2.30093;48.8584;2.29234;48.8524;2.30949;16
14:17:20.523;48.8554;2.30096;48.8584;2.29239;48.8524;2.30954;16
14:17:20.641;48.8554;2.30093;48.8584;2.29234;48.8524;2.30949;16
14:17:20.641;48.8554;2.3009;48.8584;2.29233;48.8524;2.30949;16
14:17:20.759;48.8554;2.30089;48.8584;2.2923;48.8524;2.30945;16
14:17:20.968;48.8554;2.30089;48.8583;2.2923;48.8524;2.30945;16
14:17:20.968;48.8553;2.30084;48.8583;2.29225;48.8524;2.3094;16
14:17:21.220;48.8554;2.30038;48.8583;2.29181;48.8524;2.30898;16
14:17:21.221;48.8557;2.2997;48.8587;2.29112;48.8527;2.30829;16
14:17:21.431;48.8562;2.29858;48.8591;2.29001;48.8532;2.30717;16
14:17:21.432;48.8564;2.2981;48.8593;2.28951;48.8534;2.30666;16
14:17:21.643;48.8564;2.2979;48.8594;2.28932;48.8535;2.30649;16
14:17:21.643;48.8565;2.29782;48.8595;2.28923;48.8535;2.3064;16
14:17:21.854;48.8565;2.29778;48.8595;2.28918;48.8535;2.30635;16
14:17:21.854;48.8565;2.29767;48.8595;2.28908;48.8535;2.30623;16
14:17:22.064;48.8566;2.29747;48.8596;2.28889;48.8536;2.30606;16
14:17:22.064;48.8567;2.29747;48.8597;2.28889;48.8537;2.30606;16
14:17:22.279;48.8565;2.29767;48.8595;2.28908;48.8535;2.30623;16
14:17:22.279;48.8565;2.29767;48.8595;2.28908;48.8535;2.30623;16
14:17:22.486;48.8566;2.29739;48.8596;2.2888;48.8536;2.30597;16
14:17:22.487;48.8566;2.29739;48.8596;2.2888;48.8536;2.30597;16
14:17:22.689;48.8566;2.29736;48.8596;2.28879;48.8536;2.30592;16
14:17:22.689;48.8566;2.29732;48.8596;2.28874;48.8536;2.30588;16
14:17:22.900;48.8566;2.29739;48.8595;2.2888;48.8536;2.30597;16
14:17:22.900;48.8565;2.29741;48.8595;2.28882;48.8535;2.30597;16
14:17:23.005;48.8565;2.29753;48.8595;2.28896;48.8535;2.30609;16
14:17:35.384;48.8565;2.29756;48.8595;2.28897;48.8535;2.30614;16
14:17:35.384;48.8564;2.29774;48.8593;2.28917;48.8534;2.30632;16
14:17:35.603;48.8561;2.29808;48.8591;2.28949;48.8531;2.30666;16
14:17:35.603;48.8561;2.29814;48.8591;2.28955;48.8531;2.3067;16
14:17:35.822;48.856;2.2982;48.859;2.28961;48.8531;2.30679;16
14:17:35.822;48.856;2.29822;48.859;2.28964;48.8531;2.30679;16
14:17:36.095;48.856;2.29822;48.859;2.28964;48.853;2.30679;16
14:17:36.169;48.856;2.2982;48.859;2.28961;48.853;2.30679;16
14:17:36.485;48.856;2.29816;48.859;2.28958;48.853;2.30675;16
14:17:36.486;48.856;2.2981;48.859;2.28951;48.853;2.30666;16
14:17:36.751;48.856;2.2981;48.859;2.28951;48.853;2.30666;16
14:17:36.751;48.856;2.2981;48.859;2.28951;48.853;2.30666;16
14:17:36.962;48.856;2.2981;48.859;2.28951;48.853;2.30666;16
14:17:36.962;48.856;2.2981;48.859;2.28951;48.8531;2.30666;16
14:17:37.036;48.856;2.29808;48.859;2.28949;48.8531;2.30666;16
14:17:54.852;48.8559;2.29819;48.8589;2.2896;48.853;2.30675;16
14:17:54.852;48.8556;2.29855;48.8586;2.28996;48.8526;2.30713;16
14:17:55.102;48.8551;2.29909;48.8581;2.2905;48.8521;2.30765;16
14:17:55.102;48.8548;2.29941;48.8578;2.29082;48.8518;2.30798;16
14:17:55.328;48.8547;2.29968;48.8577;2.29111;48.8517;2.30824;16
14:17:55.328;48.8546;2.2998;48.8576;2.29123;48.8517;2.30838;16
14:17:55.542;48.8546;2.3;48.8576;2.29143;48.8516;2.30859;16
14:17:55.542;48.8546;2.30003;48.8576;2.29144;48.8516;2.30859;16
14:17:55.758;48.8546;2.30037;48.8576;2.29179;48.8517;2.30893;16
14:17:55.758;48.8547;2.30042;48.8576;2.29182;48.8517;2.30898;16
14:17:55.869;48.8547;2.30054;48.8577;2.29196;48.8517;2.3091;16
14:17:55.869;48.8548;2.30054;48.8577;2.29196;48.8518;2.3091;16
14:18:08.922;48.8548;2.30054;48.8577;2.29196;48.8518;2.3091;16
14:18:08.922;48.8551;2.3011;48.8581;2.29251;48.8522;2.30966;16
14:18:09.171;48.8554;2.30159;48.8584;2.29301;48.8525;2.31018;16
14:18:09.172;48.8555;2.30168;48.8585;2.29309;48.8526;2.31026;16
14:18:09.374;48.8556;2.30174;48.8586;2.29317;48.8526;2.3103;16
14:18:09.375;48.8556;2.30197;48.8586;2.2934;48.8526;2.31056;16
14:18:09.451;48.8557;2.30222;48.8586;2.29362;48.8527;2.31078;16
14:18:09.451;48.8557;2.30244;48.8586;2.29387;48.8527;2.31104;16
14:18:09.776;48.8557;2.30275;48.8587;2.29417;48.8527;2.31134;16
14:18:09.776;48.8557;2.30295;48.8587;2.29436;48.8527;2.31151;16
14:18:09.945;48.8558;2.30322;48.8587;2.29465;48.8528;2.31181;16
14:18:09.945;48.8558;2.30339;48.8588;2.29482;48.8528;2.31198;16
14:18:10.020;48.856;2.30371;48.859;2.29514;48.853;2.31229;16
14:18:10.836;48.856;2.30371;48.859;2.29514;48.853;2.31229;16
14:18:10.836;48.8562;2.30339;48.8592;2.29482;48.8532;2.31198;16
14:18:11.055;48.8566;2.30223;48.8596;2.29366;48.8536;2.31082;16
14:18:11.055;48.8569;2.30162;48.8599;2.29303;48.854;2.31018;16
14:18:11.273;48.8571;2.30096;48.8601;2.29239;48.8541;2.30954;16
14:18:11.274;48.8572;2.3006;48.8602;2.29202;48.8542;2.30919;16
14:18:11.478;48.8573;2.3002;48.8603;2.29161;48.8544;2.30876;16
14:18:11.478;48.8573;2.30003;48.8602;2.29144;48.8543;2.30859;16
14:18:11.582;48.8572;2.29985;48.8602;2.29128;48.8542;2.30841;16
14:18:11.582;48.8572;2.29985;48.8601;2.29128;48.8542;2.30841;16
14:18:11.712;48.8571;2.2998;48.8601;2.29123;48.8541;2.30838;16
14:18:12.040;48.8571;2.2998;48.8601;2.29123;48.8541;2.30838;16
14:18:12.040;48.8571;2.29985;48.8601;2.29128;48.8541;2.30841;16
14:18:12.250;48.8571;2.29985;48.8601;2.29128;48.8541;2.30841;16
14:18:12.250;48.8571;2.29985;48.86;2.29128;48.8541;2.30841;16
14:18:12.460;48.857;2.29985;48.86;2.29128;48.854;2.30841;16
14:18:12.461;48.8569;2.29985;48.8599;2.29128;48.854;2.30841;16
14:18:12.648;48.857;2.2998;48.86;2.29123;48.854;2.30838;16
14:18:12.648;48.857;2.29974;48.86;2.29117;48.854;2.30833;16
14:18:12.851;48.857;2.29974;48.86;2.29117;48.854;2.30833;16
14:18:12.851;48.857;2.29974;48.8599;2.29117;48.854;2.30833;16
14:18:13.073;48.8569;2.29979;48.8599;2.29121;48.854;2.30838;16
14:18:13.073;48.8569;2.29979;48.8599;2.29121;48.854;2.30838;16
14:18:13.288;48.8569;2.2998;48.8599;2.29123;48.854;2.30838;16
14:18:13.289;48.8569;2.2998;48.8599;2.29123;48.854;2.30838;16
14:18:13.399;48.8569;2.2998;48.8599;2.29123;48.854;2.30838;16
14:18:13.569;48.8569;2.29984;48.8599;2.29124;48.854;2.30841;16
14:18:13.570;48.8569;2.29984;48.8599;2.29124;48.854;2.30841;16
14:18:13.827;48.8569;2.29984;48.8599;2.29124;48.854;2.30841;16
14:18:13.828;48.8569;2.2998;48.8599;2.29123;48.854;2.30838;16
14:18:13.912;48.857;2.29974;48.86;2.29117;48.854;2.30833;16
14:18:14.351;48.857;2.29974;48.86;2.29117;48.854;2.30833;16
14:18:14.351;48.857;2.29977;48.86;2.29118;48.854;2.30833;16
14:18:14.435;48.8569;2.2998;48.8599;2.29123;48.8539;2.30838;16
14:18:14.862;48.8569;2.2998;48.8599;2.29123;48.8539;2.30838;16
14:18:14.863;48.8569;2.2998;48.8599;2.29123;48.8539;2.30838;16
14:18:15.125;48.8569;2.2998;48.8599;2.29123;48.8539;2.30838;16
14:18:15.343;48.8569;2.29984;48.8599;2.29124;48.8539;2.30841;16
14:18:15.344;48.8569;2.29984;48.8598;2.29124;48.8539;2.30841;16
14:18:15.555;48.857;2.30009;48.86;2.2915;48.854;2.30867;16
14:18:15.555;48.8569;2.29988;48.8599;2.29129;48.854;2.30846;16
14:18:15.773;48.8569;2.29988;48.8599;2.29129;48.8539;2.30846;16
14:18:15.773;48.8569;2.29985;48.8599;2.29128;48.8539;2.30841;16
14:18:15.982;48.8569;2.29985;48.8599;2.29128;48.8539;2.30841;16
14:18:15.983;48.8568;2.29985;48.8598;2.29128;48.8539;2.30841;16
14:18:16.065;48.8568;2.29984;48.8598;2.29124;48.8538;2.30841;16
14:18:16.256;48.8568;2.29984;48.8598;2.29124;48.8538;2.30841;16
14:18:16.256;48.8568;2.29985;48.8598;2.29128;48.8538;2.30841;16
14:18:16.535;48.8568;2.29984;48.8598;2.29124;48.8538;2.30841;16
14:18:16.535;48.8568;2.29984;48.8598;2.29124;48.8539;2.30841;16
14:18:16.584;48.8569;2.29988;48.8599;2.29129;48.8539;2.30846;16
14:18:17.455;48.8569;2.29988;48.8629;2.28271;48.8509;2.31705;15
14:18:20.000;48.8567;2.29996;48.8627;2.28279;48.8507;2.31712;15
14:18:20.000;48.8558;2.30305;48.8618;2.28589;48.8498;2.32022;15
14:18:20.352;48.8561;2.30817;48.8621;2.29099;48.8501;2.32532;15
14:18:20.352;48.8561;2.30833;48.8621;2.29117;48.8502;2.3255;15
14:18:21.499;48.8561;2.30872;48.8621;2.29155;48.8502;2.32588;15
14:18:21.499;48.8562;2.30919;48.8621;2.29202;48.8502;2.32635;15
14:18:21.499;48.8558;2.30971;48.8618;2.29254;48.8498;2.32687;15
14:18:21.499;48.8544;2.31018;48.8604;2.29301;48.8484;2.32735;15
14:18:21.499;48.8533;2.31035;48.8593;2.29318;48.8474;2.32751;15
14:18:21.499;48.8532;2.31039;48.8591;2.29323;48.8472;2.32756;15
14:18:21.946;48.8532;2.31044;48.8592;2.29327;48.8473;2.32761;15
14:18:21.946;48.8532;2.3103;48.8592;2.29314;48.8473;2.32747;15
14:18:22.310;48.853;2.30997;48.8589;2.2928;48.847;2.32713;15
14:18:22.311;48.8529;2.30997;48.8588;2.2928;48.8469;2.32713;15
14:18:22.667;48.853;2.30975;48.859;2.29259;48.8471;2.32692;15
14:18:22.668;48.8542;2.31047;48.8601;2.2933;48.8482;2.32764;15
14:18:23.023;48.8546;2.31052;48.8606;2.29335;48.8486;2.32768;15
14:18:23.024;48.855;2.31082;48.8609;2.29366;48.849;2.32799;15
14:18:23.955;48.855;2.31087;48.861;2.2937;48.849;2.32803;15
14:18:24.343;48.8557;2.31322;48.8616;2.29605;48.8497;2.33038;15
14:18:24.343;48.8559;2.31416;48.8619;2.297;48.8499;2.33133;15
14:18:25.399;48.8563;2.31516;48.8623;2.29799;48.8504;2.33232;15
14:18:25.399;48.8568;2.31558;48.8628;2.29842;48.8508;2.33275;15
14:18:25.399;48.8569;2.31738;48.8629;2.30022;48.8509;2.33455;15
14:18:25.399;48.8568;2.31885;48.8627;2.30168;48.8508;2.33601;15
14:18:25.400;48.857;2.3203;48.863;2.30313;48.851;2.33746;15
14:18:25.400;48.8569;2.32098;48.8629;2.30382;48.8509;2.33815;15
14:18:26.437;48.857;2.32103;48.863;2.30386;48.8511;2.3382;15
14:18:26.437;48.8581;2.32254;48.864;2.30537;48.8521;2.33971;15
14:18:26.822;48.8586;2.3237;48.8646;2.30653;48.8527;2.34087;15
14:18:26.822;48.8587;2.32391;48.8647;2.30675;48.8528;2.34108;15
14:18:27.117;48.8588;2.32391;48.8647;2.30675;48.8528;2.34108;15
14:18:27.118;48.8588;2.32394;48.8648;2.30679;48.8528;2.34113;15
14:18:27.365;48.8588;2.32399;48.8648;2.30682;48.8528;2.34116;15
14:18:27.819;48.8588;2.32413;48.8648;2.30696;48.8529;2.34129;15
14:18:27.820;48.8589;2.3243;48.8649;2.30713;48.853;2.34146;15
14:18:28.134;48.8591;2.32465;48.8651;2.30746;48.8532;2.3418;15
14:18:28.134;48.8592;2.32481;48.8652;2.30765;48.8532;2.34198;15
14:18:28.298;48.8593;2.32489;48.8653;2.30772;48.8533;2.34206;15
14:18:28.563;48.8593;2.32494;48.8653;2.30777;48.8533;2.3421;15
14:18:28.999;48.8593;2.32503;48.8653;2.30786;48.8534;2.34219;15
14:18:29.000;48.8595;2.3252;48.8655;2.30803;48.8536;2.34236;15
14:18:29.264;48.8602;2.3261;48.8661;2.30893;48.8542;2.34326;15
14:18:29.265;48.8605;2.32704;48.8665;2.30988;48.8545;2.34421;15
14:18:29.569;48.8607;2.32768;48.8667;2.31052;48.8547;2.34485;15
14:18:29.569;48.861;2.32867;48.8669;2.31151;48.855;2.34584;15
14:18:29.715;48.8612;2.32927;48.8672;2.3121;48.8552;2.34644;15
14:18:30.749;48.8614;2.32927;48.8674;2.3121;48.8554;2.34644;15
14:18:30.749;48.8625;2.33005;48.8684;2.31288;48.8565;2.34721;15
14:18:31.023;48.8629;2.33073;48.8689;2.31357;48.8569;2.3479;15
14:18:31.023;48.8632;2.33086;48.8691;2.31369;48.8572;2.34802;15
14:18:31.327;48.8633;2.33107;48.8693;2.3139;48.8573;2.34824;15
14:18:31.327;48.8634;2.33138;48.8694;2.31421;48.8574;2.34854;15
14:18:31.640;48.8636;2.33163;48.8696;2.31447;48.8576;2.3488;15
14:18:31.640;48.8638;2.33194;48.8698;2.31477;48.8578;2.34911;15
14:18:31.930;48.8639;2.33249;48.8699;2.31532;48.858;2.34966;15
14:18:31.930;48.8641;2.33296;48.87;2.3158;48.8581;2.35013;15
14:18:32.178;48.8643;2.33353;48.8703;2.31636;48.8584;2.35069;15
14:18:32.179;48.8645;2.33386;48.8705;2.3167;48.8585;2.35103;15
14:18:32.343;48.8646;2.33408;48.8706;2.31691;48.8586;2.35124;15
14:18:33.257;48.8648;2.33403;48.8708;2.31686;48.8588;2.3512;15
14:18:33.257;48.8661;2.33279;48.8721;2.31563;48.8601;2.34996;15
14:18:33.523;48.8672;2.33163;48.8732;2.31447;48.8613;2.3488;15
14:18:33.523;48.8676;2.33125;48.8736;2.31409;48.8616;2.34842;15
14:18:33.811;48.8679;2.33099;48.8739;2.31383;48.8619;2.34816;15
14:18:33.812;48.868;2.33078;48.874;2.31361;48.862;2.34795;15
14:18:34.033;48.8681;2.33078;48.874;2.31361;48.8621;2.34795;15
14:18:35.155;48.8681;2.33073;48.8741;2.31357;48.8621;2.3479;15
14:18:35.155;48.8689;2.32851;48.8749;2.31134;48.863;2.34567;15
14:18:35.554;48.8693;2.32489;48.8753;2.30772;48.8633;2.34206;15
14:18:35.555;48.8696;2.32304;48.8755;2.30588;48.8636;2.34021;15
14:18:35.742;48.8697;2.3224;48.8756;2.30524;48.8637;2.33957;15
14:18:36.780;48.8697;2.32224;48.8756;2.30507;48.8637;2.3394;15
14:18:36.780;48.871;2.31987;48.8769;2.3027;48.865;2.33704;15
14:18:37.203;48.8722;2.31781;48.8782;2.30064;48.8662;2.33498;15
14:18:37.203;48.8727;2.3167;48.8787;2.29953;48.8668;2.33386;15
14:18:37.525;48.873;2.31641;48.8789;2.29922;48.867;2.33356;15
14:18:37.991;48.8717;2.31506;48.8777;2.2979;48.8657;2.33223;15
14:18:37.991;48.8708;2.31421;48.8767;2.29704;48.8648;2.33138;15
14:18:38.491;48.8703;2.31352;48.8763;2.29636;48.8643;2.33069;15
14:18:38.491;48.8699;2.31331;48.8759;2.29614;48.864;2.33047;15
14:18:39.812;48.8693;2.31335;48.8752;2.29619;48.8633;2.33052;15
14:18:39.812;48.8683;2.31366;48.8742;2.29648;48.8623;2.33081;15
14:18:39.812;48.8676;2.31421;48.8736;2.29704;48.8617;2.33138;15
14:18:39.813;48.8672;2.31442;48.8732;2.29726;48.8612;2.33159;15
14:18:39.813;48.8668;2.31468;48.8728;2.29752;48.8608;2.33185;15
14:18:39.813;48.8666;2.31468;48.8726;2.29752;48.8607;2.33185;15
14:18:40.077;48.8665;2.31503;48.8725;2.29785;48.8605;2.33218;15
14:18:41.139;48.8665;2.31503;48.8724;2.29785;48.8605;2.33218;15
14:18:41.139;48.8662;2.31374;48.8721;2.29657;48.8602;2.3309;15
14:18:41.585;48.8663;2.31206;48.8722;2.29489;48.8603;2.32922;15
14:18:41.585;48.866;2.31104;48.872;2.29387;48.8601;2.3282;15
14:18:42.014;48.8656;2.31044;48.8716;2.29327;48.8596;2.32761;15
14:18:42.014;48.865;2.31052;48.871;2.29335;48.859;2.32768;15
14:18:42.264;48.8648;2.31068;48.8707;2.29352;48.8588;2.32785;15
14:18:43.101;48.8647;2.31068;48.8707;2.29352;48.8588;2.32785;15
14:18:43.592;48.8627;2.30992;48.8687;2.29276;48.8568;2.32709;15
14:18:43.592;48.8622;2.30971;48.8682;2.29254;48.8562;2.32687;15
14:18:44.027;48.862;2.30975;48.868;2.29259;48.856;2.32692;15
14:18:44.028;48.8619;2.30983;48.8679;2.29266;48.856;2.327;15
14:18:44.212;48.8617;2.30997;48.8676;2.2928;48.8557;2.32713;15
14:18:45.218;48.8617;2.30988;48.8676;2.29271;48.8557;2.32704;15
14:18:45.702;48.8615;2.30644;48.8675;2.28928;48.8555;2.32361;15
14:18:45.702;48.8608;2.30502;48.8667;2.28786;48.8548;2.32219;15
14:18:46.139;48.8602;2.30405;48.8662;2.28687;48.8543;2.3212;15
14:18:46.139;48.86;2.30357;48.866;2.28641;48.854;2.32074;15
14:18:46.568;48.8596;2.30292;48.8656;2.28575;48.8536;2.32008;15
14:18:46.569;48.8594;2.30267;48.8653;2.28549;48.8534;2.31982;15
14:18:46.967;48.8591;2.30267;48.865;2.28549;48.8531;2.31982;15
14:18:46.967;48.8587;2.30284;48.8647;2.28568;48.8528;2.32001;15
14:18:47.350;48.8586;2.30296;48.8646;2.2858;48.8526;2.32013;15
14:18:47.350;48.8585;2.30301;48.8645;2.28584;48.8525;2.32018;15
14:18:48.428;48.8582;2.30318;48.8642;2.28601;48.8523;2.32034;15
14:18:48.874;48.8565;2.30455;48.8625;2.28738;48.8505;2.32172;15
14:18:48.874;48.8562;2.30486;48.8622;2.28769;48.8502;2.32202;15
14:18:49.093;48.8555;2.3045;48.8614;2.28734;48.8495;2.32167;15
14:18:51.209;48.8554;2.30476;48.8613;2.2876;48.8494;2.32193;15
14:18:51.210;48.8556;2.30592;48.8616;2.28876;48.8497;2.32309;15
14:18:51.736;48.8558;2.30713;48.8618;2.28996;48.8498;2.3243;15
14:18:51.736;48.8559;2.30817;48.8619;2.29099;48.8499;2.32532;15
14:18:51.736;48.856;2.30966;48.862;2.2925;48.8501;2.32683;15
14:18:52.155;48.8562;2.31172;48.8621;2.29456;48.8502;2.32889;15
14:18:52.155;48.8561;2.31293;48.8621;2.29576;48.8502;2.33009;15
14:18:52.260;48.8562;2.31357;48.8621;2.2964;48.8502;2.33073;15
14:18:53.203;48.8561;2.31357;48.862;2.2964;48.8501;2.33073;15
14:18:53.204;48.8556;2.3149;48.8615;2.29773;48.8496;2.33206;15
14:18:53.562;48.8554;2.31636;48.8614;2.29919;48.8494;2.33353;15
14:18:53.562;48.8553;2.31721;48.8613;2.30005;48.8493;2.33438;15
14:18:53.935;48.8553;2.31824;48.8613;2.30107;48.8493;2.3354;15
14:18:53.936;48.8553;2.31902;48.8613;2.30185;48.8493;2.33618;15
14:18:54.280;48.8555;2.31982;48.8615;2.30267;48.8495;2.33701;15
14:18:54.281;48.8556;2.32034;48.8616;2.30318;48.8497;2.33751;15
14:18:54.607;48.8557;2.32082;48.8616;2.30365;48.8497;2.33798;15
14:18:54.608;48.8557;2.3219;48.8617;2.30472;48.8497;2.33905;15
14:18:54.710;48.8557;2.32219;48.8617;2.30502;48.8497;2.33936;15
14:18:55.451;48.8557;2.32214;48.8617;2.30498;48.8497;2.33931;15
14:18:55.451;48.8552;2.32417;48.8612;2.30701;48.8493;2.34134;15
14:18:56.368;48.8552;2.32536;48.8612;2.3082;48.8493;2.34253;15
14:18:56.368;48.8553;2.32567;48.8612;2.3085;48.8493;2.34283;15
14:18:56.368;48.8551;2.32614;48.8611;2.30898;48.8492;2.34331;15
14:18:56.369;48.8552;2.32602;48.8612;2.30884;48.8493;2.34317;15
14:18:56.369;48.8554;2.32652;48.8614;2.30936;48.8494;2.34369;15
14:18:56.369;48.8556;2.3273;48.8615;2.31013;48.8496;2.34447;15
14:18:56.738;48.8558;2.3279;48.8618;2.31073;48.8498;2.34506;15
14:18:56.738;48.8559;2.32811;48.8619;2.31094;48.85;2.34528;15
14:18:56.997;48.8561;2.3282;48.862;2.31104;48.8501;2.34537;15
14:18:56.998;48.8561;2.32825;48.862;2.31108;48.8501;2.34541;15
14:18:57.240;48.856;2.32851;48.862;2.31134;48.8501;2.34567;15
14:18:57.241;48.856;2.32851;48.862;2.31134;48.8501;2.34567;15
14:18:57.513;48.8561;2.32851;48.862;2.31134;48.8501;2.34567;15
14:18:57.514;48.856;2.32846;48.862;2.31129;48.8501;2.34563;15
14:18:57.787;48.8562;2.32846;48.8622;2.31129;48.8503;2.34563;15
14:18:57.787;48.8562;2.32846;48.8622;2.31129;48.8502;2.34563;15
14:18:58.052;48.8564;2.32846;48.8624;2.31129;48.8505;2.34563;15
14:18:58.053;48.8565;2.32851;48.8625;2.31134;48.8505;2.34567;15
14:18:58.189;48.8567;2.32841;48.8627;2.31125;48.8507;2.34558;15
14:18:58.537;48.8567;2.32841;48.8627;2.31125;48.8508;2.34558;15
14:18:58.537;48.8567;2.32898;48.8627;2.31181;48.8508;2.34615;15
14:18:58.802;48.8569;2.32893;48.8629;2.31177;48.8509;2.3461;15
14:18:58.802;48.8569;2.32877;48.8629;2.31158;48.851;2.34592;15
14:18:59.068;48.8569;2.32877;48.8629;2.31158;48.851;2.34592;15
14:18:59.068;48.8569;2.32877;48.8629;2.31158;48.8509;2.34592;15
14:18:59.333;48.8569;2.32872;48.8629;2.31155;48.8509;2.34589;15
14:18:59.334;48.8569;2.32872;48.8629;2.31155;48.8509;2.34589;15
14:18:59.464;48.8569;2.32872;48.8629;2.31155;48.8509;2.34589;15
14:18:59.724;48.8569;2.32872;48.8629;2.31155;48.8509;2.34589;15
14:19:00.484;48.8569;2.32872;48.8629;2.31155;48.8509;2.34589;15
14:19:00.484;48.8569;2.32872;48.8629;2.31155;48.8509;2.34589;15
14:19:00.849;48.8568;2.32872;48.8628;2.31155;48.8509;2.34589;15
14:19:01.357;48.8569;2.32872;48.8629;2.31155;48.8509;2.34589;15
14:19:01.357;48.8569;2.32872;48.8629;2.31155;48.8509;2.34589;15
14:19:01.640;48.8568;2.32872;48.8628;2.31155;48.8508;2.34589;15
14:19:01.640;48.8563;2.32877;48.8623;2.31158;48.8503;2.34592;15
14:19:01.890;48.8562;2.3291;48.8621;2.31194;48.8502;2.34627;15
14:19:01.890;48.8562;2.32932;48.8621;2.31215;48.8502;2.34648;15
14:19:02.179;48.8562;2.32936;48.8621;2.31219;48.8502;2.34653;15
14:19:02.179;48.8562;2.32936;48.8621;2.31219;48.8502;2.34653;15
14:19:02.288;48.8562;2.32953;48.8621;2.31236;48.8502;2.34669;15
14:19:02.576;48.8562;2.32957;48.8621;2.31241;48.8502;2.34674;15
14:19:02.576;48.8562;2.32957;48.8621;2.31241;48.8502;2.34674;15
14:19:02.841;48.8562;2.32957;48.8622;2.31241;48.8502;2.34674;15
14:19:02.842;48.8563;2.32988;48.8623;2.31271;48.8504;2.34705;15
14:19:03.100;48.8565;2.33017;48.8625;2.313;48.8506;2.34734;15
14:19:03.100;48.8566;2.33026;48.8625;2.3131;48.8506;2.34743;15
14:19:03.357;48.8566;2.33043;48.8626;2.31326;48.8507;2.3476;15
14:19:03.357;48.8567;2.33038;48.8627;2.31322;48.8507;2.34755;15
14:19:03.623;48.8567;2.33038;48.8627;2.31322;48.8507;2.34755;15
14:19:03.623;48.8567;2.33035;48.8627;2.31319;48.8508;2.34752;15
14:19:03.896;48.8569;2.33047;48.8629;2.31331;48.8509;2.34764;15
14:19:03.897;48.857;2.33047;48.8629;2.31331;48.851;2.34764;15
14:19:04.169;48.8575;2.33035;48.8634;2.31319;48.8515;2.34752;15
14:19:04.169;48.8577;2.33014;48.8637;2.31296;48.8517;2.34729;15
14:19:04.459;48.8577;2.33005;48.8637;2.31288;48.8518;2.34721;15
14:19:04.459;48.8578;2.33005;48.8638;2.31288;48.8518;2.34721;15
14:19:04.576;48.8579;2.33031;48.8639;2.31314;48.8519;2.34747;15
14:19:24.645;48.8579;2.33031;48.8639;2.31314;48.8519;2.34747;15
14:19:24.903;48.8575;2.33052;48.8635;2.31335;48.8516;2.34769;15
14:19:24.903;48.8574;2.33086;48.8634;2.31369;48.8515;2.34802;15
14:19:25.184;48.8574;2.33069;48.8634;2.31352;48.8515;2.34785;15
14:19:25.184;48.8575;2.33081;48.8634;2.31366;48.8515;2.34799;15
14:19:25.300;48.8574;2.33081;48.8634;2.31366;48.8515;2.34799;15
14:19:28.958;48.8575;2.33086;48.8634;2.31369;48.8515;2.34802;15
14:19:28.958;48.8575;2.33086;48.8634;2.31369;48.8515;2.34802;15
14:19:29.192;48.8574;2.33069;48.8634;2.31352;48.8514;2.34785;15
14:19:29.192;48.8574;2.33069;48.8634;2.31352;48.8514;2.34785;15
14:19:29.455;48.8574;2.33073;48.8634;2.31357;48.8514;2.3479;15
14:19:29.455;48.8574;2.33073;48.8634;2.31357;48.8514;2.3479;15
14:19:40.593;48.8573;2.33073;48.8633;2.31357;48.8514;2.3479;15
14:19:40.593;48.8571;2.33073;48.8631;2.31357;48.8511;2.3479;15
14:19:40.832;48.8569;2.33057;48.8629;2.3134;48.851;2.34773;15
14:19:40.832;48.8569;2.33057;48.8629;2.3134;48.8509;2.34773;15
14:19:41.141;48.8569;2.33064;48.8629;2.31348;48.8509;2.34781;15
14:19:41.142;48.8569;2.33086;48.8629;2.31369;48.8509;2.34802;15
14:19:41.387;48.8569;2.33099;48.8629;2.31383;48.8509;2.34816;15
14:19:41.387;48.8569;2.33099;48.8629;2.31383;48.851;2.34816;15
14:19:41.645;48.857;2.33154;48.8629;2.31438;48.851;2.34871;15
14:19:41.645;48.8568;2.33185;48.8628;2.31468;48.8508;2.34901;15
14:19:41.941;48.8568;2.33215;48.8628;2.31499;48.8509;2.34932;15
14:19:41.941;48.8571;2.33249;48.863;2.31532;48.8511;2.34966;15
14:19:42.231;48.8576;2.33249;48.8636;2.31532;48.8516;2.34966;15
14:19:42.231;48.858;2.33232;48.864;2.31516;48.852;2.34949;15
14:19:42.480;48.8585;2.33211;48.8645;2.31494;48.8525;2.34927;15
14:19:42.480;48.8586;2.33206;48.8646;2.3149;48.8526;2.34923;15
14:19:42.603;48.8586;2.33215;48.8646;2.31499;48.8527;2.34932;15
14:19:45.129;48.8586;2.33211;48.8646;2.31494;48.8527;2.34927;15
14:19:45.130;48.8586;2.33197;48.8645;2.3148;48.8526;2.34914;15
14:19:45.457;48.8589;2.33154;48.8648;2.31438;48.8529;2.34871;15
14:19:45.457;48.8589;2.33154;48.8649;2.31438;48.8529;2.34871;15
14:19:45.549;48.8588;2.33151;48.8648;2.31433;48.8529;2.34866;15
14:19:46.234;48.8587;2.33154;48.8647;2.31438;48.8528;2.34871;15
14:19:46.234;48.8591;2.33168;48.865;2.31451;48.8531;2.34885;15
14:19:46.235;48.8592;2.33163;48.8652;2.31447;48.8532;2.3488;15
14:19:46.235;48.8592;2.33168;48.8652;2.31451;48.8532;2.34885;15
14:19:46.447;48.8596;2.33176;48.8655;2.31459;48.8536;2.34892;15
14:19:46.448;48.8599;2.33202;48.8659;2.31485;48.8539;2.34918;15
14:19:50.129;48.8597;2.33189;48.8657;2.31473;48.8537;2.34906;15
14:19:50.129;48.8596;2.33189;48.8656;2.31473;48.8536;2.34906;15
14:19:50.371;48.8599;2.33185;48.8658;2.31468;48.8539;2.34901;15
14:19:50.371;48.8603;2.33142;48.8663;2.31425;48.8543;2.34859;15
14:19:50.692;48.8605;2.33128;48.8664;2.31412;48.8545;2.34845;15
14:19:50.692;48.8607;2.33104;48.8667;2.31387;48.8547;2.34821;15
14:19:50.803;48.861;2.33081;48.8669;2.31366;48.855;2.34799;15
14:19:51.128;48.861;2.33081;48.8669;2.31366;48.855;2.34799;15
14:19:51.129;48.861;2.33081;48.8669;2.31366;48.855;2.34799;15
14:19:54.144;48.8611;2.33052;48.8671;2.31335;48.8551;2.34769;15
14:19:54.144;48.8618;2.32967;48.8678;2.3125;48.8558;2.34683;15
14:19:54.429;48.862;2.32953;48.8679;2.31236;48.856;2.34669;15
14:19:54.429;48.8619;2.32953;48.8679;2.31236;48.856;2.34669;15
14:19:54.543;48.862;2.32957;48.8679;2.31241;48.856;2.34674;15
14:19:56.308;48.8618;2.32974;48.8677;2.31258;48.8558;2.34691;15
14:19:56.308;48.8612;2.32983;48.8672;2.31267;48.8552;2.347;15
14:19:56.628;48.8609;2.33014;48.8669;2.31296;48.8549;2.34729;15
14:19:56.629;48.8606;2.33035;48.8666;2.31319;48.8546;2.34752;15
14:19:56.863;48.8603;2.33043;48.8663;2.31326;48.8544;2.3476;15
14:19:56.864;48.8603;2.33057;48.8663;2.3134;48.8543;2.34773;15
14:20:07.944;48.8603;2.33057;48.8633;2.32198;48.8573;2.33914;16
14:20:10.183;48.8603;2.33052;48.8633;2.32193;48.8573;2.3391;16
14:20:10.557;48.8596;2.32944;48.8626;2.32086;48.8566;2.33803;16
14:20:10.558;48.8593;2.32916;48.8623;2.32059;48.8564;2.33772;16
14:20:10.911;48.8591;2.32895;48.862;2.32037;48.8561;2.33751;16
14:20:10.911;48.8588;2.32895;48.8618;2.32037;48.8558;2.33751;16
14:20:12.135;48.8588;2.32895;48.8618;2.32037;48.8558;2.33751;16
14:20:12.136;48.8588;2.32912;48.8618;2.32054;48.8558;2.33768;16
14:20:12.518;48.8589;2.32916;48.8619;2.32059;48.8559;2.33772;16
14:20:12.519;48.859;2.32927;48.8619;2.32069;48.856;2.33786;16
14:20:12.901;48.8589;2.32919;48.8619;2.3206;48.856;2.33777;16
14:20:12.901;48.859;2.32916;48.862;2.32059;48.856;2.33772;16
14:20:13.269;48.8592;2.3291;48.8622;2.32053;48.8562;2.33768;16
14:20:13.269;48.8592;2.3291;48.8622;2.32053;48.8562;2.33768;16
14:20:13.613;48.8591;2.3291;48.8621;2.32053;48.8562;2.33768;16
14:20:13.613;48.8592;2.3291;48.8622;2.32053;48.8562;2.33768;16
14:20:13.965;48.8592;2.3291;48.8622;2.32053;48.8562;2.33768;16
14:20:13.965;48.8591;2.32912;48.8621;2.32054;48.8562;2.33768;16
14:20:14.331;48.859;2.32912;48.862;2.32054;48.856;2.33768;16
14:20:14.331;48.859;2.32912;48.862;2.32054;48.856;2.33768;16
14:20:14.693;48.859;2.32922;48.862;2.32065;48.856;2.33781;16
14:20:14.693;48.859;2.3293;48.862;2.32071;48.856;2.33786;16
14:20:21.392;48.8591;2.32921;48.8621;2.32063;48.8561;2.33777;16
14:20:21.392;48.8601;2.32864;48.8631;2.32007;48.8572;2.33722;16
14:20:21.924;48.8606;2.32857;48.8636;2.31998;48.8576;2.33713;16
14:20:21.925;48.8608;2.32848;48.8638;2.3199;48.8578;2.33704;16
14:20:21.925;48.861;2.32843;48.8639;2.31985;48.858;2.33701;16
14:20:22.269;48.8614;2.32835;48.8644;2.31976;48.8584;2.33691;16
14:20:22.270;48.8615;2.32831;48.8645;2.31972;48.8586;2.33687;16
14:20:32.765;48.8615;2.32831;48.8675;2.31114;48.8556;2.34546;15
14:20:33.685;48.8615;2.32831;48.8735;2.29398;48.8496;2.36263;14
14:20:38.143;48.8615;2.32831;48.8735;2.29398;48.8496;2.36263;14
14:20:38.144;48.8613;2.32883;48.8732;2.29449;48.8493;2.36313;14
14:20:38.177;48.861;2.33002;48.873;2.29568;48.8491;2.36433;14
14:20:38.177;48.861;2.3302;48.873;2.29587;48.8491;2.3645;14
14:20:38.290;48.861;2.3307;48.8729;2.29637;48.849;2.36502;14
14:20:38.290;48.861;2.3308;48.8729;2.29646;48.849;2.36511;14
14:20:38.409;48.861;2.33105;48.8729;2.29672;48.849;2.36537;14
14:20:38.409;48.861;2.33139;48.8729;2.29706;48.849;2.36571;14
14:20:38.526;48.8611;2.33191;48.873;2.29758;48.8492;2.36623;14
14:20:38.526;48.8612;2.33191;48.8731;2.29758;48.8492;2.36623;14
14:20:38.616;48.8614;2.33234;48.8733;2.298;48.8494;2.36665;14
14:20:38.741;48.8616;2.33252;48.8736;2.29819;48.8497;2.36682;14
14:20:38.742;48.8619;2.33252;48.8738;2.29819;48.8499;2.36682;14
14:20:38.865;48.8622;2.33269;48.8742;2.29836;48.8503;2.36699;14
14:20:38.866;48.8624;2.33276;48.8743;2.29843;48.8505;2.36708;14
14:20:38.994;48.8627;2.33295;48.8746;2.29861;48.8507;2.36725;14
14:20:38.994;48.8629;2.33302;48.8749;2.29869;48.851;2.36734;14
14:20:39.120;48.8634;2.33321;48.8754;2.29887;48.8515;2.36751;14
14:20:39.121;48.8635;2.33321;48.8755;2.29887;48.8516;2.36751;14
14:20:39.241;48.8638;2.33337;48.8757;2.29904;48.8518;2.36768;14
14:20:39.241;48.8638;2.33337;48.8757;2.29904;48.8518;2.36768;14
14:20:39.365;48.864;2.33328;48.876;2.29895;48.8521;2.3676;14
14:20:39.365;48.864;2.33328;48.876;2.29895;48.8521;2.3676;14
14:20:39.491;48.8643;2.33321;48.8762;2.29887;48.8523;2.36751;14
14:20:39.491;48.8644;2.33321;48.8763;2.29887;48.8524;2.36751;14
14:20:39.616;48.8645;2.33321;48.8765;2.29887;48.8526;2.36751;14
14:20:39.616;48.8646;2.33321;48.8765;2.29887;48.8527;2.36751;14
14:20:39.746;48.8647;2.33321;48.8766;2.29887;48.8527;2.36751;14
14:20:39.746;48.8647;2.33328;48.8767;2.29895;48.8528;2.3676;14
14:20:39.876;48.8651;2.33354;48.877;2.29921;48.8531;2.36786;14
14:20:39.876;48.8653;2.33363;48.8772;2.2993;48.8533;2.36794;14
14:20:40.011;48.8656;2.33371;48.8776;2.29938;48.8537;2.36803;14
14:20:40.012;48.8658;2.33389;48.8777;2.29956;48.8538;2.36819;14
14:20:40.209;48.8669;2.3338;48.8789;2.29947;48.855;2.36812;14
14:20:40.210;48.8674;2.33345;48.8794;2.29912;48.8555;2.36777;14
14:20:40.361;48.8686;2.33234;48.8806;2.298;48.8567;2.36665;14
14:20:40.361;48.8688;2.33157;48.8808;2.29724;48.8569;2.36588;14
14:20:40.549;48.8688;2.33105;48.8808;2.29672;48.8569;2.36537;14
14:20:40.550;48.8686;2.3307;48.8806;2.29637;48.8567;2.36502;14
14:20:40.864;48.868;2.33002;48.88;2.29568;48.8561;2.36433;14
14:20:40.864;48.868;2.32968;48.8799;2.29535;48.856;2.364;14
14:20:40.864;48.8675;2.32951;48.8795;2.29518;48.8556;2.36382;14
14:20:40.966;48.8674;2.32985;48.8794;2.29552;48.8555;2.36417;14
14:20:42.189;48.8675;2.32985;48.8794;2.29552;48.8555;2.36417;14
14:20:42.248;48.867;2.32916;48.8789;2.29483;48.855;2.36348;14
14:20:42.249;48.8669;2.32857;48.8789;2.29424;48.855;2.36287;14
14:20:42.581;48.8669;2.32788;48.8788;2.29355;48.8549;2.36218;14
14:20:42.581;48.8667;2.32771;48.8786;2.29338;48.8548;2.36201;14
14:20:42.581;48.8666;2.32771;48.8786;2.29338;48.8547;2.36201;14
14:20:42.643;48.8666;2.32727;48.8785;2.29294;48.8546;2.36159;14
14:20:44.040;48.8666;2.32727;48.8726;2.3101;48.8606;2.34442;15
