11:56:14.409;48.8547;2.34627;48.9025;2.20894;48.8069;2.4836;12
11:56:14.409;48.8547;2.34627;48.9025;2.20894;48.8069;2.4836;12
11:56:14.454;48.8545;2.34592;48.9022;2.20859;48.8067;2.48325;12
11:56:14.553;48.8538;2.34421;48.9016;2.20688;48.806;2.48154;12
11:56:14.660;48.8536;2.34317;48.9013;2.20584;48.8058;2.4805;12
11:56:14.766;48.8536;2.34317;48.9013;2.20584;48.8058;2.4805;12
11:56:14.766;48.8536;2.34317;48.9013;2.20584;48.8058;2.4805;12
11:56:14.851;48.8534;2.34283;48.9011;2.20551;48.8056;2.48016;12
11:56:14.852;48.8534;2.3425;48.9011;2.20517;48.8056;2.47983;12
11:56:14.918;48.8534;2.34215;48.9011;2.20482;48.8056;2.47948;12
11:56:14.985;48.8531;2.3418;48.9009;2.20447;48.8053;2.47913;12
11:56:15.062;48.8529;2.34113;48.9007;2.2038;48.8051;2.47845;12
11:56:15.062;48.8525;2.34042;48.9002;2.20309;48.8047;2.47775;12
11:56:15.129;48.8518;2.3394;48.8995;2.20207;48.804;2.47673;12
11:56:15.206;48.8502;2.33838;48.898;2.20105;48.8024;2.47571;12
11:56:15.207;48.85;2.33803;48.8977;2.2007;48.8022;2.47536;12
11:56:15.273;48.8486;2.33701;48.8964;2.19968;48.8008;2.47433;12
11:56:15.349;48.8486;2.33701;48.8964;2.19968;48.8008;2.47433;12
11:56:15.349;48.8484;2.3363;48.8962;2.19897;48.8006;2.47363;12
11:56:15.414;48.8493;2.33563;48.8971;2.1983;48.8015;2.47296;12
11:56:23.520;48.8493;2.33563;48.8732;2.26697;48.8254;2.4043;13
11:56:23.963;48.8493;2.33563;48.8612;2.3013;48.8373;2.36996;14
11:56:24.612;48.8485;2.33708;48.8605;2.30275;48.8366;2.37141;14
11:56:24.616;48.8485;2.33768;48.8605;2.30334;48.8366;2.37201;14
11:56:25.102;48.8482;2.33914;48.8602;2.30481;48.8363;2.37347;14
11:56:25.102;48.8483;2.34009;48.8603;2.30576;48.8364;2.37442;14
11:56:25.540;48.8491;2.34653;48.861;2.31219;48.8371;2.38086;14
11:56:25.540;48.8498;2.34653;48.8617;2.31219;48.8378;2.38086;14
11:56:25.540;48.85;2.34773;48.862;2.3134;48.8381;2.38206;14
11:56:25.540;48.851;2.34686;48.8629;2.31253;48.8391;2.3812;14
11:56:25.847;48.8509;2.34875;48.8628;2.31442;48.8389;2.38309;14
11:56:25.847;48.8509;2.34892;48.8628;2.31459;48.8389;2.38326;14
11:56:25.953;48.8508;2.34987;48.8627;2.31554;48.8388;2.3842;14
11:56:25.953;48.8507;2.35039;48.8626;2.31606;48.8387;2.38472;14
11:56:26.124;48.8508;2.35081;48.8628;2.31648;48.8389;2.38515;14
11:56:26.124;48.8509;2.35107;48.8628;2.31674;48.8389;2.38541;14
11:56:26.335;48.8509;2.35124;48.8628;2.31691;48.8389;2.38557;14
11:56:26.335;48.8509;2.35141;48.8629;2.31708;48.839;2.38574;14
11:56:26.610;48.851;2.35185;48.8629;2.31752;48.8391;2.38618;14
11:56:26.610;48.8509;2.35219;48.8629;2.31786;48.839;2.38652;14
11:56:26.807;48.8509;2.35271;48.8628;2.31837;48.8389;2.38704;14
11:56:26.807;48.8508;2.35271;48.8628;2.31837;48.8389;2.38704;14
11:56:26.921;48.8507;2.35271;48.8627;2.31837;48.8388;2.38704;14
11:56:26.921;48.8506;2.35287;48.8625;2.31854;48.8386;2.38721;14
11:56:27.040;48.8507;2.35287;48.8627;2.31854;48.8388;2.38721;14
11:56:30.140;48.8507;2.35287;48.8567;2.33571;48.8447;2.37004;15
11:56:30.458;48.8507;2.3542;48.8567;2.33704;48.8447;2.37137;15
11:56:30.458;48.8507;2.35451;48.8566;2.33734;48.8447;2.37167;15
11:56:30.867;48.8506;2.35472;48.8566;2.33755;48.8447;2.37189;15
11:56:30.868;48.8507;2.35503;48.8566;2.33786;48.8447;2.37219;15
11:56:31.680;48.8507;2.35481;48.8566;2.33765;48.8447;2.37198;15
11:56:31.680;48.8507;2.35486;48.8566;2.33768;48.8447;2.37201;15
11:56:31.680;48.8497;2.35532;48.8557;2.33815;48.8438;2.37248;15
11:56:31.681;48.8489;2.35536;48.8549;2.3382;48.8429;2.37253;15
11:56:32.582;48.8477;2.35498;48.8537;2.33781;48.8417;2.37215;15
11:56:32.583;48.8475;2.35468;48.8534;2.33751;48.8415;2.37184;15
11:56:32.583;48.8475;2.35463;48.8535;2.33746;48.8415;2.3718;15
11:56:33.483;48.8475;2.35463;48.8535;2.33746;48.8415;2.3718;15
11:56:33.484;48.8473;2.35439;48.8533;2.33722;48.8413;2.37155;15
11:56:33.960;48.8475;2.35425;48.8534;2.33708;48.8415;2.37141;15
11:56:34.920;48.8475;2.35425;48.8534;2.33708;48.8415;2.37141;15
11:56:34.920;48.8478;2.35416;48.8538;2.33701;48.8419;2.37134;15
11:56:35.210;48.8484;2.35416;48.8543;2.33701;48.8424;2.37134;15
11:56:35.210;48.8484;2.35416;48.8543;2.33701;48.8424;2.37134;15
11:56:35.359;48.8485;2.35399;48.8545;2.33682;48.8425;2.37115;15
11:56:44.482;48.8486;2.35416;48.8545;2.33701;48.8426;2.37134;15
11:56:44.483;48.8493;2.35524;48.8553;2.33807;48.8433;2.37241;15
11:56:44.586;48.8494;2.35529;48.8554;2.33812;48.8434;2.37245;15
11:56:44.776;48.8494;2.35532;48.8554;2.33815;48.8434;2.37248;15
11:56:45.169;48.8494;2.35532;48.8554;2.33815;48.8434;2.37248;15
11:56:45.169;48.8494;2.35532;48.8554;2.33815;48.8434;2.37248;15
11:56:45.528;48.8494;2.35532;48.8554;2.33815;48.8434;2.37248;15
11:56:45.528;48.8494;2.35507;48.8554;2.33791;48.8435;2.37224;15
11:56:45.851;48.8492;2.3546;48.8552;2.33743;48.8433;2.37177;15
11:56:45.851;48.8492;2.35446;48.8552;2.3373;48.8433;2.37163;15
11:56:46.137;48.8492;2.35425;48.8552;2.33708;48.8433;2.37141;15
11:56:46.138;48.8492;2.3542;48.8552;2.33704;48.8433;2.37137;15
11:57:02.814;48.8492;2.3542;48.8612;2.31987;48.8373;2.38853;14
11:57:03.634;48.8492;2.3542;48.8612;2.31987;48.8373;2.38853;14
11:57:03.634;48.8522;2.35051;48.8641;2.31618;48.8402;2.38484;14
11:57:03.884;48.8539;2.34821;48.8659;2.31387;48.842;2.38254;14
11:57:03.884;48.8547;2.34691;48.8667;2.31258;48.8428;2.38124;14
11:57:03.986;48.8558;2.34579;48.8677;2.31146;48.8438;2.38013;14
11:57:03.987;48.8559;2.34579;48.8679;2.31146;48.844;2.38013;14
11:57:04.194;48.8562;2.34554;48.8681;2.3112;48.8442;2.37987;14
11:57:04.366;48.8561;2.34528;48.8681;2.31094;48.8442;2.37961;14
11:57:09.734;48.8497;2.34752;48.8616;2.31319;48.8377;2.38185;14
11:57:09.735;48.8491;2.34811;48.861;2.31378;48.8371;2.38245;14
11:57:09.985;48.8479;2.34811;48.8598;2.31378;48.8359;2.38245;14
11:57:09.986;48.8471;2.34795;48.8591;2.31361;48.8352;2.38228;14
11:57:10.085;48.8471;2.34785;48.859;2.31352;48.8352;2.38219;14
11:57:10.085;48.8473;2.34769;48.8592;2.31335;48.8353;2.38202;14
11:57:10.214;48.8477;2.34717;48.8596;2.31284;48.8357;2.3815;14
11:57:11.289;48.8474;2.34743;48.8593;2.3131;48.8354;2.38176;14
11:57:11.289;48.8469;2.34889;48.8589;2.31456;48.835;2.38322;14
11:57:11.480;48.8463;2.35129;48.8582;2.31696;48.8344;2.38562;14
11:57:11.480;48.8461;2.35129;48.8581;2.31696;48.8342;2.38562;14
11:57:11.595;48.847;2.3506;48.859;2.31627;48.8351;2.38493;14
11:57:13.203;48.8469;2.3506;48.8589;2.31627;48.835;2.38493;14
11:57:13.203;48.8429;2.35103;48.8548;2.3167;48.8309;2.38536;14
11:57:13.470;48.837;2.35489;48.8489;2.32056;48.825;2.38922;14
11:57:13.470;48.8365;2.35524;48.8485;2.32091;48.8246;2.38957;14
11:57:13.567;48.8369;2.35489;48.8489;2.32056;48.825;2.38922;14
11:57:13.890;48.837;2.35481;48.8489;2.32048;48.825;2.38914;14
11:57:13.890;48.8374;2.35455;48.8493;2.32022;48.8254;2.38889;14
11:57:14.001;48.841;2.3488;48.8529;2.31447;48.829;2.38313;14
11:57:14.001;48.8435;2.34546;48.8555;2.31113;48.8316;2.37979;14
11:57:14.329;48.8465;2.34167;48.8584;2.30734;48.8345;2.37601;14
11:57:14.329;48.8469;2.34099;48.8588;2.30666;48.8349;2.37532;14
11:57:14.651;48.8473;2.3403;48.8593;2.30597;48.8354;2.37463;14
11:57:14.651;48.8477;2.33978;48.8596;2.30545;48.8357;2.37411;14
11:57:14.651;48.8486;2.33755;48.8606;2.30322;48.8367;2.37189;14
11:57:14.652;48.8495;2.33609;48.8615;2.30176;48.8376;2.37042;14
11:57:14.652;48.85;2.33481;48.8619;2.30048;48.838;2.36914;14
11:57:15.594;48.85;2.33498;48.8619;2.30064;48.838;2.36931;14
11:57:15.666;48.8504;2.33395;48.8623;2.29962;48.8384;2.36829;14
11:57:15.666;48.8508;2.33334;48.8628;2.29901;48.8389;2.36768;14
11:57:15.992;48.8539;2.32906;48.8659;2.29472;48.842;2.36339;14
11:57:15.993;48.8549;2.32794;48.8668;2.29361;48.8429;2.36227;14
11:57:16.027;48.8572;2.32391;48.8691;2.28958;48.8453;2.35825;14
11:57:16.027;48.8574;2.32323;48.8694;2.28889;48.8455;2.35756;14
11:57:16.216;48.8582;2.3215;48.8701;2.28717;48.8462;2.35583;14
11:57:16.217;48.8587;2.32048;48.8706;2.28615;48.8467;2.35481;14
11:57:16.217;48.8589;2.3197;48.8708;2.28537;48.847;2.35403;14
11:57:16.405;48.8593;2.31927;48.8712;2.28494;48.8474;2.35361;14
11:57:16.774;48.8593;2.31927;48.8712;2.28494;48.8474;2.35361;14
11:57:16.774;48.8593;2.31918;48.8713;2.28485;48.8474;2.35352;14
11:57:16.775;48.8594;2.31885;48.8713;2.28452;48.8475;2.35318;14
11:57:18.145;48.8615;2.32314;48.8735;2.2888;48.8496;2.35747;14
11:57:18.146;48.8623;2.32373;48.8742;2.2894;48.8503;2.35806;14
11:57:18.226;48.8634;2.32399;48.8753;2.28966;48.8514;2.35832;14
11:57:18.227;48.8635;2.32408;48.8754;2.28975;48.8515;2.35841;14
11:57:18.329;48.8636;2.32408;48.8756;2.28975;48.8517;2.35841;14
11:57:18.488;48.8636;2.32399;48.8756;2.28966;48.8517;2.35832;14
11:57:18.489;48.8637;2.32391;48.8756;2.28958;48.8517;2.35825;14
11:57:18.595;48.8638;2.32408;48.8757;2.28975;48.8518;2.35841;14
11:57:19.790;48.8638;2.32417;48.8757;2.28984;48.8518;2.35851;14
11:57:19.790;48.8633;2.32176;48.8752;2.28743;48.8514;2.35609;14
11:57:19.943;48.8631;2.31456;48.8751;2.28023;48.8512;2.34889;14
11:57:19.944;48.8632;2.31241;48.8751;2.27808;48.8512;2.34674;14
11:57:20.136;48.8637;2.30692;48.8756;2.27258;48.8517;2.34125;14
11:57:20.136;48.8638;2.30537;48.8757;2.27104;48.8518;2.33971;14
11:57:20.444;48.8637;2.30176;48.8756;2.26743;48.8517;2.33609;14
11:57:20.444;48.8631;2.29695;48.875;2.26262;48.8511;2.33128;14
11:57:20.579;48.8629;2.29318;48.8748;2.25885;48.8509;2.32751;14
11:57:20.860;48.8629;2.29301;48.8748;2.25868;48.8509;2.32735;14
11:57:20.861;48.8629;2.29301;48.8748;2.25868;48.8509;2.32735;14
11:57:21.208;48.8628;2.29352;48.8747;2.25919;48.8508;2.32785;14
11:57:21.208;48.8597;2.30254;48.8716;2.2682;48.8477;2.33687;14
11:57:21.362;48.8559;2.31369;48.8679;2.27936;48.844;2.34802;14
11:57:21.362;48.8556;2.31473;48.8675;2.2804;48.8436;2.34906;14
11:57:21.554;48.8548;2.31686;48.8667;2.28253;48.8428;2.3512;14
11:57:21.554;48.854;2.31868;48.8659;2.28435;48.842;2.35301;14
11:57:21.842;48.8522;2.32323;48.8641;2.28889;48.8402;2.35756;14
11:57:21.842;48.852;2.32349;48.8639;2.28915;48.8401;2.35782;14
11:57:21.842;48.852;2.32356;48.8639;2.28923;48.84;2.35789;14
11:57:21.842;48.852;2.32323;48.8639;2.28889;48.8401;2.35756;14
11:57:22.671;48.85;2.32486;48.8619;2.29053;48.838;2.35919;14
11:57:22.904;48.846;2.32889;48.8579;2.29456;48.834;2.36322;14
11:57:22.904;48.8452;2.32957;48.8571;2.29524;48.8332;2.36391;14
11:57:22.991;48.8417;2.33455;48.8536;2.30022;48.8297;2.36888;14
11:57:22.991;48.8405;2.3367;48.8525;2.30237;48.8286;2.37103;14
11:57:23.303;48.8394;2.33945;48.8513;2.30511;48.8274;2.37378;14
11:57:23.304;48.8383;2.34158;48.8502;2.30725;48.8263;2.37592;14
11:57:23.462;48.8377;2.34167;48.8496;2.30734;48.8257;2.37601;14
11:57:24.825;48.8378;2.34193;48.8497;2.3076;48.8258;2.37627;14
11:57:24.825;48.8397;2.34373;48.8517;2.3094;48.8278;2.37807;14
11:57:25.099;48.8439;2.34657;48.8559;2.31224;48.832;2.38091;14
11:57:25.100;48.8442;2.34674;48.8561;2.31241;48.8322;2.38107;14
11:57:25.100;48.8444;2.347;48.8564;2.31267;48.8325;2.38133;14
11:57:25.100;48.8446;2.34717;48.8565;2.31284;48.8326;2.3815;14
11:57:25.284;48.8447;2.34752;48.8566;2.31319;48.8327;2.38185;14
11:57:25.284;48.8447;2.3476;48.8566;2.31326;48.8327;2.38193;14
11:57:25.458;48.8447;2.3476;48.8566;2.31326;48.8327;2.38193;14
11:57:25.459;48.8447;2.34769;48.8566;2.31335;48.8327;2.38202;14
11:57:25.632;48.8447;2.34769;48.8566;2.31335;48.8327;2.38202;14
11:57:25.632;48.8447;2.34769;48.8567;2.31335;48.8328;2.38202;14
11:57:25.809;48.8449;2.34769;48.8568;2.31335;48.8329;2.38202;14
11:57:25.809;48.845;2.34743;48.8569;2.3131;48.8331;2.38176;14
11:57:25.921;48.845;2.34726;48.8569;2.31293;48.8331;2.38159;14
11:57:27.231;48.8452;2.34734;48.8571;2.313;48.8332;2.38167;14
11:57:27.232;48.846;2.34776;48.858;2.31343;48.8341;2.3821;14
11:57:27.343;48.847;2.34776;48.8589;2.31343;48.835;2.3821;14
11:57:27.343;48.8474;2.3476;48.8593;2.31326;48.8354;2.38193;14
11:57:27.525;48.8479;2.34717;48.8598;2.31284;48.8359;2.3815;14
11:57:27.525;48.8479;2.347;48.8599;2.31267;48.836;2.38133;14
11:57:27.633;48.8479;2.34683;48.8599;2.3125;48.836;2.38116;14
11:57:27.942;48.8479;2.34683;48.8599;2.3125;48.836;2.38116;14
11:57:27.942;48.8482;2.34665;48.8601;2.31232;48.8362;2.38098;14
11:57:28.056;48.8482;2.34622;48.8601;2.31189;48.8362;2.38055;14
11:57:28.056;48.8472;2.34605;48.8591;2.31172;48.8353;2.38039;14
11:57:28.228;48.8467;2.34546;48.8587;2.31113;48.8348;2.37979;14
11:57:28.228;48.8467;2.3452;48.8587;2.31087;48.8348;2.37953;14
11:57:28.341;48.8466;2.34502;48.8586;2.31068;48.8347;2.37935;14
11:57:28.501;48.8467;2.34485;48.8587;2.31052;48.8348;2.37918;14
11:57:28.502;48.8468;2.34477;48.8588;2.31044;48.8349;2.3791;14
11:57:28.609;48.8469;2.34485;48.8589;2.31052;48.835;2.37918;14
11:57:28.773;48.8469;2.34485;48.8589;2.31052;48.835;2.37918;14
11:57:28.774;48.8469;2.34485;48.8589;2.31052;48.835;2.37918;14
11:57:28.940;48.8469;2.34477;48.8589;2.31044;48.835;2.3791;14
11:57:28.940;48.8471;2.34468;48.859;2.31035;48.8352;2.37901;14
11:57:29.110;48.8471;2.34451;48.8591;2.31018;48.8352;2.37885;14
11:57:29.110;48.8472;2.34416;48.8591;2.30983;48.8353;2.37849;14
11:57:29.265;48.8475;2.34331;48.8594;2.30898;48.8355;2.37764;14
11:57:29.265;48.8475;2.34314;48.8594;2.30881;48.8355;2.37747;14
11:57:29.438;48.8475;2.34305;48.8595;2.30872;48.8356;2.37738;14
11:57:29.438;48.8477;2.34305;48.8596;2.30872;48.8357;2.37738;14
11:57:29.542;48.8477;2.34288;48.8597;2.30855;48.8358;2.37721;14
11:57:30.395;48.8477;2.34288;48.8537;2.32571;48.8417;2.36005;15
11:57:31.285;48.846;2.34343;48.852;2.32626;48.84;2.3606;15
11:57:31.285;48.846;2.34343;48.8519;2.32626;48.84;2.3606;15
11:57:31.432;48.8464;2.34326;48.8524;2.3261;48.8404;2.36043;15
11:57:32.278;48.8463;2.34343;48.8523;2.32626;48.8404;2.3606;15
11:57:32.279;48.8449;2.34477;48.8509;2.32761;48.839;2.36194;15
11:57:33.035;48.8427;2.34499;48.8487;2.32782;48.8367;2.36215;15
11:57:33.035;48.8417;2.34494;48.8476;2.32777;48.8357;2.36211;15
11:57:35.004;48.842;2.3448;48.848;2.32764;48.8361;2.36197;15
11:57:35.004;48.842;2.3448;48.848;2.32764;48.8361;2.36197;15
11:57:35.004;48.8426;2.34541;48.8485;2.32825;48.8366;2.36258;15
11:57:35.004;48.8438;2.34669;48.8497;2.32953;48.8378;2.36386;15
11:57:35.004;48.8446;2.34712;48.8506;2.32996;48.8387;2.36429;15
11:57:35.005;48.8447;2.34729;48.8507;2.33014;48.8388;2.36447;15
11:57:35.005;48.8448;2.34734;48.8508;2.33017;48.8388;2.3645;15
11:57:35.005;48.8451;2.34747;48.851;2.33031;48.8391;2.36464;15
11:57:35.144;48.8453;2.34764;48.8513;2.33047;48.8393;2.36481;15
11:57:37.902;48.8456;2.3443;48.8516;2.32713;48.8396;2.36147;15
11:57:37.902;48.8459;2.34335;48.8518;2.32619;48.8399;2.36052;15
11:57:38.339;48.8462;2.34224;48.8522;2.32507;48.8402;2.35941;15
11:57:38.894;48.8462;2.34224;48.8522;2.32507;48.8402;2.35941;15
11:57:38.894;48.8461;2.34189;48.8521;2.32472;48.8402;2.35905;15
11:57:39.315;48.8462;2.34142;48.8522;2.32425;48.8402;2.35858;15
11:57:39.315;48.8463;2.34103;48.8523;2.32387;48.8404;2.3582;15
11:57:39.573;48.8467;2.34;48.8526;2.32283;48.8407;2.35716;15
11:57:39.573;48.8467;2.33983;48.8527;2.32266;48.8407;2.35699;15
11:57:39.853;48.8468;2.33952;48.8527;2.32236;48.8408;2.35669;15
11:57:39.854;48.8468;2.33902;48.8528;2.32185;48.8408;2.35619;15
11:57:40.127;48.8468;2.3385;48.8528;2.32133;48.8409;2.35567;15
11:57:40.127;48.8467;2.33824;48.8527;2.32108;48.8407;2.35541;15
11:57:40.408;48.8466;2.33768;48.8526;2.32053;48.8406;2.35486;15
11:57:40.409;48.8465;2.33772;48.8524;2.32056;48.8405;2.35489;15
11:57:40.505;48.8467;2.3376;48.8527;2.32043;48.8408;2.35477;15
11:57:42.317;48.8465;2.3376;48.8525;2.32043;48.8405;2.35477;15
11:57:42.573;48.8466;2.33725;48.8525;2.32008;48.8406;2.35442;15
11:57:42.573;48.8468;2.33649;48.8528;2.31932;48.8408;2.35365;15
11:57:42.867;48.8469;2.3364;48.8528;2.31923;48.8409;2.35356;15
11:57:42.867;48.8469;2.3364;48.8528;2.31923;48.8409;2.35356;15
11:57:43.115;48.8468;2.33635;48.8528;2.31918;48.8409;2.35352;15
11:57:43.115;48.8466;2.33635;48.8526;2.31918;48.8406;2.35352;15
11:57:43.386;48.8465;2.3364;48.8524;2.31923;48.8405;2.35356;15
11:57:43.386;48.8469;2.33627;48.8529;2.31911;48.8409;2.35344;15
11:57:46.844;48.8469;2.33627;48.8499;2.32768;48.8439;2.34485;16
11:57:47.993;48.8469;2.33627;48.8529;2.31911;48.8409;2.35344;15
11:57:49.055;48.8468;2.3364;48.8528;2.31923;48.8408;2.35356;15
11:57:49.055;48.8469;2.33746;48.8528;2.3203;48.8409;2.35463;15
11:57:49.338;48.8472;2.33841;48.8531;2.32124;48.8412;2.35558;15
11:57:49.338;48.8474;2.33966;48.8533;2.32249;48.8414;2.35683;15
11:57:49.636;48.8475;2.34129;48.8535;2.32413;48.8415;2.35846;15
11:57:49.636;48.8477;2.3425;48.8536;2.32532;48.8417;2.35965;15
11:57:49.899;48.8479;2.34335;48.8539;2.32619;48.8419;2.36052;15
11:57:49.899;48.8478;2.34335;48.8538;2.32619;48.8418;2.36052;15
11:57:50.759;48.8477;2.34348;48.8537;2.32631;48.8418;2.36064;15
11:57:50.759;48.8471;2.34473;48.8531;2.32756;48.8411;2.36189;15
11:57:51.071;48.8469;2.34532;48.8529;2.32816;48.8409;2.36249;15
11:57:51.072;48.8469;2.34546;48.8528;2.32829;48.8409;2.36263;15
11:57:51.625;48.8467;2.34567;48.8526;2.32851;48.8407;2.36284;15
11:57:51.625;48.8467;2.34567;48.8526;2.32851;48.8407;2.36284;15
11:57:51.626;48.8467;2.34554;48.8526;2.32837;48.8407;2.3627;15
11:57:54.922;48.8464;2.34991;48.8523;2.33275;48.8404;2.36708;15
11:57:54.922;48.8464;2.34991;48.8523;2.33275;48.8404;2.36708;15
11:57:55.235;48.8464;2.34975;48.8524;2.33258;48.8404;2.36691;15
11:57:55.235;48.8464;2.3494;48.8524;2.33223;48.8404;2.36656;15
11:57:55.510;48.8464;2.34785;48.8524;2.33069;48.8404;2.36502;15
11:57:55.510;48.8465;2.34717;48.8524;2.33;48.8405;2.36433;15
11:57:55.796;48.8465;2.34686;48.8525;2.3297;48.8405;2.36403;15
11:57:55.796;48.8465;2.34679;48.8525;2.32962;48.8405;2.36395;15
11:57:56.070;48.8465;2.34665;48.8524;2.32948;48.8405;2.36382;15
11:57:56.071;48.8465;2.34665;48.8524;2.32948;48.8405;2.36382;15
11:57:56.366;48.8465;2.34662;48.8524;2.32944;48.8405;2.36377;15
11:57:56.367;48.8464;2.34665;48.8523;2.32948;48.8404;2.36382;15
11:57:56.632;48.8463;2.34662;48.8523;2.32944;48.8404;2.36377;15
11:57:56.632;48.8464;2.34669;48.8524;2.32953;48.8404;2.36386;15
11:57:56.921;48.8465;2.34683;48.8525;2.32967;48.8405;2.364;15
11:57:56.921;48.8465;2.34669;48.8525;2.32953;48.8406;2.36386;15
11:57:57.226;48.8466;2.34618;48.8526;2.32901;48.8406;2.36334;15
11:57:57.226;48.8466;2.34579;48.8526;2.32863;48.8406;2.36296;15
11:57:57.640;48.8465;2.34532;48.8524;2.32816;48.8405;2.36249;15
11:57:57.640;48.8464;2.34506;48.8524;2.3279;48.8404;2.36223;15
11:57:57.889;48.8463;2.34464;48.8523;2.32747;48.8404;2.3618;15
11:57:57.890;48.8463;2.34464;48.8523;2.32747;48.8404;2.3618;15
11:57:58.148;48.8462;2.34442;48.8522;2.32726;48.8403;2.36159;15
11:57:58.148;48.8462;2.34433;48.8522;2.32716;48.8403;2.3615;15
11:57:58.571;48.8465;2.3443;48.8525;2.32713;48.8405;2.36147;15
11:57:58.571;48.8466;2.3443;48.8525;2.32713;48.8406;2.36147;15
11:58:08.170;48.8466;2.3443;48.8495;2.33571;48.8436;2.35287;16
11:58:09.200;48.847;2.34479;48.85;2.3362;48.844;2.35335;16
11:58:09.201;48.8472;2.34494;48.8502;2.33635;48.8442;2.35352;16
11:58:09.583;48.8474;2.34511;48.8503;2.33653;48.8444;2.3537;16
11:58:09.583;48.8474;2.34517;48.8504;2.33659;48.8445;2.35373;16
11:58:09.872;48.8476;2.34532;48.8505;2.33675;48.8446;2.35391;16
11:58:09.873;48.8477;2.34541;48.8507;2.33682;48.8447;2.35399;16
11:58:10.126;48.848;2.3456;48.851;2.33702;48.845;2.35416;16
11:58:10.126;48.8482;2.34578;48.8512;2.33719;48.8452;2.35434;16
11:58:10.781;48.8484;2.34596;48.8514;2.33739;48.8454;2.35455;16
11:58:10.782;48.8486;2.34621;48.8516;2.33762;48.8456;2.35477;16
11:58:10.782;48.8486;2.34628;48.8516;2.33771;48.8456;2.35486;16
11:58:10.782;48.8487;2.34625;48.8516;2.33766;48.8457;2.35481;16
11:58:10.947;48.8487;2.34621;48.8516;2.33762;48.8457;2.35477;16
11:58:11.965;48.8487;2.34621;48.8516;2.33762;48.8457;2.35477;16
11:58:12.264;48.8487;2.34679;48.8516;2.3382;48.8457;2.35536;16
11:58:12.265;48.8487;2.34686;48.8516;2.33829;48.8457;2.35545;16
11:58:12.362;48.8487;2.34689;48.8516;2.3383;48.8457;2.35545;16
11:58:12.918;48.8487;2.34689;48.8516;2.3383;48.8457;2.35545;16
11:58:12.919;48.8487;2.34694;48.8517;2.33835;48.8457;2.3555;16
11:58:13.225;48.8487;2.3479;48.8517;2.33931;48.8457;2.35648;16
11:58:13.225;48.8487;2.34811;48.8517;2.33952;48.8457;2.35669;16
11:58:13.482;48.8487;2.34813;48.8517;2.33955;48.8457;2.35669;16
11:58:13.482;48.8487;2.34813;48.8517;2.33955;48.8457;2.35669;16
11:58:13.796;48.8487;2.34816;48.8517;2.33957;48.8457;2.35674;16
11:58:13.796;48.8487;2.3481;48.8517;2.33951;48.8457;2.35666;16
11:58:14.121;48.8486;2.34647;48.8516;2.33788;48.8456;2.35503;16
11:58:14.121;48.8486;2.34639;48.8516;2.33781;48.8456;2.35498;16
11:58:14.566;48.8486;2.34636;48.8516;2.33777;48.8456;2.35493;16
11:58:14.567;48.8487;2.34625;48.8517;2.33766;48.8457;2.35481;16
11:58:14.847;48.8489;2.3452;48.8519;2.33661;48.846;2.35378;16
11:58:14.847;48.8489;2.34506;48.8518;2.33649;48.8459;2.35365;16
11:58:15.152;48.8488;2.34502;48.8518;2.33644;48.8458;2.35361;16
11:58:15.152;48.8488;2.34502;48.8517;2.33644;48.8458;2.35361;16
11:58:15.426;48.8488;2.34505;48.8517;2.33646;48.8458;2.35361;16
11:58:15.426;48.8488;2.34505;48.8517;2.33646;48.8458;2.35361;16
11:58:15.714;48.8487;2.34506;48.8517;2.33649;48.8457;2.35365;16
11:58:15.715;48.8487;2.34509;48.8517;2.3365;48.8457;2.35365;16
11:58:15.852;48.8487;2.34506;48.8517;2.33649;48.8457;2.35365;16
11:58:19.676;48.8486;2.34474;48.8516;2.33617;48.8456;2.3533;16
11:58:19.676;48.8484;2.34412;48.8514;2.33554;48.8455;2.35271;16
11:58:20.244;48.8483;2.34282;48.8513;2.33423;48.8453;2.35138;16
11:58:20.244;48.8483;2.34271;48.8513;2.33412;48.8453;2.35129;16
11:58:20.841;48.848;2.34241;48.851;2.33382;48.845;2.35098;16
11:58:20.842;48.8484;2.34322;48.8513;2.33464;48.8454;2.35181;16
11:58:20.842;48.8488;2.34467;48.8518;2.33607;48.8458;2.35323;16
11:58:20.842;48.8489;2.34479;48.8518;2.3362;48.8459;2.35335;16
11:58:21.127;48.8489;2.34479;48.8518;2.3362;48.8459;2.35335;16
11:58:21.127;48.8489;2.34485;48.8519;2.33627;48.8459;2.35344;16
11:58:21.245;48.8489;2.34479;48.8519;2.3362;48.8459;2.35335;16
11:58:29.664;48.8486;2.34506;48.8516;2.33649;48.8456;2.35365;16
11:58:29.665;48.8486;2.34669;48.8516;2.33812;48.8456;2.35529;16
11:58:30.026;48.849;2.34738;48.852;2.33881;48.846;2.35597;16
11:58:30.026;48.849;2.34749;48.852;2.33891;48.846;2.35605;16
11:58:30.345;48.8489;2.34766;48.8519;2.33908;48.846;2.35623;16
11:58:30.346;48.8489;2.34775;48.8519;2.33917;48.8459;2.35631;16
11:58:30.607;48.849;2.34805;48.852;2.33946;48.846;2.35661;16
11:58:30.607;48.8489;2.34834;48.8518;2.33977;48.8459;2.3569;16
11:58:30.724;48.849;2.34822;48.852;2.33963;48.8461;2.35678;16
11:58:39.492;48.8491;2.34824;48.8521;2.33966;48.8461;2.35683;16
11:58:58.457;48.849;2.34818;48.852;2.3396;48.846;2.35674;16
11:58:58.577;48.8488;2.34723;48.8517;2.33865;48.8458;2.35579;16
11:58:58.763;48.8488;2.34718;48.8517;2.33861;48.8458;2.35576;16
11:58:59.186;48.8488;2.34715;48.8517;2.33856;48.8458;2.35571;16
11:58:59.186;48.849;2.3461;48.852;2.33751;48.846;2.35468;16
11:59:00.019;48.849;2.34612;48.852;2.33754;48.846;2.35468;16
11:59:00.019;48.8489;2.34581;48.8519;2.33723;48.846;2.35439;16
11:59:00.301;48.8488;2.34517;48.8518;2.33659;48.8458;2.35373;16
11:59:00.301;48.8483;2.34378;48.8513;2.33519;48.8453;2.35236;16
11:59:00.602;48.8479;2.34225;48.8509;2.33368;48.8449;2.35081;16
11:59:00.602;48.8475;2.34084;48.8504;2.33226;48.8445;2.3494;16
11:59:00.938;48.8469;2.33946;48.8499;2.33089;48.8439;2.34802;16
11:59:00.939;48.8469;2.33929;48.8499;2.3307;48.8439;2.34785;16
11:59:02.151;48.8469;2.33929;48.8499;2.3307;48.8439;2.34785;16
11:59:02.152;48.8468;2.3392;48.8498;2.33063;48.8438;2.34776;16
11:59:02.409;48.8468;2.33904;48.8498;2.33046;48.8438;2.3476;16
11:59:02.409;48.8468;2.33899;48.8498;2.33041;48.8438;2.34755;16
11:59:02.690;48.8468;2.33899;48.8498;2.33041;48.8438;2.34755;16
11:59:02.690;48.8468;2.33897;48.8498;2.33038;48.8438;2.34755;16
11:59:02.801;48.8468;2.33897;48.8498;2.33038;48.8438;2.34755;16
11:59:02.969;48.8468;2.33897;48.8498;2.33038;48.8438;2.34755;16
11:59:03.323;48.8469;2.33897;48.8498;2.33038;48.8439;2.34755;16
11:59:03.323;48.847;2.33897;48.8499;2.33038;48.844;2.34755;16
11:59:06.464;48.8469;2.33894;48.8499;2.33037;48.8439;2.34752;16
11:59:06.465;48.8467;2.33812;48.8497;2.32953;48.8437;2.34669;16
11:59:06.736;48.8466;2.3382;48.8496;2.32962;48.8437;2.34679;16
11:59:06.737;48.8467;2.33818;48.8496;2.32959;48.8437;2.34674;16
11:59:06.835;48.8467;2.33812;48.8497;2.32953;48.8437;2.34669;16
11:59:51.389;48.8467;2.33801;48.8497;2.32942;48.8437;2.34657;16
11:59:51.389;48.8467;2.33788;48.8497;2.3293;48.8437;2.34644;16
11:59:51.674;48.8462;2.33708;48.8492;2.32851;48.8433;2.34567;16
11:59:51.674;48.8462;2.33722;48.8492;2.32863;48.8432;2.34579;16
11:59:52.056;48.8459;2.33762;48.8489;2.32904;48.8429;2.34618;16
11:59:52.057;48.8459;2.33765;48.8489;2.32906;48.8429;2.34622;16
11:59:52.747;48.8459;2.33772;48.8489;2.32915;48.8429;2.34631;16
11:59:52.747;48.8462;2.33803;48.8492;2.32944;48.8432;2.34662;16
11:59:53.435;48.8465;2.33803;48.8494;2.32944;48.8435;2.34662;16
11:59:53.435;48.8467;2.33804;48.8497;2.32947;48.8437;2.34662;16
11:59:56.057;48.8467;2.33804;48.8526;2.32088;48.8407;2.35519;15
11:59:57.159;48.8467;2.33804;48.8586;2.30371;48.8347;2.37236;14
11:59:59.102;48.847;2.33804;48.859;2.30371;48.8351;2.37236;14
11:59:59.102;48.8476;2.33839;48.8596;2.30406;48.8357;2.37271;14
11:59:59.209;48.8499;2.33951;48.8619;2.30518;48.838;2.37383;14
11:59:59.210;48.8507;2.3396;48.8627;2.30527;48.8388;2.3739;14
11:59:59.531;48.8526;2.34003;48.8645;2.30569;48.8407;2.37433;14
11:59:59.532;48.8533;2.34003;48.8652;2.30569;48.8413;2.37433;14
11:59:59.658;48.855;2.34105;48.8669;2.30672;48.843;2.37537;14
11:59:59.658;48.8555;2.34131;48.8675;2.30698;48.8436;2.37563;14
12:00:00.231;48.8562;2.3414;48.8682;2.30707;48.8443;2.3757;14
12:00:00.231;48.8564;2.3414;48.8683;2.30707;48.8444;2.3757;14
12:00:00.231;48.8566;2.3414;48.8685;2.30707;48.8447;2.3757;14
12:00:00.231;48.8566;2.34131;48.8685;2.30698;48.8447;2.37563;14
12:00:00.232;48.8566;2.34062;48.8685;2.30629;48.8446;2.37494;14
12:00:01.266;48.8568;2.34071;48.8688;2.30638;48.8449;2.37502;14
12:00:01.266;48.859;2.34088;48.8709;2.30655;48.847;2.3752;14
12:00:01.759;48.8611;2.34045;48.8731;2.30612;48.8492;2.37476;14
12:00:01.760;48.8621;2.34029;48.874;2.30595;48.8502;2.37459;14
12:00:02.007;48.8638;2.3396;48.8758;2.30527;48.8519;2.3739;14
12:00:02.007;48.8644;2.33968;48.8764;2.30534;48.8525;2.37399;14
12:00:02.179;48.8646;2.33968;48.8766;2.30534;48.8527;2.37399;14
12:00:02.180;48.8646;2.33968;48.8766;2.30534;48.8527;2.37399;14
12:00:02.246;48.8647;2.33942;48.8766;2.30508;48.8527;2.37373;14
12:00:02.414;48.8647;2.3396;48.8767;2.30527;48.8528;2.3739;14
12:00:02.415;48.8649;2.33977;48.8768;2.30544;48.8529;2.37408;14
12:00:02.750;48.8652;2.34003;48.8771;2.30569;48.8532;2.37433;14
12:00:02.750;48.8652;2.33977;48.8772;2.30544;48.8533;2.37408;14
12:00:02.929;48.8651;2.33977;48.8771;2.30544;48.8532;2.37408;14
12:00:02.929;48.865;2.3396;48.8769;2.30527;48.853;2.3739;14
12:00:03.031;48.865;2.3396;48.8769;2.30527;48.853;2.3739;14
12:00:03.031;48.865;2.33968;48.877;2.30534;48.8531;2.37399;14
12:00:03.160;48.8651;2.33977;48.877;2.30544;48.8531;2.37408;14
12:00:03.484;48.8649;2.33899;48.8768;2.30466;48.8529;2.37331;14
12:00:03.484;48.8649;2.33899;48.8768;2.30466;48.8529;2.37331;14
12:00:03.608;48.8633;2.33839;48.8752;2.30406;48.8513;2.37271;14
12:00:03.608;48.8625;2.33823;48.8744;2.30389;48.8505;2.37253;14
12:00:03.791;48.8618;2.33771;48.8737;2.30338;48.8498;2.37201;14
12:00:03.791;48.8615;2.33771;48.8734;2.30338;48.8495;2.37201;14
12:00:04.163;48.8609;2.33788;48.8728;2.30354;48.849;2.37219;14
12:00:04.164;48.8605;2.33788;48.8725;2.30354;48.8486;2.37219;14
12:00:04.219;48.8578;2.33899;48.8697;2.30466;48.8459;2.37331;14
12:00:04.772;48.8577;2.33899;48.8697;2.30466;48.8458;2.37331;14
12:00:04.773;48.8567;2.33873;48.8686;2.3044;48.8447;2.37305;14
12:00:04.860;48.8527;2.33762;48.8646;2.30328;48.8407;2.37193;14
12:00:04.860;48.8515;2.33754;48.8634;2.30321;48.8395;2.37184;14
12:00:05.023;48.849;2.33736;48.861;2.30302;48.8371;2.37167;14
12:00:05.023;48.8484;2.33736;48.8604;2.30302;48.8365;2.37167;14
12:00:05.335;48.8466;2.33736;48.8586;2.30302;48.8347;2.37167;14
12:00:05.336;48.846;2.33736;48.8579;2.30302;48.834;2.37167;14
12:00:05.539;48.844;2.33797;48.8559;2.30363;48.832;2.37227;14
12:00:05.540;48.844;2.33865;48.856;2.30432;48.8321;2.37296;14
12:00:05.540;48.8442;2.33925;48.8561;2.30492;48.8322;2.37357;14
12:00:05.708;48.8441;2.34062;48.8561;2.30629;48.8322;2.37494;14
12:00:05.709;48.8431;2.3396;48.855;2.30527;48.8311;2.3739;14
12:00:06.070;48.8459;2.33316;48.8578;2.29883;48.8339;2.36746;14
12:00:06.071;48.8467;2.33067;48.8587;2.29634;48.8348;2.36497;14
12:00:06.071;48.8478;2.32767;48.8597;2.29333;48.8358;2.36197;14
12:00:06.071;48.8481;2.32724;48.86;2.29291;48.8361;2.36154;14
12:00:06.397;48.8493;2.32526;48.8613;2.29092;48.8374;2.35957;14
12:00:06.397;48.8495;2.32449;48.8615;2.29016;48.8376;2.3588;14
12:00:06.457;48.8499;2.32346;48.8619;2.28912;48.838;2.35777;14
12:00:06.457;48.85;2.3232;48.8619;2.28886;48.8381;2.35751;14
12:00:06.864;48.85;2.3232;48.8619;2.28886;48.8381;2.35751;14
12:00:06.864;48.8503;2.3226;48.8623;2.28827;48.8384;2.3569;14
12:00:07.051;48.8513;2.31995;48.8633;2.28561;48.8394;2.35425;14
12:00:07.051;48.8515;2.31874;48.8634;2.28441;48.8395;2.35304;14
12:00:07.196;48.852;2.31514;48.8639;2.28081;48.84;2.34944;14
12:00:07.197;48.8523;2.31445;48.8643;2.28012;48.8404;2.34875;14
12:00:07.625;48.8529;2.31273;48.8649;2.2784;48.841;2.34705;14
12:00:07.625;48.8531;2.31213;48.865;2.2778;48.8411;2.34644;14
12:00:07.625;48.8538;2.31058;48.8657;2.27625;48.8418;2.34489;14
12:00:07.625;48.8539;2.30998;48.8658;2.27565;48.842;2.3443;14
12:00:07.833;48.8544;2.30896;48.8663;2.27463;48.8424;2.34326;14
12:00:07.833;48.8545;2.30861;48.8664;2.27428;48.8425;2.34293;14
12:00:08.063;48.8547;2.30844;48.8666;2.27411;48.8428;2.34274;14
12:00:08.063;48.8548;2.30844;48.8667;2.27411;48.8428;2.34274;14
12:00:08.249;48.8548;2.30852;48.8667;2.27419;48.8429;2.34283;14
12:00:08.250;48.8548;2.30852;48.8667;2.27419;48.8429;2.34283;14
12:00:08.425;48.8549;2.30844;48.8669;2.27411;48.843;2.34274;14
12:00:08.425;48.8549;2.30827;48.8669;2.27394;48.843;2.34258;14
12:00:08.598;48.8549;2.30835;48.8669;2.27402;48.843;2.34267;14
12:00:08.598;48.8549;2.3087;48.8669;2.27437;48.843;2.343;14
12:00:08.770;48.8552;2.3087;48.8671;2.27437;48.8433;2.343;14
12:00:08.770;48.8546;2.30956;48.8665;2.27522;48.8426;2.34387;14
12:00:08.919;48.8536;2.3123;48.8656;2.27797;48.8417;2.34662;14
12:00:08.920;48.8533;2.31316;48.8652;2.27882;48.8413;2.34747;14
12:00:09.095;48.8518;2.3159;48.8638;2.28157;48.8399;2.35022;14
12:00:09.095;48.8512;2.31694;48.8632;2.28261;48.8393;2.35124;14
12:00:09.234;48.8492;2.3195;48.8612;2.28517;48.8373;2.35382;14
12:00:09.234;48.8488;2.32011;48.8607;2.28578;48.8368;2.35442;14
12:00:09.581;48.8483;2.32071;48.8602;2.28638;48.8364;2.35503;14
12:00:09.581;48.8483;2.32054;48.8602;2.28621;48.8363;2.35486;14
12:00:09.581;48.8482;2.31969;48.8601;2.28535;48.8363;2.35399;14
12:00:10.080;48.8476;2.32071;48.8596;2.28638;48.8357;2.35503;14
12:00:10.080;48.8472;2.32149;48.8591;2.28716;48.8352;2.35579;14
12:00:10.194;48.8455;2.32518;48.8575;2.29085;48.8336;2.35948;14
12:00:10.194;48.8455;2.32613;48.8574;2.29179;48.8335;2.36043;14
12:00:10.333;48.845;2.32843;48.857;2.2941;48.8331;2.36275;14
12:00:10.333;48.8449;2.33032;48.8568;2.29599;48.8329;2.36464;14
12:00:10.770;48.8447;2.33247;48.8566;2.29814;48.8327;2.36678;14
12:00:10.771;48.8446;2.33385;48.8565;2.29951;48.8326;2.36815;14
12:00:10.771;48.8445;2.33461;48.8565;2.30028;48.8326;2.36893;14
12:00:10.771;48.8444;2.3365;48.8564;2.30217;48.8325;2.37082;14
12:00:10.771;48.8445;2.33676;48.8565;2.30243;48.8326;2.37108;14
12:00:10.924;48.8445;2.33643;48.8565;2.30209;48.8326;2.37073;14
12:00:10.924;48.8444;2.33624;48.8564;2.30191;48.8325;2.37056;14
12:00:11.089;48.8444;2.33633;48.8564;2.302;48.8325;2.37064;14
12:00:11.089;48.8444;2.33633;48.8564;2.302;48.8325;2.37064;14
12:00:11.238;48.8442;2.33633;48.8561;2.302;48.8322;2.37064;14
12:00:11.239;48.8442;2.33633;48.8561;2.302;48.8322;2.37064;14
12:00:11.397;48.8444;2.33607;48.8564;2.30174;48.8325;2.37039;14
12:00:11.397;48.8446;2.33565;48.8565;2.30132;48.8326;2.36996;14
12:00:12.171;48.8446;2.33565;48.8506;2.31848;48.8386;2.35278;15
12:00:12.780;48.8446;2.33565;48.8476;2.32706;48.8416;2.34421;16
12:00:13.583;48.8446;2.33574;48.8476;2.32715;48.8416;2.3443;16
12:00:13.584;48.8452;2.33644;48.8482;2.32785;48.8423;2.34502;16
12:00:13.849;48.8455;2.33649;48.8484;2.3279;48.8425;2.34506;16
12:00:13.849;48.8455;2.33659;48.8485;2.328;48.8425;2.34515;16
12:00:14.178;48.8456;2.33653;48.8486;2.32794;48.8426;2.34511;16
12:00:14.179;48.8456;2.33656;48.8486;2.32799;48.8427;2.34515;16
12:00:14.506;48.8456;2.33665;48.8486;2.32806;48.8426;2.34525;16
12:00:14.506;48.8457;2.33665;48.8487;2.32806;48.8427;2.34525;16
12:00:14.827;48.8457;2.33664;48.8487;2.32805;48.8428;2.3452;16
12:00:14.827;48.8459;2.33665;48.8489;2.32806;48.8429;2.34525;16
12:00:15.114;48.846;2.33678;48.849;2.3282;48.843;2.34537;16
12:00:15.114;48.846;2.33687;48.849;2.32829;48.843;2.34546;16
12:00:15.403;48.8462;2.33701;48.8492;2.32841;48.8432;2.34558;16
12:00:15.404;48.8463;2.33698;48.8493;2.3284;48.8433;2.34554;16
12:00:15.724;48.8463;2.33708;48.8493;2.32851;48.8433;2.34567;16
12:00:15.724;48.8464;2.33711;48.8493;2.32852;48.8434;2.34567;16
12:00:15.849;48.8465;2.33701;48.8494;2.32841;48.8435;2.34558;16
12:00:45.875;48.8465;2.33701;48.8524;2.31982;48.8405;2.35416;15
12:00:46.359;48.8465;2.33701;48.8584;2.30267;48.8345;2.37134;14
12:00:46.999;48.8467;2.33649;48.8587;2.30215;48.8348;2.37082;14
12:00:47.000;48.8478;2.33382;48.8597;2.29948;48.8358;2.36815;14
12:00:47.094;48.849;2.33022;48.861;2.29588;48.8371;2.36455;14
12:00:47.095;48.8494;2.3291;48.8613;2.29477;48.8374;2.36343;14
12:00:47.261;48.8502;2.32584;48.8622;2.2915;48.8383;2.36017;14
12:00:47.261;48.8503;2.3255;48.8623;2.29117;48.8384;2.35983;14
12:00:47.451;48.8503;2.32524;48.8623;2.29091;48.8384;2.35957;14
12:00:47.451;48.8506;2.32292;48.8625;2.28859;48.8386;2.35725;14
12:00:47.451;48.8507;2.32164;48.8626;2.28731;48.8387;2.35597;14
12:00:47.757;48.8507;2.32164;48.8626;2.28731;48.8387;2.35597;14
12:00:47.757;48.8508;2.32146;48.8628;2.28712;48.8389;2.35579;14
12:00:48.663;48.8511;2.3212;48.8631;2.28687;48.8392;2.35553;14
12:00:48.663;48.8517;2.31982;48.8636;2.28549;48.8397;2.35416;14
12:00:48.881;48.8525;2.31854;48.8644;2.28421;48.8405;2.35287;14
12:00:48.882;48.8533;2.31752;48.8653;2.28319;48.8414;2.35185;14
12:00:49.809;48.8546;2.314;48.8666;2.27966;48.8427;2.34833;14
12:00:49.810;48.8548;2.31279;48.8667;2.27846;48.8428;2.34712;14
12:00:49.810;48.8549;2.31236;48.8669;2.27803;48.843;2.34669;14
12:00:49.810;48.8552;2.31065;48.8671;2.27632;48.8433;2.34499;14
12:00:49.810;48.8557;2.30978;48.8676;2.27545;48.8437;2.34412;14
12:00:49.810;48.8564;2.30722;48.8683;2.27289;48.8444;2.34155;14
12:00:49.810;48.8566;2.30704;48.8685;2.27271;48.8446;2.34137;14
12:00:49.811;48.8571;2.30516;48.8691;2.27083;48.8452;2.33949;14
12:00:49.811;48.8577;2.3036;48.8696;2.26927;48.8457;2.33794;14
12:00:50.022;48.858;2.30334;48.8699;2.26901;48.846;2.33768;14
12:00:50.328;48.858;2.30267;48.87;2.26834;48.8461;2.33701;14
12:00:50.328;48.858;2.30241;48.87;2.26808;48.8461;2.33675;14
12:00:50.421;48.8582;2.30173;48.8701;2.2674;48.8462;2.33606;14
12:00:50.421;48.8581;2.3018;48.87;2.26747;48.8461;2.33614;14
12:00:51.129;48.8581;2.30197;48.87;2.26764;48.8461;2.3363;14
12:00:51.130;48.8579;2.30206;48.8699;2.26773;48.846;2.3364;14
12:00:51.389;48.8589;2.30121;48.8709;2.26688;48.847;2.33554;14
12:00:51.389;48.8597;2.30069;48.8716;2.26636;48.8477;2.33502;14
12:00:51.608;48.8614;2.2982;48.8733;2.26387;48.8494;2.33253;14
12:00:51.608;48.8621;2.29742;48.874;2.26309;48.8502;2.33176;14
12:00:52.316;48.8624;2.29666;48.8743;2.26233;48.8504;2.33099;14
12:00:52.317;48.8624;2.29666;48.8744;2.26233;48.8505;2.33099;14
12:00:52.317;48.8624;2.29657;48.8744;2.26224;48.8505;2.3309;14
12:00:52.317;48.8625;2.29657;48.8744;2.26224;48.8505;2.3309;14
12:00:52.317;48.8625;2.2964;48.8744;2.26207;48.8505;2.33073;14
12:00:52.317;48.862;2.29768;48.8739;2.26335;48.85;2.33202;14
12:00:52.484;48.862;2.29768;48.8739;2.26335;48.85;2.33202;14
12:00:53.620;48.862;2.29768;48.868;2.28052;48.856;2.31485;15
12:00:55.211;48.862;2.29768;48.868;2.28052;48.856;2.31485;15
12:00:55.211;48.8619;2.29718;48.8678;2.28;48.8559;2.31433;15
12:00:55.747;48.8621;2.2952;48.868;2.27803;48.8561;2.31236;15
12:00:55.748;48.8622;2.29468;48.8681;2.27751;48.8562;2.31184;15
12:00:56.263;48.8621;2.29236;48.8681;2.27521;48.8562;2.30954;15
12:00:56.263;48.8624;2.29074;48.8683;2.27357;48.8564;2.30791;15
12:00:56.515;48.8621;2.29077;48.868;2.27361;48.8561;2.30794;15
12:00:58.833;48.862;2.29077;48.868;2.27361;48.8561;2.30794;15
12:00:59.340;48.8609;2.29077;48.8669;2.27361;48.8549;2.30794;15
12:00:59.340;48.8609;2.29082;48.8669;2.27365;48.8549;2.30798;15
12:01:01.161;48.8608;2.29095;48.8668;2.27379;48.8549;2.30812;15
12:01:01.161;48.8608;2.29099;48.8667;2.27383;48.8548;2.30817;15
12:01:01.841;48.8613;2.29031;48.8673;2.27313;48.8553;2.30746;15
12:01:02.457;48.8612;2.29039;48.8672;2.27322;48.8553;2.30756;15
12:01:02.458;48.8612;2.28992;48.8672;2.27275;48.8553;2.30708;15
12:01:02.934;48.8614;2.28944;48.8673;2.27228;48.8554;2.30661;15
12:01:02.934;48.8615;2.28923;48.8674;2.27206;48.8555;2.3064;15
12:01:03.421;48.8615;2.28911;48.8674;2.27194;48.8555;2.30627;15
12:01:03.421;48.8616;2.28897;48.8675;2.2718;48.8556;2.30614;15
12:01:06.308;48.8614;2.28911;48.8674;2.27194;48.8555;2.30627;15
12:01:06.308;48.861;2.28897;48.867;2.2718;48.855;2.30614;15
12:01:06.800;48.8607;2.2894;48.8667;2.27223;48.8548;2.30656;15
12:01:06.800;48.8607;2.2897;48.8666;2.27254;48.8547;2.30687;15
12:01:07.279;48.8608;2.29022;48.8668;2.27306;48.8549;2.30739;15
12:01:07.279;48.8609;2.28992;48.8669;2.27275;48.8549;2.30708;15
12:01:08.128;48.8611;2.28966;48.8671;2.27249;48.8551;2.30682;15
12:01:08.129;48.8614;2.28923;48.8674;2.27206;48.8554;2.3064;15
12:01:08.433;48.8618;2.28833;48.8678;2.27116;48.8558;2.3055;15
12:01:09.006;48.8618;2.28833;48.8648;2.27975;48.8588;2.29692;16
12:01:11.721;48.8619;2.28844;48.8648;2.27986;48.8589;2.297;16
12:01:11.721;48.8616;2.28917;48.8646;2.28058;48.8586;2.29773;16
12:01:12.057;48.8616;2.28929;48.8645;2.28072;48.8586;2.29785;16
12:01:12.057;48.8617;2.28915;48.8647;2.28056;48.8587;2.29773;16
12:01:12.260;48.8618;2.289;48.8647;2.28041;48.8588;2.29756;16
12:01:13.161;48.8616;2.28905;48.8646;2.28046;48.8587;2.29761;16
12:01:13.161;48.8613;2.28937;48.8643;2.28078;48.8584;2.29794;16
12:01:13.378;48.8613;2.28938;48.8643;2.28081;48.8583;2.29794;16
12:01:13.698;48.8613;2.28937;48.8643;2.28078;48.8584;2.29794;16
12:01:13.698;48.8615;2.289;48.8645;2.28041;48.8586;2.29756;16
12:01:15.306;48.8615;2.289;48.8645;2.28041;48.8585;2.29756;16
12:01:15.627;48.8615;2.28917;48.8645;2.28058;48.8585;2.29773;16
12:01:15.627;48.8616;2.28922;48.8645;2.28062;48.8586;2.29778;16
12:01:15.994;48.8616;2.28926;48.8646;2.28067;48.8586;2.29782;16
12:01:15.994;48.8616;2.28926;48.8646;2.28067;48.8586;2.29782;16
12:01:16.133;48.8616;2.28908;48.8646;2.2805;48.8586;2.29764;16
12:01:17.142;48.8616;2.28908;48.8646;2.2805;48.8586;2.29764;16
12:01:17.143;48.8617;2.28911;48.8647;2.28052;48.8587;2.29768;16
12:01:19.365;48.8617;2.28911;48.8632;2.28482;48.8602;2.2934;17
12:01:20.571;48.8617;2.28911;48.8632;2.28482;48.8602;2.2934;17
12:01:20.572;48.8618;2.28891;48.8633;2.28462;48.8603;2.2932;17
12:01:21.057;48.8623;2.28806;48.8638;2.28377;48.8608;2.29234;17
12:01:21.058;48.8625;2.28764;48.864;2.28336;48.8611;2.29193;17
12:01:21.114;48.8627;2.28749;48.8642;2.2832;48.8612;2.29179;17
12:01:21.603;48.8627;2.28749;48.8642;2.2832;48.8612;2.29179;17
12:01:21.603;48.8627;2.28749;48.8642;2.2832;48.8612;2.29179;17
12:01:25.805;48.8627;2.28749;48.8657;2.27892;48.8597;2.29608;16
12:01:26.617;48.8627;2.28749;48.8687;2.27032;48.8567;2.30466;15
12:01:26.909;48.8627;2.28749;48.8746;2.25316;48.8508;2.32182;14
12:01:27.828;48.8624;2.28818;48.8744;2.25385;48.8505;2.32251;14
12:01:27.828;48.8595;2.29471;48.8714;2.26038;48.8475;2.32904;14
12:01:27.942;48.8547;2.30844;48.8666;2.27411;48.8427;2.34277;14
12:01:27.942;48.8542;2.31033;48.8662;2.276;48.8423;2.34467;14
12:01:28.370;48.8531;2.31316;48.865;2.27882;48.8412;2.34749;14
12:01:28.370;48.8522;2.31564;48.8642;2.28131;48.8403;2.34998;14
12:01:28.371;48.8506;2.32063;48.8626;2.2863;48.8387;2.35497;14
12:01:28.371;48.8497;2.32277;48.8616;2.28844;48.8378;2.3571;14
12:01:28.563;48.8494;2.32362;48.8614;2.28929;48.8375;2.35796;14
12:01:29.242;48.8489;2.3244;48.8608;2.29007;48.8369;2.35873;14
12:01:29.242;48.8479;2.32835;48.8598;2.29402;48.836;2.36269;14
12:01:29.462;48.8475;2.3311;48.8595;2.29677;48.8356;2.36543;14
12:01:29.462;48.8473;2.33144;48.8593;2.2971;48.8354;2.36577;14
12:01:29.509;48.8471;2.33281;48.8591;2.29848;48.8352;2.36714;14
12:01:29.509;48.8471;2.33247;48.8591;2.29814;48.8352;2.36681;14
12:01:29.616;48.8472;2.33205;48.8591;2.29771;48.8352;2.36638;14
12:01:30.438;48.8472;2.33205;48.8531;2.31488;48.8412;2.34921;15
12:01:31.355;48.8472;2.33205;48.8502;2.32346;48.8442;2.34062;16
12:01:31.724;48.847;2.33429;48.85;2.32571;48.844;2.34288;16
12:01:31.724;48.8469;2.33453;48.8499;2.32594;48.844;2.34311;16
12:01:32.137;48.8469;2.33466;48.8499;2.32608;48.8439;2.34325;16
12:01:32.137;48.8469;2.33469;48.8499;2.3261;48.8439;2.34326;16
12:01:32.377;48.8469;2.33461;48.8499;2.32603;48.8439;2.3432;16
12:01:33.530;48.8467;2.33492;48.8497;2.32634;48.8438;2.34351;16
12:01:33.530;48.8467;2.3354;48.8497;2.32683;48.8437;2.34399;16
12:01:33.859;48.8467;2.33545;48.8497;2.32687;48.8437;2.34404;16
12:01:33.860;48.8467;2.33549;48.8497;2.32692;48.8437;2.34409;16
12:01:34.186;48.8466;2.33549;48.8496;2.32692;48.8436;2.34409;16
12:01:34.186;48.8465;2.33549;48.8495;2.32692;48.8435;2.34409;16
12:01:34.325;48.8465;2.33556;48.8494;2.32698;48.8435;2.34415;16
12:01:46.346;48.8465;2.33556;48.8524;2.31839;48.8405;2.35272;15
12:01:46.614;48.8465;2.33556;48.8584;2.30122;48.8345;2.36989;14
12:01:47.449;48.8466;2.3353;48.8586;2.30096;48.8347;2.36963;14
12:01:47.450;48.8475;2.33058;48.8594;2.29625;48.8355;2.36491;14
12:01:47.503;48.8492;2.32362;48.8611;2.28929;48.8372;2.35796;14
12:01:47.503;48.8502;2.31976;48.8621;2.28543;48.8382;2.3541;14
12:01:47.682;48.8507;2.31531;48.8627;2.28098;48.8388;2.34964;14
12:01:47.683;48.851;2.31195;48.8629;2.27762;48.839;2.34628;14
12:01:47.862;48.8516;2.30397;48.8636;2.26964;48.8397;2.3383;14
12:01:47.863;48.852;2.29935;48.8639;2.26501;48.84;2.33368;14
12:01:48.009;48.8524;2.29788;48.8644;2.26355;48.8405;2.33221;14
12:01:48.886;48.8525;2.29736;48.8644;2.26303;48.8405;2.3317;14
12:01:48.887;48.8539;2.29393;48.8658;2.2596;48.842;2.32826;14
12:01:49.106;48.855;2.29256;48.867;2.25822;48.8431;2.32689;14
12:01:49.107;48.8551;2.29256;48.867;2.25822;48.8432;2.32689;14
12:01:49.540;48.8552;2.2923;48.8671;2.25797;48.8433;2.32663;14
12:01:49.540;48.8553;2.2923;48.8672;2.25797;48.8433;2.32663;14
12:01:49.540;48.8552;2.2923;48.8671;2.25797;48.8433;2.32663;14
12:01:49.863;48.8553;2.29248;48.8672;2.25815;48.8433;2.32681;14
12:01:49.863;48.8556;2.29282;48.8675;2.25848;48.8437;2.32715;14
12:01:50.206;48.8573;2.29428;48.8692;2.25995;48.8453;2.32861;14
12:01:50.207;48.858;2.29428;48.87;2.25995;48.8461;2.32861;14
12:01:50.402;48.8588;2.29478;48.8708;2.26045;48.8469;2.32912;14
12:01:50.402;48.8593;2.29565;48.8713;2.26132;48.8474;2.32999;14
12:01:50.671;48.8599;2.29599;48.8719;2.26166;48.848;2.33032;14
12:01:50.671;48.8601;2.29608;48.8721;2.26175;48.8482;2.33041;14
12:01:50.784;48.8602;2.29565;48.8721;2.26132;48.8482;2.32999;14
12:01:51.900;48.8602;2.29565;48.8661;2.27849;48.8542;2.31282;15
12:01:52.476;48.8602;2.29565;48.8632;2.28706;48.8572;2.30423;16
12:01:52.476;48.8602;2.29565;48.8617;2.29135;48.8587;2.29994;17
12:01:53.189;48.8602;2.29558;48.8616;2.29129;48.8587;2.29988;17
12:01:53.189;48.8605;2.29408;48.862;2.28979;48.859;2.29837;17
12:01:53.542;48.8607;2.29344;48.8622;2.28915;48.8592;2.29773;17
12:01:53.542;48.8607;2.29338;48.8622;2.28908;48.8592;2.29764;17
12:01:53.659;48.8607;2.29341;48.8621;2.28912;48.8592;2.29768;17
12:01:54.420;48.8607;2.29341;48.8636;2.28484;48.8577;2.30197;16
12:01:55.674;48.8614;2.29218;48.8644;2.28358;48.8584;2.30074;16
12:01:55.674;48.8616;2.29146;48.8646;2.28288;48.8586;2.30005;16
12:01:56.114;48.8617;2.29095;48.8646;2.28236;48.8587;2.29953;16
12:01:56.114;48.8618;2.29033;48.8648;2.28174;48.8588;2.29889;16
12:01:56.471;48.8619;2.28986;48.8649;2.28127;48.859;2.29842;16
12:01:56.472;48.8618;2.29008;48.8648;2.28151;48.8588;2.29868;16
12:01:56.757;48.8616;2.29024;48.8646;2.28166;48.8586;2.2988;16
12:01:56.758;48.8616;2.29027;48.8646;2.28168;48.8586;2.29884;16
12:01:57.002;48.8616;2.29027;48.8646;2.28168;48.8586;2.29884;16
12:02:26.709;48.8616;2.29027;48.8675;2.2731;48.8556;2.30743;15
12:02:27.025;48.8616;2.29027;48.8735;2.25594;48.8496;2.3246;14
12:02:28.125;48.861;2.29138;48.873;2.25705;48.8491;2.32571;14
12:02:28.125;48.8564;2.30606;48.8684;2.27173;48.8445;2.34039;14
12:02:28.315;48.855;2.31146;48.8669;2.27713;48.843;2.34579;14
12:02:28.315;48.8545;2.31421;48.8665;2.27988;48.8426;2.34854;14
12:02:28.524;48.8535;2.31712;48.8655;2.28279;48.8416;2.35146;14
12:02:28.524;48.8531;2.31868;48.8651;2.28435;48.8412;2.35301;14
12:02:29.019;48.8521;2.3215;48.864;2.28717;48.8401;2.35583;14
12:02:29.020;48.8519;2.32202;48.8638;2.28769;48.8399;2.35635;14
12:02:29.020;48.851;2.32365;48.863;2.28932;48.8391;2.35799;14
12:02:29.020;48.8501;2.32468;48.8621;2.29034;48.8382;2.35901;14
12:02:29.020;48.849;2.32709;48.861;2.29276;48.8371;2.36142;14
12:02:29.803;48.8486;2.32837;48.8605;2.29404;48.8366;2.3627;14
12:02:29.804;48.8485;2.32957;48.8605;2.29524;48.8366;2.36391;14
12:02:29.881;48.8481;2.33249;48.8601;2.29816;48.8362;2.36682;14
12:02:29.881;48.8481;2.33258;48.8601;2.29825;48.8362;2.36691;14
12:02:29.982;48.8483;2.33223;48.8602;2.2979;48.8363;2.36656;14
12:02:30.871;48.8483;2.33223;48.8542;2.31506;48.8423;2.3494;15
12:02:31.287;48.8483;2.33223;48.8512;2.32365;48.8453;2.34082;16
12:02:31.832;48.8482;2.33264;48.8511;2.32407;48.8452;2.3412;16
12:02:31.832;48.8474;2.33585;48.8504;2.32726;48.8444;2.34442;16
12:02:32.370;48.8468;2.33725;48.8498;2.32867;48.8438;2.34584;16
12:02:32.371;48.8466;2.33807;48.8496;2.32948;48.8436;2.34665;16
12:02:32.496;48.8465;2.33856;48.8495;2.32999;48.8435;2.34712;16
12:02:39.016;48.8465;2.33856;48.8525;2.3214;48.8405;2.35571;15
12:02:39.296;48.8465;2.33856;48.8584;2.30423;48.8345;2.37288;14
12:02:40.751;48.8467;2.33813;48.8586;2.3038;48.8347;2.37245;14
12:02:40.752;48.8467;2.33676;48.8587;2.30243;48.8348;2.37108;14
12:02:40.811;48.8476;2.33205;48.8595;2.29771;48.8356;2.36635;14
12:02:40.812;48.8477;2.33093;48.8597;2.2966;48.8358;2.36523;14
12:02:40.956;48.8479;2.32809;48.8598;2.29376;48.8359;2.3624;14
12:02:40.957;48.848;2.32603;48.8599;2.2917;48.836;2.36035;14
12:02:41.100;48.8477;2.32303;48.8597;2.2887;48.8358;2.35735;14
12:02:41.100;48.8475;2.32088;48.8594;2.28654;48.8355;2.35519;14
12:02:41.280;48.8476;2.31857;48.8596;2.28424;48.8357;2.35287;14
12:02:41.280;48.8476;2.31763;48.8596;2.28329;48.8357;2.35193;14
12:02:42.354;48.8477;2.31763;48.8597;2.28329;48.8358;2.35193;14
12:02:42.354;48.8479;2.31737;48.8598;2.28304;48.8359;2.35167;14
12:02:42.407;48.8484;2.31599;48.8604;2.28166;48.8365;2.3503;14
12:02:42.408;48.8493;2.31564;48.8612;2.28131;48.8373;2.34996;14
12:02:42.971;48.8493;2.31557;48.8613;2.28123;48.8374;2.34987;14
12:02:43.595;48.8493;2.31557;48.8613;2.28123;48.8374;2.34987;14
12:02:44.275;48.8491;2.31564;48.8611;2.28131;48.8372;2.34996;14
12:02:44.275;48.8492;2.31564;48.8611;2.28131;48.8372;2.34996;14
12:02:44.371;48.8495;2.31488;48.8615;2.28055;48.8376;2.34918;14
12:02:44.371;48.8497;2.31453;48.8616;2.2802;48.8378;2.34885;14
12:02:44.525;48.8508;2.31264;48.8627;2.27831;48.8388;2.34695;14
12:02:44.525;48.8516;2.31119;48.8635;2.27686;48.8396;2.34549;14
12:02:44.813;48.8526;2.30852;48.8646;2.27419;48.8407;2.34283;14
12:02:44.814;48.8534;2.30655;48.8653;2.27222;48.8414;2.34087;14
12:02:44.947;48.8545;2.30371;48.8665;2.26938;48.8426;2.33803;14
12:02:44.947;48.8549;2.30321;48.8668;2.26888;48.8429;2.33751;14
12:02:45.210;48.8555;2.30243;48.8675;2.2681;48.8436;2.33675;14
12:02:45.211;48.8559;2.302;48.8678;2.26767;48.8439;2.3363;14
12:02:45.920;48.857;2.30122;48.8689;2.26689;48.8451;2.33554;14
12:02:45.921;48.8576;2.30089;48.8695;2.26656;48.8456;2.33519;14
12:02:45.921;48.8578;2.30054;48.8697;2.2662;48.8458;2.33485;14
12:02:45.921;48.8578;2.30054;48.8697;2.2662;48.8458;2.33485;14
12:02:46.045;48.8574;2.30096;48.8694;2.26663;48.8455;2.33528;14
12:02:58.429;48.8571;2.30148;48.869;2.26715;48.8452;2.3358;14
12:02:58.430;48.8567;2.302;48.8686;2.26767;48.8447;2.3363;14
12:02:58.534;48.8573;2.30432;48.8692;2.26999;48.8453;2.33862;14
12:02:58.534;48.8576;2.30553;48.8695;2.27119;48.8456;2.33983;14
12:02:58.704;48.8582;2.30655;48.8701;2.27222;48.8462;2.34087;14
12:02:58.704;48.8582;2.30681;48.8702;2.27248;48.8463;2.34113;14
12:02:58.814;48.8583;2.30707;48.8702;2.27274;48.8464;2.34137;14
12:02:59.108;48.8583;2.30707;48.8702;2.27274;48.8464;2.34137;14
12:02:59.108;48.8585;2.30681;48.8705;2.27248;48.8466;2.34113;14
12:02:59.304;48.8585;2.3069;48.8705;2.27257;48.8466;2.3412;14
12:02:59.304;48.8585;2.3069;48.8704;2.27257;48.8465;2.3412;14
12:03:02.764;48.8585;2.3069;48.8705;2.27257;48.8466;2.3412;14
12:03:02.764;48.8585;2.30646;48.8705;2.27213;48.8466;2.34077;14
12:03:05.411;48.8585;2.30646;48.8705;2.27213;48.8466;2.34077;14
12:03:05.411;48.8585;2.30629;48.8705;2.27196;48.8466;2.34061;14
12:03:05.519;48.8582;2.30621;48.8701;2.27188;48.8462;2.34052;14
12:03:05.519;48.8577;2.30586;48.8697;2.27153;48.8458;2.34018;14
12:03:05.695;48.8566;2.30389;48.8685;2.26956;48.8447;2.3382;14
12:03:05.695;48.8554;2.30226;48.8674;2.26793;48.8435;2.33656;14
12:03:05.895;48.854;2.30063;48.8659;2.2663;48.842;2.33493;14
12:03:05.896;48.8531;2.29959;48.8651;2.26526;48.8412;2.33391;14
12:03:06.067;48.8522;2.2984;48.8641;2.26407;48.8402;2.3327;14
12:03:06.388;48.8519;2.29805;48.8638;2.26372;48.84;2.33237;14
12:03:06.388;48.8519;2.29805;48.8638;2.26372;48.84;2.33237;14
12:03:06.637;48.8517;2.29788;48.8636;2.26355;48.8397;2.33218;14
12:03:06.638;48.8516;2.29736;48.8635;2.26303;48.8396;2.33168;14
12:03:06.896;48.8508;2.2966;48.8628;2.26227;48.8389;2.3309;14
12:03:06.897;48.8508;2.29642;48.8627;2.26208;48.8388;2.33073;14
12:03:07.973;48.8505;2.29642;48.8624;2.26208;48.8386;2.33073;14
12:03:07.974;48.8498;2.29642;48.8617;2.26208;48.8378;2.33073;14
12:03:08.023;48.8506;2.29625;48.8626;2.26192;48.8387;2.33057;14
12:03:09.067;48.8506;2.29625;48.8566;2.27908;48.8446;2.3134;15
12:03:13.098;48.8506;2.29625;48.8626;2.26192;48.8387;2.33057;14
12:03:13.957;48.8506;2.29608;48.8626;2.26175;48.8387;2.33038;14
12:03:13.957;48.8507;2.29565;48.8626;2.26132;48.8387;2.32996;14
12:03:14.208;48.8516;2.29556;48.8636;2.26123;48.8397;2.32988;14
12:03:14.209;48.8524;2.29488;48.8644;2.26054;48.8405;2.32919;14
12:03:14.449;48.8533;2.29428;48.8652;2.25995;48.8413;2.32858;14
12:03:14.449;48.8539;2.29385;48.8658;2.25952;48.8419;2.32816;14
12:03:14.700;48.8546;2.29367;48.8666;2.25934;48.8427;2.32799;14
12:03:14.700;48.8546;2.29324;48.8666;2.25891;48.8427;2.32756;14
12:03:18.447;48.8546;2.29324;48.8666;2.25891;48.8427;2.32756;14
12:03:18.447;48.8548;2.29308;48.8667;2.25874;48.8428;2.32739;14
12:03:18.533;48.8559;2.29161;48.8679;2.25728;48.844;2.32593;14
12:03:19.675;48.8559;2.29161;48.8619;2.27444;48.8499;2.30876;15
12:03:21.105;48.8559;2.29161;48.8619;2.27444;48.8499;2.30876;15
12:03:21.105;48.8541;2.29204;48.8601;2.27487;48.8481;2.30919;15
12:03:21.572;48.8529;2.29286;48.8589;2.2757;48.8469;2.31;15
12:03:21.573;48.8529;2.29286;48.8589;2.2757;48.8469;2.31;15
12:03:22.010;48.853;2.29277;48.859;2.2756;48.847;2.30992;15
12:03:22.010;48.8531;2.29265;48.859;2.27548;48.8471;2.30978;15
12:03:22.228;48.8533;2.29213;48.8593;2.27496;48.8473;2.30928;15
12:03:24.361;48.851;2.2953;48.857;2.27814;48.8451;2.31245;15
12:03:24.361;48.8507;2.29561;48.8567;2.27844;48.8447;2.31274;15
12:03:24.753;48.8506;2.29582;48.8566;2.27866;48.8446;2.31296;15
12:03:24.754;48.8505;2.29613;48.8564;2.27896;48.8445;2.31326;15
12:03:25.146;48.8504;2.29625;48.8563;2.27908;48.8444;2.3134;15
12:03:25.146;48.8504;2.2963;48.8563;2.27913;48.8444;2.31343;15
12:03:25.520;48.8503;2.29634;48.8563;2.27917;48.8444;2.31348;15
12:03:25.520;48.8503;2.29637;48.8563;2.27921;48.8443;2.31352;15
12:03:25.740;48.8506;2.29604;48.8565;2.27887;48.8446;2.31319;15
12:03:27.497;48.8506;2.29604;48.8535;2.28745;48.8476;2.3046;16
12:03:29.407;48.8507;2.29558;48.8537;2.287;48.8477;2.30417;16
12:03:29.408;48.8508;2.29536;48.8538;2.28679;48.8479;2.30396;16
12:03:29.718;48.8509;2.29509;48.8539;2.28651;48.8479;2.30365;16
12:03:29.718;48.851;2.29498;48.854;2.28641;48.848;2.30357;16
12:03:30.407;48.8512;2.29451;48.8542;2.28593;48.8482;2.3031;16
12:03:30.408;48.8515;2.29381;48.8545;2.28522;48.8486;2.30237;16
12:03:30.891;48.8527;2.29187;48.8557;2.28329;48.8497;2.30043;16
12:03:30.892;48.8534;2.29095;48.8563;2.28236;48.8504;2.29953;16
12:03:31.046;48.8538;2.29076;48.8568;2.28218;48.8508;2.29932;16
12:03:33.266;48.854;2.29042;48.857;2.28183;48.851;2.29898;16
12:03:33.267;48.855;2.28976;48.858;2.28119;48.8521;2.29832;16
12:03:33.588;48.8559;2.28947;48.8589;2.28088;48.8529;2.29803;16
12:03:33.588;48.8559;2.28944;48.8589;2.28087;48.8529;2.29803;16
12:03:34.024;48.8559;2.28943;48.8589;2.28084;48.853;2.29799;16
12:03:34.024;48.8559;2.2894;48.8589;2.28082;48.853;2.29799;16
12:03:35.971;48.8559;2.2894;48.8619;2.27223;48.85;2.30656;15
12:03:36.929;48.8561;2.28958;48.8621;2.27242;48.8501;2.30675;15
12:03:36.930;48.8569;2.29008;48.8629;2.27292;48.8509;2.30725;15
12:03:37.838;48.8572;2.29031;48.8632;2.27313;48.8512;2.30746;15
12:03:40.352;48.8597;2.29155;48.8657;2.27438;48.8537;2.30872;15
12:03:40.353;48.8598;2.2916;48.8657;2.27443;48.8538;2.30876;15
12:03:40.823;48.8598;2.29164;48.8658;2.27448;48.8539;2.30881;15
12:03:40.824;48.8598;2.29164;48.8658;2.27448;48.8539;2.30881;15
12:03:41.297;48.8598;2.29169;48.8658;2.27451;48.8539;2.30884;15
12:03:41.298;48.8598;2.29193;48.8658;2.27477;48.8538;2.3091;15
12:03:42.268;48.8594;2.29301;48.8654;2.27585;48.8534;2.31018;15
12:03:42.269;48.858;2.29344;48.864;2.27628;48.852;2.31061;15
12:03:42.269;48.8574;2.29323;48.8634;2.27606;48.8514;2.31039;15
12:03:42.930;48.8573;2.29323;48.8633;2.27606;48.8513;2.31039;15
12:03:42.931;48.856;2.29266;48.862;2.2755;48.8501;2.30983;15
12:03:43.391;48.8556;2.29262;48.8616;2.27545;48.8497;2.30978;15
12:03:43.391;48.8554;2.29228;48.8613;2.27512;48.8494;2.30945;15
12:03:45.107;48.8554;2.29228;48.8613;2.27512;48.8494;2.30945;15
12:03:45.107;48.8545;2.29327;48.8605;2.27611;48.8485;2.31044;15
12:03:46.280;48.8514;2.2961;48.8574;2.27893;48.8455;2.31326;15
12:03:46.280;48.8511;2.29588;48.8571;2.27872;48.8451;2.31305;15
12:03:46.951;48.8507;2.29536;48.8567;2.2782;48.8447;2.31253;15
12:03:47.169;48.8507;2.2952;48.8566;2.27803;48.8447;2.31236;15
12:03:49.568;48.8535;2.29404;48.8595;2.27687;48.8475;2.3112;15
12:03:49.568;48.8537;2.29382;48.8596;2.27666;48.8477;2.31099;15
12:03:50.255;48.8543;2.29352;48.8603;2.27635;48.8484;2.31068;15
12:03:50.255;48.8546;2.2933;48.8606;2.27614;48.8487;2.31047;15
12:03:50.465;48.8546;2.29327;48.8606;2.27611;48.8487;2.31044;15
12:03:54.321;48.8536;2.29327;48.8596;2.27611;48.8477;2.31044;15
12:03:54.322;48.8536;2.29323;48.8596;2.27606;48.8477;2.31039;15
12:03:55.504;48.8545;2.29228;48.8605;2.27512;48.8486;2.30945;15
12:03:55.504;48.8555;2.29181;48.8615;2.27464;48.8495;2.30898;15
12:03:55.736;48.8574;2.29143;48.8634;2.27426;48.8514;2.30859;15
12:03:56.332;48.8573;2.2915;48.8633;2.27434;48.8513;2.30867;15
12:03:56.906;48.858;2.29117;48.864;2.274;48.8521;2.30833;15
12:03:56.906;48.8597;2.29044;48.8656;2.27327;48.8537;2.3076;15
12:03:57.924;48.8606;2.29031;48.8666;2.27313;48.8547;2.30746;15
12:03:57.924;48.8607;2.29027;48.8666;2.2731;48.8547;2.30743;15
12:03:57.924;48.8608;2.29031;48.8667;2.27313;48.8548;2.30746;15
12:03:57.925;48.8609;2.29031;48.8669;2.27313;48.8549;2.30746;15
12:03:59.546;48.861;2.29039;48.867;2.27322;48.855;2.30756;15
12:03:59.546;48.861;2.29039;48.867;2.27322;48.855;2.30756;15
12:03:59.547;48.861;2.29039;48.864;2.28181;48.858;2.29898;16
12:03:59.821;48.861;2.29039;48.8625;2.2861;48.8595;2.29468;17
12:04:00.400;48.861;2.29048;48.8625;2.28619;48.8595;2.29477;17
12:04:00.400;48.861;2.29044;48.8625;2.28615;48.8595;2.29472;17
12:04:00.630;48.8611;2.29024;48.8626;2.28595;48.8596;2.29454;17
12:04:00.630;48.8612;2.29007;48.8627;2.28578;48.8597;2.29434;17
12:04:00.837;48.8613;2.28992;48.8628;2.28563;48.8598;2.2942;17
12:04:00.837;48.8613;2.28992;48.8628;2.28563;48.8598;2.2942;17
12:04:01.285;48.8613;2.28987;48.8628;2.28558;48.8598;2.29417;17
12:04:01.285;48.8614;2.28987;48.8629;2.28558;48.8599;2.29417;17
12:04:02.066;48.8613;2.28986;48.8628;2.28557;48.8598;2.29413;17
12:04:04.823;48.8613;2.28986;48.8643;2.28127;48.8584;2.29842;16
12:04:07.017;48.8612;2.28979;48.8641;2.2812;48.8582;2.29837;16
12:04:07.018;48.8612;2.28979;48.8642;2.2812;48.8582;2.29837;16
12:04:07.943;48.8615;2.28951;48.8644;2.28093;48.8585;2.29808;16
12:04:07.943;48.8615;2.28951;48.8645;2.28093;48.8585;2.29808;16
12:04:08.494;48.8616;2.28944;48.8645;2.28087;48.8586;2.29803;16
12:04:14.172;48.8615;2.28944;48.8645;2.28087;48.8586;2.29803;16
12:04:14.173;48.8616;2.28944;48.8646;2.28087;48.8587;2.29803;16
12:04:14.760;48.8617;2.28932;48.8647;2.28073;48.8587;2.2979;16
12:04:14.760;48.8618;2.28923;48.8648;2.28065;48.8588;2.29782;16
12:04:15.103;48.8619;2.28905;48.8649;2.28046;48.859;2.29761;16
12:04:15.103;48.862;2.28897;48.865;2.2804;48.859;2.29756;16
12:04:15.393;48.862;2.28897;48.865;2.2804;48.859;2.29756;16
12:04:15.394;48.8621;2.28885;48.865;2.28026;48.8591;2.29742;16
12:04:16.533;48.862;2.28885;48.865;2.28026;48.8591;2.29742;16
12:04:16.882;48.8612;2.28969;48.8642;2.2811;48.8582;2.29825;16
12:04:16.883;48.8612;2.28981;48.8642;2.28123;48.8582;2.29837;16
12:04:17.266;48.8611;2.28998;48.8641;2.2814;48.8582;2.29855;16
12:04:17.266;48.8611;2.29013;48.8641;2.28156;48.8581;2.29872;16
12:04:17.675;48.8608;2.2907;48.8638;2.2821;48.8578;2.29927;16
12:04:17.676;48.8594;2.29361;48.8624;2.28503;48.8564;2.3022;16
12:04:18.461;48.8587;2.29492;48.8617;2.28633;48.8558;2.30348;16
12:04:18.461;48.8586;2.29509;48.8616;2.28651;48.8556;2.30365;16
12:04:18.461;48.8585;2.295;48.8615;2.28642;48.8555;2.30357;16
12:04:18.859;48.8582;2.29562;48.8612;2.28705;48.8552;2.30421;16
12:04:18.859;48.8572;2.29741;48.8601;2.28882;48.8542;2.30597;16
12:04:19.297;48.8564;2.2993;48.8593;2.29071;48.8534;2.30786;16
12:04:19.297;48.856;2.30022;48.859;2.29164;48.853;2.30881;16
12:04:19.398;48.8559;2.30026;48.8589;2.29169;48.853;2.30884;16
12:04:20.007;48.8558;2.30058;48.8588;2.29201;48.8528;2.30914;16
12:04:20.008;48.8551;2.30159;48.8581;2.29301;48.8522;2.31018;16
12:04:20.351;48.8544;2.30296;48.8574;2.29439;48.8514;2.31155;16
12:04:20.351;48.8542;2.30363;48.8572;2.29504;48.8512;2.31219;16
12:04:20.467;48.8542;2.30386;48.8572;2.29529;48.8512;2.31245;16
12:04:22.312;48.8542;2.30386;48.8601;2.2867;48.8482;2.32103;15
12:04:24.061;48.8541;2.30405;48.8601;2.28687;48.8482;2.3212;15
12:04:24.061;48.8544;2.30275;48.8603;2.28558;48.8484;2.31992;15
12:04:25.648;48.8559;2.29778;48.8619;2.28061;48.8499;2.31494;15
12:04:25.648;48.8565;2.2951;48.8625;2.27795;48.8505;2.31229;15
12:04:26.773;48.8577;2.29077;48.8637;2.27361;48.8517;2.30794;15
12:04:26.773;48.862;2.28709;48.8679;2.26993;48.856;2.30426;15
12:04:26.774;48.8621;2.28674;48.8681;2.26958;48.8562;2.30391;15
12:04:27.415;48.8624;2.28632;48.8684;2.26915;48.8564;2.30348;15
12:04:28.709;48.8619;2.28717;48.8679;2.27;48.856;2.30434;15
12:04:28.710;48.861;2.28958;48.8669;2.27242;48.855;2.30675;15
12:04:29.677;48.8611;2.28937;48.8671;2.2722;48.8551;2.30653;15
12:04:29.678;48.861;2.28937;48.867;2.2722;48.8551;2.30653;15
12:04:30.128;48.8607;2.29001;48.8667;2.27284;48.8548;2.30717;15
12:04:30.128;48.8613;2.28894;48.8672;2.27176;48.8553;2.30609;15
12:04:30.624;48.8623;2.28824;48.8683;2.27109;48.8563;2.30542;15
12:04:30.625;48.8624;2.28816;48.8683;2.271;48.8564;2.30533;15
12:04:31.107;48.8624;2.28802;48.8684;2.27086;48.8564;2.30519;15
12:04:31.107;48.8623;2.28799;48.8683;2.27083;48.8564;2.30516;15
12:04:31.552;48.8623;2.28795;48.8683;2.27078;48.8563;2.30511;15
12:04:31.553;48.8622;2.28828;48.8682;2.27112;48.8562;2.30545;15
12:04:32.054;48.8619;2.28915;48.8679;2.27199;48.856;2.30632;15
12:04:32.055;48.8595;2.2925;48.8655;2.27533;48.8536;2.30966;15
12:04:33.021;48.8585;2.29425;48.8644;2.27708;48.8525;2.31142;15
12:04:33.021;48.858;2.29489;48.8639;2.27773;48.852;2.31206;15
12:04:33.022;48.8578;2.2951;48.8638;2.27795;48.8518;2.31229;15
12:04:33.022;48.8578;2.29515;48.8638;2.27798;48.8518;2.31232;15
12:04:33.811;48.8577;2.2951;48.8637;2.27795;48.8517;2.31229;15
12:04:33.811;48.8576;2.29498;48.8636;2.27782;48.8516;2.31215;15
12:04:34.293;48.8592;2.29271;48.8652;2.27554;48.8532;2.30988;15
12:04:34.294;48.8601;2.2915;48.866;2.27434;48.8541;2.30867;15
12:04:34.770;48.8601;2.2915;48.866;2.27434;48.8541;2.30867;15
12:04:34.770;48.8601;2.2915;48.866;2.27434;48.8541;2.30867;15
12:04:34.990;48.8601;2.29134;48.866;2.27417;48.8541;2.3085;15
12:04:35.778;48.86;2.29138;48.866;2.27422;48.8541;2.30855;15
12:04:35.778;48.8587;2.29207;48.8647;2.2749;48.8527;2.30923;15
12:04:36.277;48.8576;2.29176;48.8635;2.2746;48.8516;2.30893;15
12:04:36.278;48.8569;2.29211;48.8629;2.27495;48.8509;2.30928;15
12:04:36.785;48.8551;2.29236;48.861;2.27521;48.8491;2.30954;15
12:04:36.786;48.8536;2.29292;48.8596;2.27576;48.8477;2.31009;15
12:04:37.702;48.853;2.29318;48.8589;2.27602;48.847;2.31035;15
12:04:37.703;48.8527;2.29335;48.8587;2.27618;48.8467;2.31052;15
12:04:37.897;48.8528;2.29309;48.8588;2.27592;48.8468;2.31026;15
12:04:41.429;48.8528;2.29309;48.8558;2.28452;48.8498;2.30168;16
12:04:42.627;48.8528;2.29309;48.8558;2.28452;48.8498;2.30168;16
12:04:42.627;48.8528;2.29301;48.8558;2.28442;48.8498;2.30159;16
12:04:43.093;48.8527;2.29294;48.8557;2.28436;48.8498;2.30151;16
12:04:43.093;48.8527;2.29292;48.8557;2.28435;48.8498;2.30151;16
12:04:43.185;48.8528;2.29282;48.8558;2.28424;48.8498;2.30138;16
12:05:06.372;48.8514;2.29338;48.8544;2.28479;48.8484;2.30194;16
12:05:06.373;48.8508;2.29372;48.8538;2.28514;48.8478;2.30228;16
12:05:06.373;48.8508;2.29372;48.8537;2.28514;48.8478;2.30228;16
12:05:06.921;48.8507;2.2937;48.8537;2.28511;48.8478;2.30228;16
12:05:06.922;48.8508;2.29367;48.8538;2.2851;48.8478;2.30223;16
12:05:07.640;48.8508;2.29367;48.8538;2.2851;48.8478;2.30223;16
12:05:07.640;48.8507;2.29413;48.8537;2.28554;48.8478;2.3027;16
12:05:07.945;48.851;2.2941;48.854;2.28552;48.848;2.30267;16
12:05:07.946;48.8511;2.29454;48.854;2.28595;48.8481;2.3031;16
12:05:08.066;48.8511;2.29456;48.8541;2.28596;48.8481;2.30313;16
12:05:08.942;48.8511;2.29456;48.8541;2.28596;48.8481;2.30313;16
12:05:08.943;48.851;2.29468;48.854;2.2861;48.848;2.30327;16
12:05:09.264;48.8514;2.29482;48.8544;2.28622;48.8484;2.30339;16
12:05:09.264;48.8515;2.29497;48.8545;2.28638;48.8486;2.30353;16
12:05:09.545;48.8518;2.29524;48.8548;2.28665;48.8488;2.30382;16
12:05:09.546;48.8523;2.29576;48.8553;2.28717;48.8493;2.30434;16
12:05:09.914;48.8527;2.29619;48.8556;2.2876;48.8497;2.30476;16
12:05:09.914;48.8528;2.29642;48.8558;2.28784;48.8498;2.30498;16
12:05:10.225;48.8528;2.29688;48.8557;2.28828;48.8498;2.30545;16
12:05:10.225;48.8528;2.2971;48.8558;2.28853;48.8498;2.30566;16
12:05:10.547;48.8529;2.2975;48.8559;2.28891;48.8499;2.30606;16
12:05:10.547;48.8531;2.29762;48.8561;2.28905;48.8501;2.30618;16
12:05:10.826;48.8534;2.29752;48.8563;2.28894;48.8504;2.30609;16
12:05:10.826;48.8534;2.29741;48.8564;2.28882;48.8504;2.30597;16
12:05:11.482;48.8534;2.2975;48.8563;2.28891;48.8504;2.30606;16
12:05:11.482;48.8535;2.29761;48.8565;2.28902;48.8505;2.30618;16
12:05:11.810;48.8538;2.29773;48.8568;2.28915;48.8508;2.30632;16
12:05:11.811;48.854;2.29782;48.857;2.28923;48.851;2.3064;16
12:05:11.948;48.8541;2.29778;48.8571;2.28918;48.8511;2.30635;16
12:05:15.864;48.8537;2.29634;48.8567;2.28775;48.8507;2.3049;16
12:05:15.865;48.8531;2.29489;48.8561;2.28632;48.8502;2.30348;16
12:05:16.169;48.8531;2.29483;48.8561;2.28625;48.8501;2.30339;16
12:05:16.169;48.8531;2.29488;48.8561;2.2863;48.8501;2.30344;16
12:05:16.291;48.8531;2.29477;48.8561;2.28619;48.8502;2.30334;16
12:05:27.003;48.8531;2.29504;48.8561;2.28647;48.8502;2.3036;16
12:05:27.003;48.8536;2.29726;48.8566;2.28868;48.8506;2.30585;16
12:05:27.363;48.854;2.29852;48.857;2.28995;48.8511;2.30708;16
12:05:27.363;48.8542;2.29889;48.8572;2.29031;48.8512;2.30746;16
12:05:27.659;48.8542;2.2993;48.8572;2.29071;48.8512;2.30786;16
12:05:27.659;48.8543;2.2993;48.8572;2.29071;48.8513;2.30786;16
12:05:27.826;48.8543;2.29916;48.8573;2.29059;48.8513;2.30772;16
12:05:37.508;48.8543;2.29922;48.8573;2.29065;48.8513;2.30782;16
12:05:37.509;48.8545;2.29904;48.8575;2.29045;48.8515;2.3076;16
12:05:38.415;48.8552;2.29756;48.8582;2.28897;48.8522;2.30614;16
12:05:38.415;48.8576;2.29166;48.8605;2.28308;48.8546;2.30022;16
12:05:38.498;48.8576;2.29138;48.8606;2.28279;48.8546;2.29996;16
12:05:39.336;48.8576;2.29143;48.8606;2.28284;48.8546;2.3;16
12:05:39.337;48.8581;2.29128;48.861;2.28268;48.8551;2.29984;16
12:05:39.735;48.8589;2.29077;48.8618;2.2822;48.8559;2.29936;16
12:05:39.735;48.8595;2.29034;48.8624;2.28177;48.8565;2.29893;16
12:05:40.063;48.8603;2.28992;48.8633;2.28134;48.8573;2.29851;16
12:05:40.064;48.8604;2.28986;48.8634;2.28127;48.8574;2.29842;16
12:05:40.225;48.8604;2.28987;48.8634;2.2813;48.8574;2.29846;16
12:05:41.119;48.8604;2.28979;48.8634;2.2812;48.8574;2.29837;16
12:05:41.119;48.8604;2.28979;48.8634;2.2812;48.8574;2.29837;16
12:05:41.996;48.8603;2.28969;48.8633;2.2811;48.8573;2.29825;16
12:05:41.996;48.8603;2.28969;48.8633;2.2811;48.8573;2.29825;16
12:05:42.485;48.8604;2.28969;48.8634;2.2811;48.8574;2.29825;16
12:05:42.485;48.8606;2.28973;48.8636;2.28114;48.8576;2.29829;16
12:05:42.992;48.8607;2.28973;48.8637;2.28114;48.8577;2.29829;16
12:05:42.992;48.8607;2.28973;48.8637;2.28114;48.8577;2.29829;16
12:05:43.353;48.8607;2.28973;48.8637;2.28114;48.8577;2.29829;16
12:05:43.354;48.8607;2.28973;48.8637;2.28114;48.8578;2.29829;16
12:05:44.172;48.8608;2.28973;48.8637;2.28114;48.8578;2.29829;16
12:05:44.578;48.8608;2.28973;48.8637;2.28114;48.8578;2.29829;16
12:05:45.196;48.8608;2.28973;48.8638;2.28114;48.8578;2.29829;16
12:05:45.196;48.8608;2.2897;48.8638;2.28113;48.8578;2.29829;16
12:05:45.828;48.8608;2.2897;48.8638;2.28113;48.8578;2.29829;16
12:05:46.046;48.8608;2.2897;48.8638;2.28113;48.8578;2.29829;16
12:05:46.437;48.8608;2.2897;48.8638;2.28113;48.8578;2.29829;16
12:05:46.438;48.8607;2.2897;48.8637;2.28113;48.8577;2.29829;16
12:05:46.765;48.8607;2.28969;48.8637;2.2811;48.8577;2.29825;16
12:05:46.765;48.8607;2.28969;48.8637;2.2811;48.8577;2.29825;16
12:05:47.017;48.8607;2.28969;48.8637;2.2811;48.8577;2.29825;16
12:05:47.203;48.8607;2.28966;48.8637;2.28108;48.8577;2.29825;16
12:05:47.656;48.8607;2.28966;48.8636;2.28108;48.8577;2.29825;16
12:05:47.657;48.8606;2.28966;48.8636;2.28108;48.8576;2.29825;16
12:05:48.015;48.8605;2.28969;48.8635;2.2811;48.8576;2.29825;16
12:05:48.015;48.8605;2.28969;48.8635;2.2811;48.8576;2.29825;16
12:05:48.710;48.8606;2.28969;48.8635;2.2811;48.8576;2.29825;16
12:05:48.710;48.8605;2.2897;48.8635;2.28113;48.8576;2.29829;16
12:05:49.382;48.8608;2.28951;48.8638;2.28093;48.8578;2.29808;16
12:05:49.382;48.8609;2.2894;48.8638;2.28082;48.8579;2.29799;16
12:05:50.501;48.8607;2.2894;48.8637;2.28082;48.8577;2.29799;16
12:05:50.501;48.861;2.28969;48.864;2.2811;48.8581;2.29825;16
12:05:51.712;48.8607;2.28986;48.8637;2.28127;48.8577;2.29842;16
12:05:51.712;48.8598;2.29053;48.8628;2.28194;48.8568;2.2991;16
12:05:52.304;48.8585;2.29204;48.8615;2.28346;48.8555;2.3006;16
12:05:52.304;48.8581;2.29248;48.8611;2.28389;48.8551;2.30104;16
12:05:52.411;48.8571;2.29333;48.8601;2.28474;48.8541;2.3019;16
12:05:53.279;48.8571;2.29335;48.86;2.28477;48.8541;2.30194;16
12:05:53.280;48.8559;2.29477;48.8589;2.28619;48.853;2.30334;16
12:05:53.577;48.8542;2.29657;48.8572;2.28799;48.8512;2.30516;16
12:05:53.577;48.8541;2.29666;48.857;2.28807;48.8511;2.30524;16
12:05:53.970;48.8541;2.29668;48.8571;2.2881;48.8511;2.30524;16
12:05:56.763;48.854;2.29678;48.8569;2.28821;48.851;2.30537;16
12:05:56.763;48.8539;2.29597;48.8569;2.28738;48.8509;2.30455;16
12:05:57.076;48.8538;2.29494;48.8568;2.28636;48.8508;2.30353;16
12:05:57.076;48.8535;2.29488;48.8565;2.2863;48.8506;2.30344;16
12:05:57.499;48.8533;2.29468;48.8563;2.2861;48.8503;2.30327;16
12:05:57.499;48.8529;2.29457;48.8559;2.286;48.85;2.30313;16
12:05:57.772;48.8522;2.29436;48.8552;2.28578;48.8493;2.30292;16
12:05:57.772;48.852;2.29424;48.855;2.28564;48.849;2.3028;16
12:05:58.064;48.8515;2.29439;48.8545;2.2858;48.8485;2.30296;16
12:05:58.065;48.8514;2.29456;48.8544;2.28596;48.8484;2.30313;16
12:05:58.955;48.8514;2.29457;48.8544;2.286;48.8484;2.30313;16
12:05:58.955;48.8522;2.29515;48.8552;2.28658;48.8492;2.30374;16
12:05:58.955;48.8522;2.29518;48.8552;2.28659;48.8492;2.30374;16
12:05:59.356;48.8522;2.29518;48.8552;2.28659;48.8493;2.30374;16
12:05:59.357;48.8523;2.29523;48.8553;2.28664;48.8493;2.30379;16
12:05:59.622;48.8524;2.29524;48.8553;2.28665;48.8494;2.30382;16
12:05:59.622;48.8523;2.29524;48.8553;2.28665;48.8494;2.30382;16
12:06:02.715;48.8524;2.2955;48.8554;2.28691;48.8494;2.30408;16
12:06:02.716;48.8532;2.29608;48.8562;2.28749;48.8503;2.30464;16
12:06:03.046;48.8544;2.29741;48.8574;2.28882;48.8514;2.30597;16
12:06:03.047;48.8544;2.29764;48.8574;2.28906;48.8515;2.30623;16
12:06:03.341;48.8545;2.29753;48.8574;2.28896;48.8515;2.30609;16
12:06:03.342;48.8545;2.29747;48.8575;2.28889;48.8515;2.30606;16
12:06:05.738;48.8544;2.29752;48.8574;2.28894;48.8514;2.30609;16
12:06:05.738;48.8544;2.29782;48.8574;2.28923;48.8514;2.3064;16
12:06:06.154;48.8547;2.29778;48.8577;2.28918;48.8517;2.30635;16
12:06:06.154;48.8549;2.29768;48.8578;2.28911;48.8519;2.30627;16
12:06:06.552;48.8549;2.29774;48.8579;2.28917;48.852;2.30632;16
12:06:06.552;48.855;2.29768;48.858;2.28911;48.852;2.30627;16
12:06:06.835;48.855;2.29768;48.858;2.28911;48.852;2.30627;16
12:06:06.835;48.8551;2.29767;48.858;2.28908;48.8521;2.30623;16
12:06:21.384;48.8551;2.29767;48.858;2.28908;48.8521;2.30623;16
12:06:21.384;48.8551;2.29785;48.858;2.28928;48.8521;2.30644;16
12:06:22.274;48.8552;2.298;48.8581;2.28943;48.8522;2.30656;16
12:06:22.274;48.8552;2.298;48.8582;2.28943;48.8522;2.30656;16
12:06:22.587;48.8553;2.29799;48.8583;2.2894;48.8523;2.30656;16
12:06:22.587;48.8553;2.29788;48.8582;2.28929;48.8523;2.30644;16
12:06:23.407;48.8552;2.29778;48.8582;2.28918;48.8522;2.30635;16
12:06:23.407;48.8552;2.29785;48.8582;2.28928;48.8523;2.30644;16
12:06:24.431;48.8552;2.29785;48.8582;2.28928;48.8522;2.30644;16
12:06:24.431;48.8547;2.29829;48.8577;2.2897;48.8517;2.30687;16
12:06:31.541;48.8548;2.29831;48.8577;2.28973;48.8518;2.30687;16
12:06:31.542;48.8547;2.29825;48.8577;2.28966;48.8517;2.30682;16
12:06:31.843;48.8551;2.29819;48.8581;2.2896;48.8521;2.30675;16
12:06:31.843;48.8549;2.298;48.8579;2.28943;48.8519;2.30656;16
12:06:32.218;48.8549;2.2979;48.8579;2.28932;48.8519;2.30649;16
12:06:32.218;48.8546;2.29642;48.8576;2.28784;48.8516;2.30498;16
12:06:32.836;48.8542;2.29533;48.8571;2.28674;48.8512;2.30391;16
12:06:32.836;48.854;2.295;48.8569;2.28642;48.851;2.30357;16
12:06:33.108;48.8533;2.29424;48.8562;2.28564;48.8503;2.3028;16
12:06:33.108;48.8532;2.29408;48.8562;2.28549;48.8502;2.30267;16
12:06:33.899;48.853;2.29414;48.856;2.28557;48.85;2.3027;16
12:06:33.899;48.8521;2.29454;48.855;2.28595;48.8491;2.3031;16
12:06:34.203;48.852;2.29475;48.8549;2.28616;48.849;2.30331;16
12:06:34.203;48.8519;2.29483;48.8549;2.28625;48.8489;2.30339;16
12:06:34.522;48.8519;2.29483;48.8549;2.28625;48.8489;2.30339;16
12:06:34.523;48.8521;2.29456;48.8551;2.28596;48.8492;2.30313;16
12:06:36.120;48.8521;2.29456;48.8536;2.29027;48.8506;2.29884;17
12:06:37.231;48.8521;2.29457;48.8536;2.29028;48.8506;2.29884;17
12:06:37.231;48.8521;2.29454;48.8536;2.29024;48.8506;2.29883;17
12:06:37.498;48.8519;2.29359;48.8534;2.28929;48.8504;2.29785;17
12:06:37.498;48.8518;2.2934;48.8534;2.28911;48.8504;2.29768;17
12:06:37.852;48.8517;2.29318;48.8532;2.28889;48.8503;2.29747;17
12:06:37.852;48.8517;2.29303;48.8532;2.28874;48.8502;2.29732;17
12:06:38.116;48.8516;2.29291;48.8531;2.2886;48.8502;2.29718;17
12:06:38.116;48.8516;2.29288;48.8531;2.28859;48.8501;2.29718;17
12:06:38.205;48.8517;2.29286;48.8531;2.28857;48.8502;2.29715;17
12:06:39.593;48.8516;2.29291;48.8531;2.2886;48.8501;2.2972;17
12:06:39.594;48.8514;2.29308;48.8529;2.28879;48.8499;2.29736;17
12:06:39.694;48.8514;2.29314;48.8529;2.28885;48.8499;2.29742;17
12:06:41.940;48.8514;2.29314;48.8544;2.28456;48.8484;2.30173;16
12:06:47.128;48.8529;2.2946;48.8559;2.28601;48.8499;2.30318;16
12:06:47.128;48.8537;2.2953;48.8567;2.28673;48.8507;2.30386;16
12:06:47.129;48.8538;2.29535;48.8567;2.28676;48.8508;2.30391;16
12:06:47.129;48.8539;2.29536;48.8569;2.28679;48.8509;2.30396;16
12:06:47.821;48.8529;2.29504;48.8559;2.28647;48.85;2.3036;16
12:06:47.821;48.8529;2.29503;48.8559;2.28644;48.8499;2.3036;16
12:06:48.379;48.8528;2.29477;48.8558;2.28619;48.8498;2.30334;16
12:06:48.379;48.8528;2.29477;48.8557;2.28619;48.8498;2.30334;16
12:06:48.699;48.8528;2.2946;48.8558;2.28601;48.8498;2.30318;16
12:06:48.699;48.8527;2.29462;48.8557;2.28604;48.8497;2.30318;16
12:06:48.959;48.8527;2.29465;48.8557;2.28606;48.8497;2.30322;16
12:06:48.960;48.8529;2.29449;48.8559;2.2859;48.8499;2.30305;16
12:07:03.221;48.8529;2.29449;48.8559;2.2859;48.8499;2.30305;16
12:07:03.221;48.8532;2.29662;48.8562;2.28802;48.8502;2.30519;16
12:07:03.517;48.8529;2.29922;48.8559;2.29065;48.8499;2.30782;16
12:07:03.517;48.8526;2.30049;48.8555;2.29192;48.8496;2.30907;16
12:07:03.847;48.8526;2.30144;48.8555;2.29286;48.8496;2.31;16
12:07:03.848;48.8526;2.30165;48.8555;2.29308;48.8496;2.31021;16
12:07:03.965;48.8526;2.30165;48.8556;2.29308;48.8496;2.31021;16
12:07:04.884;48.8526;2.30168;48.8556;2.29309;48.8496;2.31026;16
12:07:04.884;48.853;2.30267;48.856;2.29408;48.85;2.31125;16
12:07:05.125;48.8532;2.30318;48.8562;2.2946;48.8503;2.31177;16
12:07:05.125;48.8533;2.30328;48.8563;2.29471;48.8503;2.31184;16
12:07:05.241;48.8533;2.30334;48.8563;2.29477;48.8503;2.31194;16
12:07:05.634;48.8533;2.30328;48.8563;2.29471;48.8503;2.31184;16
12:07:05.634;48.8533;2.30322;48.8563;2.29465;48.8503;2.31181;16
12:07:05.955;48.854;2.30122;48.857;2.29265;48.851;2.30978;16
12:07:05.956;48.8544;2.30003;48.8574;2.29144;48.8515;2.30859;16
12:07:06.391;48.8546;2.29956;48.8576;2.29097;48.8517;2.30812;16
12:07:06.391;48.8547;2.29941;48.8577;2.29082;48.8517;2.30798;16
12:07:06.626;48.8547;2.29941;48.8577;2.29082;48.8517;2.30798;16
12:07:06.925;48.8549;2.29916;48.8578;2.29059;48.8519;2.30772;16
12:07:06.925;48.8553;2.29868;48.8582;2.29008;48.8523;2.30725;16
12:07:07.333;48.8561;2.29753;48.8591;2.28896;48.8531;2.30609;16
12:07:07.333;48.8566;2.29674;48.8596;2.28816;48.8536;2.30533;16
12:07:07.686;48.8568;2.29642;48.8598;2.28784;48.8539;2.30498;16
12:07:07.687;48.8569;2.29636;48.8599;2.28778;48.8539;2.30495;16
12:07:09.029;48.857;2.29636;48.8599;2.28778;48.854;2.30495;16
12:07:09.328;48.8576;2.29648;48.8606;2.2879;48.8546;2.30507;16
12:07:09.328;48.8576;2.29651;48.8606;2.28792;48.8547;2.30507;16
12:07:09.664;48.8577;2.29655;48.8607;2.28796;48.8548;2.30511;16
12:07:09.664;48.8578;2.29573;48.8607;2.28716;48.8548;2.30429;16
12:07:10.453;48.8577;2.29524;48.8607;2.28665;48.8547;2.30382;16
12:07:10.453;48.8573;2.29436;48.8603;2.28578;48.8544;2.30292;16
12:07:10.734;48.8566;2.29434;48.8596;2.28575;48.8536;2.30292;16
12:07:10.734;48.8566;2.29408;48.8596;2.28549;48.8536;2.30267;16
12:07:10.857;48.8567;2.29404;48.8597;2.28546;48.8537;2.30263;16
12:07:11.775;48.8567;2.29404;48.8582;2.28975;48.8552;2.29832;17
12:07:13.460;48.8567;2.29404;48.8597;2.28546;48.8537;2.30263;16
12:07:14.249;48.8567;2.29414;48.8596;2.28557;48.8537;2.3027;16
12:07:14.249;48.8562;2.29523;48.8592;2.28664;48.8533;2.30379;16
12:07:14.561;48.8562;2.29544;48.8591;2.28685;48.8532;2.304;16
12:07:14.562;48.8561;2.29567;48.8591;2.28709;48.8531;2.30426;16
12:07:14.874;48.8559;2.29593;48.8589;2.28734;48.853;2.3045;16
12:07:14.874;48.8557;2.29634;48.8587;2.28775;48.8527;2.3049;16
12:07:15.203;48.8556;2.29642;48.8586;2.28784;48.8526;2.30498;16
12:07:15.203;48.8556;2.29642;48.8586;2.28784;48.8526;2.30498;16
12:07:15.546;48.8556;2.2964;48.8586;2.28781;48.8526;2.30498;16
12:07:15.546;48.8556;2.29637;48.8586;2.2878;48.8526;2.30495;16
12:07:15.875;48.8553;2.29642;48.8583;2.28784;48.8523;2.30498;16
12:07:15.875;48.8549;2.29642;48.8578;2.28784;48.8519;2.30498;16
12:07:16.187;48.8542;2.29773;48.8572;2.28915;48.8512;2.30632;16
12:07:16.188;48.8542;2.298;48.8572;2.28943;48.8512;2.30656;16
12:07:16.507;48.854;2.29857;48.857;2.28998;48.851;2.30713;16
12:07:16.508;48.8537;2.29947;48.8567;2.29088;48.8507;2.30803;16
12:07:16.657;48.8536;2.29962;48.8566;2.29103;48.8507;2.3082;16
12:07:17.499;48.8536;2.29984;48.8566;2.29124;48.8506;2.30841;16
12:07:17.500;48.8536;2.30096;48.8566;2.29239;48.8507;2.30954;16
12:07:18.201;48.8537;2.30118;48.8567;2.2926;48.8507;2.30975;16
12:07:18.202;48.8537;2.30107;48.8567;2.2925;48.8507;2.30966;16
12:07:18.284;48.8538;2.30093;48.8567;2.29234;48.8508;2.30949;16
12:07:43.565;48.8538;2.30093;48.8597;2.28377;48.8478;2.31807;15
12:07:44.738;48.8534;2.30122;48.8594;2.28406;48.8474;2.31837;15
12:07:44.739;48.8534;2.30518;48.8594;2.28801;48.8474;2.32233;15
12:07:45.733;48.853;2.30951;48.859;2.29234;48.847;2.32666;15
12:07:45.733;48.8528;2.31097;48.8588;2.29381;48.8468;2.32811;15
12:07:45.733;48.8526;2.31131;48.8586;2.29414;48.8466;2.32846;15
12:07:45.734;48.852;2.31166;48.8579;2.29449;48.846;2.3288;15
12:07:45.734;48.8512;2.3123;48.8571;2.29514;48.8452;2.32944;15
12:07:45.734;48.851;2.31239;48.8569;2.29523;48.845;2.32953;15
12:07:46.118;48.8511;2.31239;48.8571;2.29523;48.8451;2.32953;15
12:07:46.790;48.851;2.31282;48.8569;2.29565;48.845;2.32996;15
12:07:46.790;48.8487;2.31633;48.8546;2.29916;48.8427;2.33348;15
12:07:47.130;48.8462;2.31741;48.8522;2.30025;48.8403;2.33455;15
12:07:47.130;48.8455;2.31744;48.8515;2.30028;48.8395;2.33459;15
12:07:47.533;48.845;2.31737;48.8509;2.3002;48.839;2.3345;15
12:07:47.533;48.8451;2.31676;48.8511;2.29959;48.8392;2.33391;15
12:07:47.869;48.845;2.31659;48.851;2.29942;48.839;2.33374;15
12:07:48.750;48.845;2.31659;48.8569;2.28226;48.8331;2.35091;14
12:07:49.206;48.8446;2.31744;48.8565;2.28311;48.8326;2.35176;14
12:07:49.207;48.8451;2.32106;48.8571;2.28673;48.8332;2.35536;14
12:07:49.481;48.8451;2.32466;48.8571;2.29033;48.8332;2.35898;14
12:07:49.481;48.8451;2.32483;48.8571;2.2905;48.8332;2.35915;14
12:07:49.652;48.8455;2.32646;48.8574;2.29213;48.8335;2.36078;14
12:07:49.652;48.8455;2.32706;48.8574;2.29272;48.8335;2.36137;14
12:07:49.828;48.8451;2.32912;48.8571;2.29478;48.8332;2.36343;14
12:07:49.829;48.8447;2.33015;48.8566;2.29582;48.8327;2.36447;14
12:07:50.022;48.8433;2.33231;48.8553;2.29797;48.8314;2.36661;14
12:07:50.022;48.8434;2.3335;48.8553;2.29916;48.8314;2.36781;14
12:07:50.189;48.8434;2.3347;48.8553;2.30037;48.8314;2.36902;14
12:07:50.189;48.8437;2.33461;48.8557;2.30028;48.8318;2.36893;14
12:07:51.040;48.8437;2.33461;48.8556;2.30028;48.8317;2.36893;14
12:07:51.040;48.8432;2.33607;48.8551;2.30174;48.8312;2.37039;14
12:07:51.292;48.8429;2.3414;48.8548;2.30707;48.8309;2.3757;14
12:07:51.292;48.8431;2.34216;48.855;2.30783;48.8311;2.37648;14
12:07:51.802;48.8437;2.34329;48.8557;2.30896;48.8318;2.37759;14
12:07:51.802;48.844;2.34346;48.856;2.30913;48.8321;2.37776;14
12:07:51.802;48.8447;2.34491;48.8567;2.31058;48.8328;2.37923;14
12:07:51.802;48.8449;2.34517;48.8568;2.31084;48.8329;2.37949;14
12:07:51.803;48.845;2.3456;48.8569;2.31126;48.8331;2.37991;14
12:07:53.984;48.8447;2.34569;48.8567;2.31136;48.8328;2.38;14
12:07:53.985;48.8449;2.34578;48.8568;2.31145;48.8329;2.38008;14
12:07:55.180;48.8449;2.34578;48.8509;2.32861;48.8389;2.36292;15
12:07:56.015;48.8449;2.34586;48.8508;2.32869;48.8389;2.36301;15
12:07:56.015;48.8453;2.34676;48.8513;2.32959;48.8394;2.36391;15
12:07:56.413;48.8462;2.34749;48.8521;2.33032;48.8402;2.36464;15
12:07:56.413;48.8468;2.34801;48.8528;2.33084;48.8408;2.36514;15
12:07:56.788;48.8472;2.34839;48.8532;2.33122;48.8413;2.36554;15
12:07:56.788;48.8477;2.34886;48.8537;2.3317;48.8417;2.36601;15
12:07:57.006;48.8478;2.34912;48.8538;2.33195;48.8418;2.36627;15
12:07:57.763;48.8478;2.34912;48.8508;2.34055;48.8448;2.35768;16
12:07:58.647;48.8483;2.34947;48.8513;2.34088;48.8453;2.35803;16
12:07:58.647;48.8488;2.34976;48.8518;2.34119;48.8458;2.35832;16
12:07:58.958;48.8491;2.34998;48.8521;2.3414;48.8462;2.35854;16
12:07:58.958;48.8494;2.35022;48.8524;2.34163;48.8464;2.3588;16
12:07:59.214;48.8495;2.35033;48.8525;2.34174;48.8465;2.35889;16
12:07:59.215;48.8495;2.35023;48.8525;2.34166;48.8465;2.3588;16
