12:42:29.962;48.8547;2.34662;48.8786;2.27795;48.8308;2.41528;13
12:42:30.828;48.8547;2.34662;48.8667;2.31229;48.8428;2.38095;14
12:42:32.142;48.8547;2.34662;48.8607;2.32944;48.8488;2.36377;15
12:42:33.149;48.853;2.34592;48.859;2.32877;48.847;2.3631;15
12:42:33.149;48.852;2.34499;48.8579;2.32782;48.846;2.36215;15
12:42:33.770;48.8504;2.34361;48.8564;2.32645;48.8444;2.36078;15
12:42:34.583;48.8477;2.34056;48.8537;2.32339;48.8417;2.35773;15
12:42:34.584;48.8474;2.34004;48.8533;2.32288;48.8414;2.35721;15
12:42:35.563;48.8474;2.33997;48.8534;2.3228;48.8414;2.35713;15
12:42:36.094;48.8474;2.33997;48.8504;2.33138;48.8444;2.34854;16
12:42:36.538;48.8474;2.33997;48.8503;2.33138;48.8444;2.34854;16
12:42:36.539;48.8466;2.33945;48.8496;2.33086;48.8436;2.34802;16
12:42:36.986;48.8456;2.33867;48.8486;2.33009;48.8426;2.34726;16
12:42:36.986;48.8455;2.33856;48.8485;2.32999;48.8425;2.34712;16
12:42:39.285;48.8446;2.33852;48.8475;2.32994;48.8416;2.34708;16
12:42:39.286;48.8446;2.33849;48.8476;2.3299;48.8416;2.34705;16
12:42:40.608;48.8446;2.33849;48.8461;2.33418;48.8431;2.34274;17
12:42:42.006;48.8446;2.33849;48.8453;2.33633;48.8438;2.34061;18
12:42:43.183;48.8446;2.3385;48.8453;2.33635;48.8438;2.34062;18
12:42:43.184;48.8445;2.33856;48.8453;2.33643;48.8438;2.34071;18
12:42:43.427;48.8443;2.33862;48.845;2.33649;48.8435;2.34077;18
12:42:43.427;48.8442;2.33862;48.8449;2.33649;48.8434;2.34077;18
12:42:43.645;48.8441;2.33865;48.8449;2.3365;48.8434;2.34077;18
12:42:43.645;48.8441;2.33862;48.8448;2.33649;48.8434;2.34077;18
12:42:44.620;48.8441;2.33862;48.8449;2.33649;48.8434;2.34077;18
12:42:44.620;48.8443;2.33881;48.8451;2.33665;48.8436;2.34094;18
12:42:44.848;48.8446;2.33902;48.8453;2.33687;48.8438;2.34116;18
12:42:44.848;48.8448;2.33913;48.8455;2.33698;48.844;2.34126;18
12:42:45.464;48.8448;2.33917;48.8456;2.33702;48.8441;2.34129;18
12:42:45.745;48.8453;2.33955;48.846;2.3374;48.8445;2.34167;18
12:42:47.222;48.8455;2.33968;48.8462;2.33754;48.8447;2.34183;18
12:42:47.223;48.8457;2.33983;48.8465;2.33768;48.845;2.34198;18
12:42:47.223;48.8458;2.33983;48.8465;2.33768;48.8451;2.34198;18
12:42:47.223;48.8462;2.34026;48.8469;2.33812;48.8454;2.34238;18
12:42:47.223;48.8462;2.34026;48.847;2.33812;48.8455;2.34241;18
12:42:48.268;48.8462;2.34026;48.847;2.33812;48.8455;2.34241;18
12:42:48.268;48.8464;2.34055;48.8472;2.33839;48.8457;2.34267;18
12:42:48.514;48.8467;2.34082;48.8475;2.33867;48.846;2.34296;18
12:42:48.514;48.8468;2.34082;48.8475;2.33867;48.846;2.34296;18
12:42:49.321;48.8468;2.34082;48.8483;2.33653;48.8453;2.34511;17
12:42:51.245;48.8468;2.34082;48.8498;2.33223;48.8438;2.3494;16
12:42:52.667;48.8468;2.34087;48.8498;2.33228;48.8438;2.34944;16
12:42:52.668;48.8476;2.34158;48.8506;2.33301;48.8446;2.35017;16
12:42:53.441;48.8489;2.34261;48.8519;2.33401;48.846;2.35118;16
12:42:53.442;48.8492;2.34271;48.8521;2.33412;48.8462;2.35129;16
12:42:53.772;48.8494;2.34273;48.8524;2.33414;48.8464;2.3513;16
12:42:53.772;48.852;2.34412;48.855;2.33554;48.849;2.35271;16
12:42:57.524;48.8534;2.34584;48.8564;2.33725;48.8504;2.35442;16
12:42:57.525;48.8543;2.34627;48.8573;2.33768;48.8513;2.35486;16
12:42:57.525;48.8545;2.34637;48.8575;2.3378;48.8515;2.35497;16
12:42:58.176;48.8548;2.34676;48.8578;2.33818;48.8518;2.35535;16
12:42:58.176;48.8553;2.34708;48.8583;2.3385;48.8523;2.35567;16
12:42:58.276;48.8558;2.34727;48.8587;2.3387;48.8528;2.35587;16
12:43:00.343;48.8543;2.34691;48.8573;2.33833;48.8513;2.3555;16
12:43:00.343;48.8543;2.3468;48.8573;2.33823;48.8513;2.35539;16
12:43:07.341;48.8543;2.34691;48.8573;2.33833;48.8513;2.3555;16
12:43:07.341;48.8547;2.3479;48.8577;2.33931;48.8517;2.35648;16
12:43:08.090;48.8556;2.3486;48.8586;2.34003;48.8526;2.35719;16
12:43:08.090;48.856;2.34897;48.859;2.34039;48.8531;2.35756;16
12:43:08.572;48.8561;2.34897;48.8591;2.34039;48.8531;2.35756;16
12:43:08.572;48.8573;2.34987;48.8603;2.34129;48.8544;2.35846;16
12:43:09.583;48.8569;2.34993;48.8599;2.34135;48.854;2.35852;16
12:43:09.584;48.8561;2.34932;48.8591;2.34073;48.8531;2.35789;16
12:43:09.989;48.8557;2.349;48.8587;2.34041;48.8527;2.35757;16
12:43:11.317;48.8542;2.34837;48.8572;2.33978;48.8512;2.35695;16
12:43:11.317;48.8541;2.34831;48.8571;2.33972;48.8511;2.35689;16
12:43:11.816;48.8541;2.34831;48.8571;2.33972;48.8511;2.35689;16
12:43:11.816;48.8528;2.34753;48.8558;2.33894;48.8498;2.35611;16
12:43:11.915;48.8523;2.34708;48.8553;2.3385;48.8493;2.35567;16
12:43:12.763;48.8511;2.34636;48.8541;2.33777;48.8481;2.35493;16
12:43:14.059;48.8512;2.34654;48.8542;2.33797;48.8482;2.35513;16
12:43:14.059;48.8526;2.34758;48.8556;2.33899;48.8497;2.35616;16
12:43:14.613;48.8529;2.34758;48.8558;2.33899;48.8499;2.35616;16
12:43:15.212;48.8547;2.34856;48.8577;2.33998;48.8517;2.35715;16
12:43:15.212;48.8557;2.34976;48.8587;2.34119;48.8527;2.35835;16
12:43:15.213;48.8558;2.34979;48.8588;2.3412;48.8528;2.35837;16
12:43:16.020;48.8558;2.34982;48.8588;2.34125;48.8528;2.35841;16
12:43:16.020;48.8561;2.35069;48.8591;2.3421;48.8531;2.35927;16
12:43:16.616;48.8561;2.35098;48.8591;2.34241;48.8531;2.35957;16
12:43:17.199;48.8561;2.35101;48.8591;2.34242;48.8531;2.35959;16
12:43:17.199;48.8559;2.35139;48.8589;2.34282;48.853;2.35999;16
12:43:17.681;48.8549;2.35191;48.8579;2.34332;48.852;2.36049;16
12:43:18.035;48.8534;2.35251;48.8564;2.34393;48.8504;2.3611;16
12:43:19.430;48.8534;2.35251;48.8564;2.34393;48.8504;2.3611;16
12:43:19.430;48.8534;2.35251;48.8564;2.34393;48.8504;2.3611;16
12:43:20.528;48.8534;2.35251;48.8564;2.34393;48.8504;2.3611;16
12:43:20.528;48.8534;2.35251;48.8564;2.34393;48.8504;2.3611;16
12:43:21.829;48.8534;2.35251;48.8594;2.33534;48.8474;2.36967;15
12:43:25.392;48.8533;2.35265;48.8592;2.33548;48.8473;2.36981;15
12:43:25.393;48.8524;2.35268;48.8583;2.33551;48.8464;2.36984;15
12:43:25.846;48.8505;2.35225;48.8565;2.33508;48.8446;2.36942;15
12:43:25.846;48.8499;2.35199;48.8559;2.33482;48.844;2.36916;15
12:43:26.268;48.8499;2.35199;48.8559;2.33482;48.844;2.36916;15
12:43:26.268;48.849;2.35182;48.855;2.33466;48.8431;2.36899;15
12:43:26.639;48.8471;2.35092;48.8531;2.33376;48.8412;2.36809;15
12:43:26.640;48.8468;2.35101;48.8528;2.33385;48.8409;2.36818;15
12:43:30.880;48.8468;2.35101;48.8498;2.34242;48.8438;2.35959;16
12:43:31.866;48.8468;2.35107;48.8498;2.3425;48.8438;2.35965;16
12:43:31.866;48.8468;2.35187;48.8498;2.34329;48.8438;2.36046;16
12:43:32.380;48.8464;2.35341;48.8494;2.34483;48.8434;2.362;16
12:43:32.381;48.8458;2.35445;48.8488;2.34586;48.8428;2.36302;16
12:43:32.473;48.8458;2.35446;48.8488;2.34589;48.8428;2.36305;16
12:43:33.180;48.8458;2.35449;48.8488;2.3459;48.8428;2.36307;16
12:43:33.181;48.8448;2.35486;48.8478;2.34627;48.8418;2.36343;16
12:43:33.181;48.8439;2.35524;48.8469;2.34665;48.841;2.36382;16
12:43:38.270;48.8437;2.35709;48.8467;2.3485;48.8407;2.36566;16
12:43:38.274;48.8437;2.35735;48.8467;2.34875;48.8407;2.36592;16
12:43:39.160;48.8437;2.35741;48.8466;2.34882;48.8407;2.36598;16
12:43:39.160;48.8436;2.3582;48.8466;2.34961;48.8406;2.36678;16
12:43:39.261;48.8436;2.3588;48.8466;2.35022;48.8406;2.36739;16
12:43:44.995;48.8436;2.3588;48.8466;2.35022;48.8406;2.36739;16
12:43:44.996;48.8445;2.35989;48.8475;2.3513;48.8415;2.36847;16
12:43:45.108;48.8447;2.35999;48.8477;2.35139;48.8417;2.36856;16
12:43:45.910;48.8447;2.35999;48.8507;2.34282;48.8387;2.37715;15
12:43:49.535;48.8446;2.35999;48.8506;2.34282;48.8386;2.37715;15
12:43:49.535;48.8435;2.35873;48.8495;2.34157;48.8376;2.3759;15
12:43:49.786;48.8423;2.35611;48.8483;2.33894;48.8363;2.37328;15
12:43:50.434;48.8421;2.35611;48.8481;2.33894;48.8362;2.37328;15
12:43:50.434;48.8414;2.35355;48.8474;2.33638;48.8354;2.37071;15
12:43:50.904;48.8406;2.35028;48.8466;2.33311;48.8347;2.36745;15
12:43:51.950;48.8405;2.35033;48.8465;2.33316;48.8345;2.36749;15
12:43:52.223;48.8399;2.34848;48.8459;2.33131;48.834;2.36565;15
12:43:52.224;48.8397;2.34706;48.8457;2.3299;48.8338;2.36423;15
12:43:52.603;48.8398;2.3459;48.8458;2.32874;48.8339;2.36307;15
12:43:52.604;48.8401;2.34483;48.8461;2.32767;48.8342;2.362;15
12:43:53.140;48.8401;2.34483;48.846;2.32767;48.8341;2.362;15
12:43:53.140;48.8401;2.34346;48.8461;2.32629;48.8342;2.36063;15
12:43:53.487;48.8405;2.34221;48.8464;2.32504;48.8345;2.35938;15
12:43:53.488;48.8411;2.34195;48.8471;2.32478;48.8352;2.35912;15
12:43:53.699;48.8418;2.34161;48.8478;2.32445;48.8358;2.35878;15
12:43:54.347;48.8429;2.34204;48.8489;2.32487;48.837;2.35921;15
12:43:54.348;48.8434;2.34213;48.8493;2.32497;48.8374;2.3593;15
12:43:54.464;48.8434;2.34209;48.8494;2.32492;48.8375;2.35925;15
12:43:55.136;48.8434;2.34213;48.8494;2.32497;48.8374;2.3593;15
12:43:55.137;48.8443;2.34299;48.8503;2.32582;48.8383;2.36015;15
12:43:55.430;48.8447;2.34332;48.8507;2.32616;48.8387;2.36049;15
12:43:55.430;48.8447;2.34332;48.8507;2.32616;48.8387;2.36049;15
12:43:55.695;48.8447;2.34337;48.8507;2.3262;48.8387;2.36053;15
12:43:55.696;48.8448;2.34337;48.8508;2.3262;48.8388;2.36053;15
12:43:58.519;48.8448;2.34337;48.8478;2.33479;48.8418;2.35196;16
12:43:59.977;48.8448;2.34337;48.8477;2.33479;48.8418;2.35196;16
12:43:59.977;48.845;2.34367;48.848;2.33508;48.842;2.35225;16
12:44:00.644;48.8456;2.34412;48.8486;2.33554;48.8426;2.35271;16
12:44:00.645;48.8458;2.3443;48.8488;2.33571;48.8428;2.35287;16
12:44:00.756;48.8459;2.3443;48.8489;2.33571;48.8429;2.35287;16
12:44:03.767;48.8459;2.3443;48.8474;2.34;48.8444;2.34859;17
12:44:04.618;48.8459;2.34419;48.8474;2.33989;48.8444;2.34848;17
12:44:04.618;48.846;2.34367;48.8475;2.33939;48.8445;2.34796;17
12:44:04.836;48.846;2.34346;48.8475;2.33917;48.8445;2.34775;17
12:44:05.848;48.846;2.34346;48.8475;2.33917;48.8445;2.34775;17
12:44:05.848;48.846;2.34331;48.8475;2.33902;48.8445;2.3476;17
12:44:06.188;48.846;2.34273;48.8475;2.33844;48.8445;2.34702;17
12:44:06.189;48.846;2.34264;48.8475;2.33835;48.8445;2.34694;17
12:44:07.021;48.8459;2.34264;48.8474;2.33835;48.8444;2.34694;17
12:44:07.021;48.8458;2.34236;48.8473;2.33807;48.8443;2.34665;17
12:44:07.262;48.8457;2.34193;48.8472;2.33765;48.8442;2.34622;17
12:44:07.262;48.8456;2.34169;48.8471;2.3374;48.8442;2.34599;17
12:44:07.925;48.8456;2.34169;48.8471;2.3374;48.8442;2.34599;17
12:44:07.925;48.8454;2.34152;48.8469;2.33723;48.8439;2.34579;17
12:44:08.339;48.8451;2.34108;48.8466;2.33678;48.8436;2.34537;17
12:44:08.339;48.8451;2.34099;48.8465;2.3367;48.8436;2.34528;17
12:44:08.339;48.8451;2.34099;48.8465;2.3367;48.8436;2.34528;17
12:44:09.076;48.8451;2.34099;48.8466;2.3367;48.8436;2.34528;17
12:44:09.077;48.8453;2.34116;48.8468;2.33687;48.8438;2.34546;17
12:44:09.209;48.8459;2.34151;48.8474;2.33722;48.8445;2.34579;17
12:44:09.820;48.8461;2.34157;48.8475;2.33728;48.8446;2.34584;17
12:44:09.820;48.8464;2.34167;48.8479;2.33739;48.8449;2.34596;17
12:44:10.349;48.8465;2.34169;48.848;2.3374;48.845;2.34596;17
12:44:10.349;48.8465;2.34169;48.848;2.3374;48.8451;2.34596;17
12:44:22.070;48.8465;2.34177;48.848;2.33746;48.845;2.34605;17
12:44:22.071;48.8465;2.34204;48.848;2.33775;48.845;2.34631;17
12:44:23.176;48.8465;2.34306;48.848;2.33878;48.845;2.34737;17
12:44:23.176;48.8466;2.34401;48.8481;2.33972;48.8451;2.34831;17
12:44:23.176;48.8463;2.34457;48.8478;2.34029;48.8448;2.34886;17
12:44:23.633;48.8464;2.3447;48.8478;2.34041;48.8449;2.34897;17
12:44:23.988;48.8464;2.34479;48.8479;2.3405;48.8449;2.34906;17
12:44:23.988;48.8464;2.34554;48.8479;2.34125;48.8449;2.34982;17
12:44:24.409;48.8463;2.34659;48.8478;2.3423;48.8448;2.35088;17
12:44:24.410;48.8463;2.34676;48.8478;2.34247;48.8448;2.35103;17
12:44:24.840;48.8463;2.34683;48.8478;2.34253;48.8448;2.35112;17
12:44:24.840;48.8463;2.34807;48.8478;2.34378;48.8448;2.35236;17
12:44:24.917;48.8461;2.34866;48.8476;2.34438;48.8446;2.35297;17
12:44:25.456;48.8461;2.34871;48.8476;2.34442;48.8446;2.35301;17
12:44:25.457;48.846;2.34972;48.8475;2.34543;48.8445;2.35402;17
12:44:25.570;48.846;2.35059;48.8475;2.34628;48.8445;2.35486;17
12:44:26.915;48.846;2.35059;48.8475;2.34628;48.8445;2.35486;17
12:44:26.915;48.8458;2.35106;48.8473;2.34676;48.8443;2.35532;17
12:44:27.473;48.8454;2.35222;48.8469;2.34792;48.8439;2.35648;17
12:44:27.473;48.8451;2.35301;48.8466;2.34871;48.8436;2.3573;17
12:44:27.927;48.8451;2.35301;48.8466;2.34871;48.8436;2.3573;17
12:44:27.927;48.8448;2.35318;48.8463;2.34889;48.8433;2.35747;17
12:44:28.194;48.8445;2.35373;48.846;2.34944;48.843;2.35803;17
12:44:28.195;48.8443;2.3542;48.8458;2.34991;48.8428;2.35851;17
12:44:30.730;48.8435;2.35425;48.845;2.34996;48.842;2.35854;17
12:44:30.730;48.8432;2.35423;48.8447;2.34993;48.8417;2.35851;17
12:44:31.230;48.8432;2.3542;48.8447;2.34991;48.8417;2.35851;17
12:44:31.230;48.8429;2.35414;48.8444;2.34985;48.8415;2.35843;17
12:44:31.231;48.8426;2.35403;48.8441;2.34975;48.8411;2.35832;17
12:44:31.296;48.8423;2.35397;48.8438;2.34969;48.8409;2.35826;17
12:44:33.097;48.8424;2.35408;48.8438;2.34979;48.8409;2.35837;17
12:44:33.097;48.8424;2.35509;48.8439;2.3508;48.841;2.35938;17
12:44:33.171;48.8425;2.35547;48.844;2.35118;48.8411;2.35974;17
12:44:35.637;48.8434;2.35678;48.8449;2.35249;48.8419;2.36107;17
12:44:36.636;48.8434;2.35683;48.8448;2.35254;48.8419;2.36111;17
12:44:36.637;48.8433;2.35713;48.8448;2.35283;48.8418;2.36142;17
12:44:36.855;48.8431;2.35748;48.8446;2.3532;48.8416;2.36176;17
12:44:36.855;48.8428;2.35693;48.8443;2.35265;48.8413;2.36121;17
12:44:36.960;48.8427;2.35674;48.8442;2.35245;48.8412;2.36102;17
12:44:37.418;48.8426;2.35672;48.8441;2.35243;48.8411;2.36099;17
12:44:37.418;48.8425;2.35587;48.844;2.35156;48.841;2.36015;17
12:44:37.514;48.8424;2.35542;48.8439;2.35114;48.841;2.3597;17
12:44:37.974;48.8424;2.35532;48.8439;2.35103;48.8409;2.35962;17
12:44:37.974;48.8425;2.35414;48.844;2.34985;48.841;2.35843;17
12:44:38.598;48.8424;2.35402;48.8439;2.34972;48.841;2.35831;17
12:44:38.598;48.8425;2.35246;48.844;2.34818;48.841;2.35674;17
12:44:39.167;48.8424;2.35239;48.8439;2.3481;48.841;2.35666;17
12:44:39.168;48.8426;2.35098;48.8441;2.34669;48.8411;2.35529;17
12:44:39.599;48.8425;2.35051;48.844;2.34622;48.841;2.35481;17
12:44:39.599;48.8426;2.34929;48.8441;2.345;48.8411;2.35356;17
12:44:40.661;48.8425;2.34924;48.844;2.34496;48.841;2.35355;17
12:44:40.661;48.8424;2.34866;48.8439;2.34438;48.8409;2.35297;17
12:44:40.763;48.8425;2.34779;48.844;2.34351;48.841;2.35208;17
12:44:41.478;48.8425;2.34766;48.844;2.34337;48.841;2.35196;17
12:44:41.479;48.8427;2.34706;48.8441;2.34277;48.8412;2.35133;17
12:44:41.553;48.8428;2.34657;48.8442;2.34227;48.8413;2.35086;17
12:44:42.135;48.8428;2.34657;48.8443;2.34227;48.8413;2.35086;17
12:44:42.136;48.8433;2.34633;48.8448;2.34204;48.8418;2.3506;17
12:44:42.337;48.8434;2.34604;48.8449;2.34174;48.8419;2.3503;17
12:44:42.986;48.8432;2.34586;48.8447;2.34157;48.8418;2.35013;17
12:44:42.987;48.8433;2.3452;48.8448;2.3409;48.8418;2.34949;17
12:44:43.333;48.8434;2.34464;48.8449;2.34035;48.8419;2.34892;17
12:44:43.333;48.8435;2.34422;48.845;2.33994;48.842;2.34853;17
12:44:44.324;48.8435;2.34422;48.8465;2.33565;48.8405;2.35281;16
12:44:45.587;48.8434;2.34422;48.8464;2.33565;48.8404;2.35281;16
12:44:45.588;48.8443;2.34467;48.8473;2.33607;48.8413;2.35324;16
12:44:45.676;48.8447;2.34467;48.8477;2.33607;48.8417;2.35324;16
12:44:46.084;48.8447;2.3447;48.8477;2.33612;48.8417;2.35329;16
12:44:46.084;48.8457;2.34502;48.8487;2.33644;48.8427;2.35361;16
12:44:46.420;48.8459;2.34502;48.8489;2.33644;48.8429;2.35361;16
12:44:47.014;48.8458;2.34517;48.8488;2.33659;48.8428;2.35376;16
12:44:47.014;48.8465;2.34575;48.8495;2.33717;48.8435;2.35434;16
12:44:47.117;48.8466;2.34578;48.8495;2.33719;48.8436;2.35435;16
12:44:47.986;48.8466;2.34578;48.8481;2.34148;48.8451;2.35007;17
12:44:49.122;48.8466;2.34578;48.8481;2.34148;48.8451;2.35007;17
12:44:49.123;48.8463;2.34543;48.8478;2.34114;48.8448;2.34972;17
12:44:49.229;48.846;2.34448;48.8475;2.34019;48.8445;2.34875;17
12:44:50.428;48.846;2.34448;48.8475;2.34019;48.8445;2.34875;17
12:44:50.428;48.8463;2.34425;48.8478;2.33997;48.8448;2.34854;17
12:44:50.887;48.8463;2.34398;48.8478;2.33968;48.8448;2.34824;17
12:44:50.887;48.8463;2.34364;48.8478;2.33936;48.8448;2.34795;17
12:44:50.888;48.8463;2.34332;48.8478;2.33904;48.8448;2.34763;17
12:44:51.155;48.8463;2.34299;48.8478;2.3387;48.8448;2.34727;17
12:44:51.155;48.8463;2.34268;48.8478;2.33839;48.8448;2.34697;17
12:44:52.128;48.8463;2.34268;48.8478;2.33839;48.8448;2.34697;17
12:44:52.128;48.8463;2.34268;48.8478;2.33839;48.8448;2.34697;17
12:44:53.761;48.8463;2.34268;48.8478;2.33839;48.8448;2.34697;17
12:44:53.761;48.8463;2.34268;48.8478;2.33839;48.8448;2.34697;17
12:46:39.918;48.8463;2.34268;48.8478;2.33839;48.8448;2.34697;17
12:46:39.919;48.8459;2.34346;48.8474;2.33917;48.8444;2.34775;17
12:46:40.024;48.8452;2.34592;48.8467;2.34163;48.8437;2.35022;17
12:46:40.565;48.8451;2.3459;48.8466;2.34161;48.8437;2.35019;17
12:46:40.565;48.8447;2.34712;48.8462;2.34283;48.8433;2.35141;17
12:46:40.821;48.8446;2.34964;48.8461;2.34535;48.8431;2.35393;17
12:46:41.140;48.8446;2.34964;48.8461;2.34535;48.8431;2.35391;17
12:46:41.140;48.8441;2.35156;48.8456;2.34727;48.8426;2.35583;17
12:46:41.346;48.844;2.35287;48.8455;2.34859;48.8425;2.35716;17
12:46:41.754;48.844;2.35287;48.8455;2.34859;48.8425;2.35716;17
12:46:41.755;48.8436;2.35408;48.8451;2.34979;48.8421;2.35837;17
12:46:42.149;48.8435;2.35603;48.845;2.35175;48.842;2.36031;17
12:46:42.149;48.8435;2.35619;48.845;2.35188;48.842;2.36047;17
12:46:43.174;48.8435;2.35619;48.845;2.35188;48.842;2.36047;17
12:46:43.175;48.8432;2.35753;48.8447;2.35324;48.8417;2.3618;17
12:46:43.286;48.8433;2.35931;48.8447;2.35503;48.8418;2.3636;17
12:46:43.940;48.8433;2.35936;48.8447;2.35507;48.8418;2.36365;17
12:46:43.940;48.8435;2.36;48.845;2.35571;48.842;2.36429;17
12:46:44.195;48.8439;2.36133;48.8454;2.35704;48.8424;2.36562;17
12:46:44.195;48.8439;2.36142;48.8454;2.35713;48.8425;2.36571;17
12:46:46.573;48.8439;2.36147;48.8454;2.35716;48.8424;2.36575;17
12:46:46.574;48.8439;2.36157;48.8454;2.35727;48.8424;2.36584;17
12:46:47.924;48.8438;2.36163;48.8453;2.35735;48.8424;2.36592;17
12:46:47.924;48.8438;2.36163;48.8453;2.35735;48.8423;2.36592;17
12:46:48.919;48.8438;2.36163;48.8468;2.35304;48.8408;2.37021;16
12:46:53.787;48.8439;2.36176;48.8469;2.35318;48.8409;2.37035;16
12:46:53.787;48.8445;2.36247;48.8475;2.35388;48.8416;2.37103;16
12:46:54.272;48.8451;2.36301;48.8481;2.35442;48.8421;2.37158;16
12:46:54.272;48.8454;2.36343;48.8484;2.35486;48.8425;2.37201;16
12:46:54.682;48.8457;2.36371;48.8487;2.35513;48.8428;2.37227;16
12:46:55.167;48.8472;2.36493;48.8502;2.35635;48.8443;2.37352;16
12:46:55.167;48.8476;2.36513;48.8506;2.35655;48.8446;2.37369;16
12:46:55.818;48.8478;2.36496;48.8508;2.35637;48.8448;2.37352;16
12:46:55.819;48.8478;2.36412;48.8508;2.35553;48.8448;2.37271;16
12:46:55.819;48.8474;2.36226;48.8504;2.35367;48.8444;2.37082;16
12:46:55.819;48.8473;2.36189;48.8503;2.3533;48.8443;2.37047;16
12:46:56.522;48.8473;2.36186;48.8503;2.35329;48.8443;2.37042;16
12:46:56.523;48.8471;2.36131;48.8501;2.35272;48.8442;2.36987;16
12:46:56.935;48.8471;2.36006;48.8501;2.35149;48.8441;2.36862;16
12:46:56.935;48.8471;2.36;48.8501;2.35141;48.8441;2.36859;16
12:46:58.513;48.8471;2.36;48.8531;2.34283;48.8411;2.37717;15
12:47:02.088;48.8472;2.36009;48.8531;2.34293;48.8412;2.37726;15
12:47:02.088;48.8481;2.36223;48.854;2.34506;48.8421;2.37939;15
12:47:02.416;48.8493;2.36493;48.8553;2.34776;48.8433;2.3821;15
12:47:02.417;48.8501;2.3663;48.8561;2.34914;48.8441;2.38347;15
12:47:02.751;48.8503;2.36649;48.8563;2.34932;48.8443;2.38365;15
12:47:02.751;48.8504;2.36649;48.8563;2.34932;48.8444;2.38365;15
12:47:03.451;48.8504;2.3663;48.8564;2.34914;48.8445;2.38347;15
12:47:03.451;48.8505;2.36545;48.8565;2.34828;48.8445;2.38261;15
12:47:03.929;48.8489;2.36218;48.8549;2.34502;48.843;2.37935;15
12:47:03.929;48.8486;2.36172;48.8546;2.34454;48.8426;2.37888;15
12:47:04.057;48.8487;2.36163;48.8547;2.34447;48.8427;2.3788;15
12:47:10.737;48.8487;2.36163;48.8547;2.34447;48.8427;2.3788;15
12:47:10.741;48.8493;2.36258;48.8553;2.34541;48.8433;2.37975;15
12:47:11.386;48.85;2.36301;48.8559;2.34584;48.844;2.38017;15
12:47:11.386;48.8505;2.36313;48.8565;2.34596;48.8445;2.38029;15
12:47:11.636;48.8514;2.36313;48.8573;2.34596;48.8454;2.38029;15
12:47:14.043;48.8513;2.36322;48.8573;2.34605;48.8454;2.38039;15
12:47:14.043;48.8507;2.3663;48.8567;2.34914;48.8447;2.38347;15
12:47:14.713;48.848;2.37262;48.8539;2.35545;48.842;2.38979;15
12:47:15.139;48.8424;2.36627;48.8484;2.34911;48.8364;2.38344;15
12:47:17.285;48.8424;2.3663;48.8484;2.34914;48.8364;2.38347;15
12:47:17.285;48.8435;2.36618;48.8495;2.34901;48.8375;2.38335;15
12:47:17.493;48.8465;2.36519;48.8525;2.34802;48.8406;2.38235;15
12:47:17.842;48.8469;2.36554;48.8529;2.34837;48.841;2.38271;15
12:47:17.842;48.8506;2.36699;48.8565;2.34982;48.8446;2.38416;15
12:47:18.108;48.8517;2.36699;48.8577;2.34982;48.8458;2.38416;15
12:47:18.746;48.8517;2.36794;48.8577;2.35077;48.8458;2.3851;15
12:47:18.746;48.851;2.36455;48.8569;2.34738;48.845;2.38171;15
12:47:19.369;48.8508;2.35863;48.8568;2.34146;48.8448;2.37579;15
12:47:19.370;48.8509;2.35846;48.8569;2.34129;48.8449;2.37563;15
12:47:20.036;48.8509;2.35846;48.8629;2.32413;48.839;2.39279;14
12:47:24.367;48.8503;2.35915;48.8622;2.32481;48.8383;2.39348;14
12:47:24.367;48.849;2.35742;48.8609;2.32309;48.837;2.39175;14
12:47:24.514;48.8472;2.35287;48.8591;2.31854;48.8352;2.38721;14
12:47:25.314;48.8472;2.35287;48.8531;2.33571;48.8412;2.37004;15
12:47:27.476;48.8497;2.35439;48.8556;2.33722;48.8437;2.37155;15
12:47:27.476;48.8508;2.35481;48.8568;2.33765;48.8449;2.37198;15
12:47:28.287;48.8514;2.35486;48.8574;2.33768;48.8454;2.37201;15
12:47:28.287;48.8523;2.35477;48.8583;2.3376;48.8463;2.37193;15
12:47:31.910;48.8523;2.35477;48.8553;2.34618;48.8493;2.36334;16
12:47:35.357;48.8512;2.35599;48.8541;2.34741;48.8482;2.36455;16
12:47:35.357;48.8511;2.35616;48.8541;2.34758;48.8481;2.36472;16
12:47:35.789;48.851;2.35619;48.854;2.3476;48.8481;2.36476;16
12:47:41.825;48.851;2.35619;48.854;2.3476;48.8481;2.36476;16
12:47:41.826;48.8515;2.35629;48.8545;2.3477;48.8485;2.36485;16
12:47:41.927;48.8519;2.35637;48.8549;2.34779;48.8489;2.36493;16
12:47:42.842;48.8519;2.35637;48.8534;2.35208;48.8504;2.36064;17
12:47:58.455;48.8518;2.3564;48.8533;2.35211;48.8503;2.36069;17
12:47:58.455;48.8516;2.35655;48.8531;2.35225;48.8501;2.36081;17
12:47:58.756;48.8513;2.35635;48.8528;2.35207;48.8498;2.36064;17
12:47:58.756;48.8511;2.35634;48.8526;2.35204;48.8496;2.3606;17
12:47:58.988;48.8509;2.35626;48.8524;2.35197;48.8494;2.36057;17
12:47:58.988;48.8508;2.35623;48.8523;2.35193;48.8493;2.36052;17
12:47:59.186;48.8508;2.35619;48.8523;2.35188;48.8493;2.36047;17
12:48:16.838;48.8509;2.35625;48.8524;2.35196;48.8494;2.36052;17
12:48:16.838;48.8515;2.35677;48.853;2.35246;48.85;2.36105;17
12:48:17.130;48.8516;2.3568;48.8531;2.35251;48.8501;2.3611;17
12:48:17.131;48.8516;2.35683;48.8531;2.35254;48.8501;2.36111;17
12:48:17.251;48.8516;2.35678;48.8531;2.35249;48.8501;2.36107;17
12:48:23.838;48.8515;2.3568;48.853;2.35251;48.85;2.3611;17
12:48:23.838;48.8515;2.35683;48.853;2.35254;48.85;2.36111;17
12:48:23.913;48.8515;2.35683;48.853;2.35254;48.85;2.36111;17
12:48:24.714;48.8515;2.35683;48.8545;2.34824;48.8485;2.3654;16
12:48:26.044;48.8515;2.35684;48.8545;2.34827;48.8485;2.3654;16
12:48:26.044;48.852;2.3573;48.8549;2.34871;48.849;2.36588;16
12:48:26.463;48.8533;2.35847;48.8563;2.3499;48.8503;2.36703;16
12:48:26.463;48.8535;2.35883;48.8565;2.35023;48.8505;2.36739;16
12:48:26.598;48.8537;2.35875;48.8567;2.35017;48.8507;2.36734;16
12:48:28.259;48.8537;2.35883;48.8567;2.35023;48.8507;2.36739;16
12:48:28.259;48.8528;2.36069;48.8558;2.35211;48.8498;2.36926;16
12:48:28.567;48.8523;2.36458;48.8553;2.35599;48.8493;2.37314;16
12:48:29.283;48.8523;2.36458;48.8553;2.35599;48.8493;2.37314;16
12:48:29.284;48.8523;2.36458;48.8553;2.35599;48.8493;2.37314;16
12:48:29.852;48.8523;2.36458;48.8583;2.34741;48.8464;2.38171;15
12:48:31.510;48.8523;2.36458;48.8643;2.33025;48.8404;2.39888;14
12:48:33.505;48.8523;2.36458;48.8762;2.29591;48.8284;2.43321;13
12:48:35.849;48.8519;2.36491;48.8758;2.29625;48.828;2.43356;13
12:48:35.849;48.8517;2.3656;48.8755;2.29694;48.8278;2.43425;13
12:48:35.997;48.8489;2.37024;48.8728;2.30157;48.8251;2.43887;13
12:48:35.997;48.8484;2.37093;48.8723;2.30226;48.8245;2.43956;13
12:48:36.134;48.8457;2.37263;48.8695;2.30397;48.8218;2.44128;13
12:48:36.134;48.8451;2.37299;48.869;2.30432;48.8212;2.44162;13
12:48:36.247;48.8438;2.37315;48.8677;2.30449;48.82;2.4418;13
12:48:36.247;48.8435;2.37315;48.8674;2.30449;48.8196;2.4418;13
12:48:36.413;48.8422;2.37332;48.8661;2.30466;48.8183;2.44197;13
12:48:36.414;48.8411;2.37315;48.865;2.30449;48.8172;2.4418;13
12:48:36.526;48.8391;2.37282;48.863;2.30415;48.8152;2.44145;13
12:48:36.526;48.8377;2.37282;48.8616;2.30415;48.8139;2.44145;13
12:48:36.689;48.8358;2.3723;48.8597;2.30363;48.8119;2.44093;13
12:48:36.690;48.8337;2.3723;48.8576;2.30363;48.8098;2.44093;13
12:48:36.998;48.8309;2.37263;48.8548;2.30397;48.807;2.44128;13
12:48:36.999;48.8305;2.37282;48.8544;2.30415;48.8066;2.44145;13
12:48:37.088;48.8285;2.37315;48.8524;2.30449;48.8046;2.4418;13
12:48:37.088;48.8276;2.37332;48.8515;2.30466;48.8037;2.44197;13
12:48:37.295;48.8243;2.37332;48.8482;2.30466;48.8004;2.44197;13
12:48:37.296;48.8218;2.37315;48.8457;2.30449;48.7979;2.4418;13
12:48:37.436;48.822;2.37161;48.8459;2.30295;48.7981;2.44025;13
12:48:38.055;48.8217;2.3723;48.8456;2.30363;48.7978;2.44093;13
12:48:38.055;48.8219;2.37675;48.8458;2.30809;48.798;2.4454;13
12:48:38.378;48.8244;2.38603;48.8483;2.31737;48.8005;2.45467;13
12:48:38.379;48.8256;2.39117;48.8494;2.32251;48.8017;2.45982;13
12:48:38.707;48.8269;2.39529;48.8508;2.32663;48.803;2.46394;13
12:48:38.708;48.828;2.39856;48.8519;2.3299;48.8041;2.46721;13
12:48:39.522;48.8314;2.4104;48.8553;2.34174;48.8075;2.47905;13
12:48:39.523;48.8314;2.41641;48.8553;2.34775;48.8075;2.48506;13
12:48:39.523;48.8311;2.42363;48.855;2.35497;48.8072;2.49226;13
12:48:39.523;48.83;2.42929;48.8539;2.36063;48.8061;2.49792;13
12:48:39.523;48.83;2.42929;48.8539;2.36063;48.8061;2.49792;13
12:48:43.416;48.8223;2.44011;48.8462;2.37144;48.7984;2.50874;13
12:48:43.416;48.8197;2.45676;48.8436;2.38809;48.7958;2.52539;13
12:48:43.732;48.8182;2.47014;48.8421;2.40147;48.7943;2.53879;13
12:48:44.962;48.8181;2.47014;48.842;2.40147;48.7942;2.53879;13
12:48:44.963;48.8307;2.47255;48.8546;2.40388;48.8069;2.54118;13
12:48:45.212;48.8323;2.47238;48.8562;2.40372;48.8084;2.54102;13
12:48:48.022;48.8323;2.47238;48.8443;2.43805;48.8204;2.50668;14
12:48:51.472;48.8291;2.45984;48.8411;2.42551;48.8172;2.49416;14
12:48:51.475;48.829;2.45967;48.841;2.42534;48.8171;2.49399;14
12:48:53.139;48.829;2.45967;48.835;2.4425;48.8231;2.47682;15
12:48:57.151;48.829;2.45967;48.841;2.42534;48.8171;2.49399;14
12:49:02.370;48.829;2.45967;48.841;2.42534;48.8171;2.49399;14
12:49:02.370;48.8288;2.45898;48.8408;2.42465;48.8169;2.4933;14
12:49:03.285;48.8298;2.45555;48.8418;2.42122;48.8179;2.48987;14
12:49:03.285;48.8304;2.45461;48.8424;2.42027;48.8185;2.48892;14
12:49:04.861;48.8306;2.45427;48.8425;2.41994;48.8186;2.48857;14
12:49:05.386;48.8353;2.44672;48.8472;2.41238;48.8233;2.48102;14
12:49:08.611;48.8384;2.44714;48.8504;2.41281;48.8265;2.48145;14
12:49:08.611;48.8411;2.44653;48.8531;2.4122;48.8292;2.48085;14
12:49:08.863;48.8412;2.44629;48.8531;2.41196;48.8293;2.48059;14
12:49:10.236;48.8409;2.44679;48.8528;2.41246;48.8289;2.48111;14
12:49:10.237;48.8393;2.44165;48.8513;2.40732;48.8274;2.47595;14
12:49:10.713;48.8382;2.43443;48.8502;2.4001;48.8263;2.46875;14
12:49:15.329;48.8382;2.43443;48.8442;2.41727;48.8322;2.45158;15
12:49:18.556;48.8383;2.43478;48.8443;2.41762;48.8323;2.45192;15
12:49:18.557;48.8394;2.43723;48.8453;2.42006;48.8334;2.45438;15
12:49:18.861;48.8408;2.43976;48.8467;2.42259;48.8348;2.45691;15
12:49:18.861;48.8418;2.44122;48.8478;2.42406;48.8358;2.45836;15
12:49:19.118;48.8425;2.44272;48.8485;2.42555;48.8366;2.45987;15
12:49:19.119;48.8427;2.44255;48.8487;2.42538;48.8368;2.45969;15
12:49:23.150;48.8427;2.44255;48.8457;2.43396;48.8397;2.45111;16
12:49:24.653;48.8439;2.4422;48.8469;2.43362;48.8409;2.45076;16
12:49:24.653;48.8441;2.44214;48.847;2.43356;48.8411;2.45073;16
12:49:25.130;48.8442;2.44218;48.8471;2.43359;48.8412;2.45076;16
12:49:36.814;48.8442;2.44218;48.8456;2.4379;48.8427;2.44647;17
12:50:32.129;48.8442;2.44218;48.8471;2.43359;48.8412;2.45076;16
12:50:35.975;48.8442;2.44218;48.8501;2.42502;48.8382;2.45935;15
12:50:37.259;48.8441;2.44228;48.8501;2.42511;48.8382;2.45944;15
12:50:37.260;48.843;2.44437;48.849;2.4272;48.8371;2.46153;15
12:50:37.853;48.8414;2.44609;48.8474;2.42892;48.8354;2.46326;15
12:50:37.853;48.8406;2.44687;48.8466;2.42969;48.8346;2.46402;15
12:50:37.971;48.8394;2.44742;48.8453;2.43025;48.8334;2.46458;15
12:50:38.712;48.8391;2.44777;48.8451;2.4306;48.8331;2.46494;15
12:50:38.712;48.8384;2.44875;48.8444;2.43158;48.8325;2.46591;15
12:50:38.712;48.838;2.44896;48.8439;2.43179;48.832;2.46613;15
12:50:38.713;48.838;2.44891;48.8439;2.43176;48.832;2.46609;15
12:50:55.672;48.838;2.44891;48.8499;2.41458;48.826;2.48325;14
12:50:59.648;48.838;2.44891;48.8619;2.38025;48.8141;2.51758;13
12:51:03.792;48.838;2.44891;48.8857;2.31158;48.7902;2.58624;12
12:51:07.632;48.838;2.45544;48.8857;2.31812;48.7902;2.59277;12
12:51:07.632;48.8373;2.45715;48.8851;2.31982;48.7895;2.59448;12
12:51:07.691;48.8285;2.45853;48.8763;2.3212;48.7807;2.59586;12
12:51:07.692;48.8246;2.4599;48.8724;2.32257;48.7768;2.59723;12
12:51:08.081;48.8174;2.46265;48.8652;2.32532;48.7696;2.59998;12
12:51:08.081;48.8126;2.46265;48.8604;2.32532;48.7648;2.59998;12
12:51:08.142;48.8054;2.45578;48.8532;2.31845;48.7576;2.59311;12
12:51:09.540;48.8059;2.45511;48.8537;2.31778;48.758;2.59244;12
12:51:09.540;48.807;2.45407;48.8548;2.31674;48.7592;2.5914;12
12:51:09.625;48.8167;2.4393;48.8645;2.30197;48.7689;2.57663;12
12:51:09.626;48.8188;2.4369;48.8665;2.29958;48.7709;2.57423;12
12:51:09.698;48.8219;2.43176;48.8697;2.29443;48.7741;2.56909;12
12:51:10.485;48.8219;2.43279;48.8697;2.29546;48.7741;2.57011;12
12:51:10.486;48.8231;2.43484;48.8708;2.29752;48.7752;2.57217;12
12:51:10.539;48.8298;2.43588;48.8776;2.29855;48.782;2.57321;12
12:51:10.539;48.8321;2.43416;48.8799;2.29683;48.7843;2.57149;12
12:51:10.632;48.8364;2.42902;48.8842;2.29169;48.7886;2.56635;12
12:51:10.632;48.8373;2.42729;48.8851;2.28996;48.7895;2.56462;12
12:51:10.732;48.8393;2.42419;48.8871;2.28687;48.7915;2.56152;12
12:51:10.732;48.8398;2.42352;48.8875;2.28619;48.792;2.56085;12
12:51:10.732;48.84;2.42317;48.8878;2.28584;48.7922;2.5605;12
12:51:10.845;48.8402;2.42249;48.888;2.28516;48.7924;2.55981;12
12:51:12.743;48.8402;2.42249;48.888;2.28516;48.7924;2.55981;12
12:51:12.743;48.8402;2.42249;48.888;2.28516;48.7924;2.55981;12
12:51:12.767;48.8398;2.42352;48.8875;2.28619;48.792;2.56085;12
12:51:12.767;48.84;2.42215;48.8878;2.28482;48.7922;2.55948;12
12:51:12.848;48.8402;2.41631;48.888;2.27898;48.7924;2.55363;12
12:51:12.849;48.8393;2.41493;48.8871;2.2776;48.7915;2.55226;12
12:51:12.938;48.8373;2.40944;48.8851;2.27211;48.7895;2.54677;12
12:51:12.938;48.8373;2.40807;48.8851;2.27074;48.7895;2.54539;12
12:51:13.021;48.8371;2.40359;48.8848;2.26627;48.7892;2.54092;12
12:51:13.021;48.8368;2.40292;48.8846;2.26559;48.789;2.54025;12
12:51:13.088;48.8366;2.40189;48.8844;2.26456;48.7888;2.53922;12
12:51:23.732;48.8312;2.41803;48.879;2.2807;48.7834;2.55536;12
12:51:23.732;48.831;2.42078;48.8787;2.28345;48.7831;2.55811;12
12:51:23.905;48.8301;2.43314;48.8778;2.29581;48.7822;2.57047;12
12:51:23.905;48.8294;2.43655;48.8772;2.29922;48.7816;2.57388;12
12:51:24.215;48.8224;2.46402;48.8702;2.32669;48.7746;2.60135;12
12:51:24.215;48.8185;2.48085;48.8663;2.34352;48.7707;2.61818;12
12:51:24.431;48.8215;2.50247;48.8693;2.36514;48.7736;2.6398;12
12:51:27.127;48.8072;2.50934;48.855;2.37201;48.7594;2.64667;12
12:51:27.212;48.8165;2.45888;48.8643;2.32155;48.7687;2.59621;12
12:51:50.243;48.8165;2.45888;48.912;2.18422;48.7208;2.73354;11
12:51:59.173;48.8165;2.45888;49.0074;1.90956;48.6249;3.00819;10
12:51:59.907;48.8165;2.45888;48.912;2.18422;48.7208;2.73354;11
12:52:00.420;48.8165;2.45888;48.8643;2.32155;48.7687;2.59621;12
12:52:01.317;48.8165;2.45888;48.8404;2.39021;48.7926;2.52754;13
12:52:02.549;48.8165;2.45596;48.8404;2.3873;48.7926;2.52463;13
12:52:02.550;48.8153;2.4369;48.8391;2.36824;48.7913;2.50557;13
12:52:03.275;48.8157;2.43605;48.8396;2.36739;48.7918;2.50471;13
12:52:03.275;48.8133;2.40463;48.8372;2.33597;48.7894;2.4733;13
12:52:04.940;48.8133;2.40309;48.8372;2.33443;48.7894;2.47176;13
12:52:04.940;48.8174;2.3909;48.8413;2.32224;48.7935;2.45956;13
12:52:05.399;48.8184;2.39021;48.8423;2.32155;48.7945;2.45888;13
12:52:05.400;48.8216;2.36584;48.8455;2.29718;48.7977;2.43451;13
12:52:06.220;48.8225;2.36497;48.8464;2.29631;48.7986;2.43364;13
12:52:06.220;48.8252;2.34901;48.8491;2.28035;48.8013;2.41768;13
12:52:06.249;48.8255;2.34525;48.8494;2.27658;48.8016;2.41391;13
12:52:06.924;48.8263;2.34454;48.8502;2.27588;48.8024;2.41321;13
12:52:06.925;48.8287;2.33151;48.8526;2.26285;48.8048;2.40018;13
12:52:06.956;48.8305;2.31795;48.8544;2.24928;48.8066;2.38661;13
12:52:07.501;48.8316;2.31554;48.8555;2.24687;48.8077;2.3842;13
12:52:07.501;48.836;2.29768;48.8599;2.22902;48.8121;2.36635;13
12:52:07.530;48.8386;2.28499;48.8625;2.21632;48.8148;2.35365;13
12:52:08.001;48.8386;2.28362;48.8625;2.21495;48.8148;2.35228;13
12:52:08.001;48.843;2.26851;48.8669;2.19984;48.8192;2.33717;13
12:52:08.205;48.8463;2.25099;48.8702;2.18233;48.8224;2.31966;13
12:52:08.726;48.8472;2.24997;48.8711;2.1813;48.8233;2.31863;13
12:52:08.726;48.8567;2.22369;48.8806;2.15503;48.8328;2.29236;13
12:52:11.048;48.855;2.22525;48.8789;2.15659;48.8311;2.29391;13
12:52:11.048;48.8475;2.23743;48.8713;2.16876;48.8236;2.30609;13
12:52:11.117;48.8483;2.23761;48.8721;2.16895;48.8244;2.30627;13
12:52:12.215;48.8481;2.23761;48.872;2.16895;48.8242;2.30627;13
12:52:12.215;48.8478;2.23778;48.8717;2.16911;48.8239;2.30644;13
12:52:13.275;48.8478;2.23778;48.8597;2.20345;48.8358;2.27211;14
12:52:14.105;48.8478;2.23778;48.8538;2.22061;48.8418;2.25494;15
12:52:14.827;48.8476;2.23863;48.8535;2.22147;48.8416;2.2558;15
12:52:14.827;48.8459;2.24426;48.8519;2.2271;48.8399;2.26143;15
12:52:15.959;48.8458;2.24422;48.8517;2.22705;48.8398;2.26138;15
12:52:15.959;48.8427;2.24872;48.8487;2.23155;48.8367;2.26588;15
12:52:16.194;48.8401;2.25554;48.8461;2.23837;48.8341;2.27271;15
12:52:16.693;48.84;2.25546;48.846;2.2383;48.834;2.27263;15
12:52:16.694;48.8351;2.26399;48.841;2.24683;48.8291;2.28116;15
12:52:17.337;48.8349;2.26451;48.8408;2.24734;48.8289;2.28168;15
12:52:17.337;48.8284;2.27069;48.8344;2.25352;48.8224;2.28786;15
12:52:17.337;48.828;2.27138;48.834;2.25421;48.822;2.28854;15
12:52:17.933;48.8277;2.27237;48.8336;2.2552;48.8217;2.28954;15
12:52:17.934;48.8255;2.28203;48.8315;2.26486;48.8195;2.29919;15
12:52:20.197;48.8262;2.28468;48.8322;2.26752;48.8203;2.30185;15
12:52:20.197;48.8266;2.29198;48.8326;2.27481;48.8206;2.30914;15
12:52:21.203;48.8266;2.29233;48.8326;2.27516;48.8206;2.30949;15
12:52:21.203;48.8266;2.30296;48.8326;2.2858;48.8207;2.32013;15
12:52:22.222;48.8266;2.30412;48.8326;2.28696;48.8206;2.32129;15
12:52:22.222;48.8259;2.31348;48.8318;2.29631;48.8199;2.33064;15
12:52:23.213;48.8259;2.3158;48.8319;2.29863;48.82;2.33296;15
12:52:23.213;48.8248;2.32382;48.8307;2.30666;48.8188;2.34099;15
12:52:23.942;48.8246;2.32404;48.8306;2.30687;48.8187;2.3412;15
12:52:23.942;48.8243;2.33421;48.8303;2.31705;48.8184;2.35138;15
12:52:24.680;48.8243;2.3345;48.8303;2.31734;48.8184;2.35167;15
12:52:24.681;48.826;2.34103;48.8319;2.32387;48.82;2.3582;15
12:52:24.930;48.8262;2.34387;48.8321;2.32669;48.8202;2.36102;15
12:52:27.502;48.8261;2.34395;48.8321;2.32678;48.8202;2.36111;15
12:52:27.503;48.8281;2.34288;48.8341;2.32571;48.8222;2.36005;15
12:52:27.719;48.8284;2.34262;48.8343;2.32545;48.8224;2.35979;15
12:52:29.380;48.8287;2.34279;48.8347;2.32562;48.8228;2.35995;15
12:52:29.381;48.8296;2.33859;48.8355;2.32143;48.8236;2.35576;15
12:52:29.598;48.8297;2.33786;48.8357;2.32069;48.8237;2.35503;15
12:52:30.491;48.8298;2.33734;48.8357;2.32018;48.8238;2.35451;15
12:52:30.496;48.8312;2.33241;48.8372;2.31525;48.8252;2.34958;15
12:52:33.615;48.8312;2.33292;48.8372;2.31575;48.8252;2.35008;15
12:52:33.615;48.8312;2.33498;48.8371;2.31781;48.8252;2.35214;15
12:52:34.915;48.8312;2.33498;48.8341;2.3264;48.8282;2.34357;16
12:52:37.470;48.831;2.33527;48.834;2.32668;48.828;2.34383;16
12:52:37.471;48.8304;2.33824;48.8334;2.32967;48.8274;2.34683;16
12:52:37.765;48.8299;2.33977;48.8329;2.33118;48.8269;2.34833;16
12:52:38.794;48.8299;2.33989;48.8328;2.33131;48.8269;2.34845;16
12:52:38.795;48.8295;2.34398;48.8325;2.33539;48.8265;2.35254;16
12:52:38.941;48.8295;2.34404;48.8325;2.33545;48.8265;2.35262;16
12:52:40.741;48.8295;2.34404;48.8325;2.33545;48.8265;2.35262;16
12:52:40.741;48.8303;2.34447;48.8333;2.33588;48.8273;2.35304;16
12:52:40.875;48.8307;2.34499;48.8337;2.3364;48.8277;2.35356;16
12:52:41.938;48.8307;2.34502;48.8337;2.33644;48.8277;2.35361;16
12:52:41.938;48.8309;2.34579;48.8339;2.33722;48.8279;2.35439;16
12:52:42.251;48.831;2.34753;48.834;2.33894;48.828;2.35609;16
12:52:42.251;48.831;2.34769;48.834;2.3391;48.828;2.35626;16
12:52:43.083;48.8311;2.34769;48.834;2.3391;48.8281;2.35626;16
12:52:43.084;48.8314;2.34854;48.8344;2.33997;48.8284;2.35713;16
12:52:43.330;48.8315;2.34903;48.8345;2.34045;48.8285;2.3576;16
12:52:44.629;48.8315;2.34903;48.833;2.34474;48.83;2.3533;17
12:52:45.657;48.8315;2.34975;48.833;2.34546;48.83;2.35403;17
12:52:45.657;48.8318;2.35049;48.8333;2.34621;48.8303;2.35478;17
12:52:45.767;48.832;2.35077;48.8335;2.34648;48.8305;2.35507;17
12:52:47.332;48.832;2.35077;48.8327;2.34863;48.8312;2.35292;18
12:52:48.563;48.832;2.35081;48.8327;2.34866;48.8312;2.35297;18
12:52:48.563;48.8322;2.35117;48.8329;2.34901;48.8314;2.35329;18
12:52:48.639;48.8322;2.35124;48.833;2.34911;48.8315;2.35336;18
12:52:49.281;48.8322;2.35124;48.833;2.34911;48.8315;2.35339;18
12:52:49.281;48.8324;2.35141;48.8332;2.34927;48.8317;2.35356;18
12:52:49.384;48.8326;2.35159;48.8333;2.34944;48.8318;2.35371;18
12:52:53.179;48.8325;2.35167;48.8333;2.34953;48.8318;2.35381;18
12:52:53.179;48.8324;2.35172;48.8332;2.34958;48.8317;2.35387;18
12:52:53.795;48.8323;2.35193;48.8331;2.34979;48.8316;2.35408;18
12:52:53.795;48.8323;2.35207;48.833;2.34991;48.8316;2.3542;18
12:52:53.796;48.8323;2.35208;48.8331;2.34993;48.8316;2.35423;18
12:52:54.614;48.8323;2.35211;48.8331;2.34996;48.8316;2.35425;18
12:52:54.615;48.8325;2.35234;48.8332;2.35019;48.8317;2.35449;18
12:52:54.724;48.8326;2.35243;48.8333;2.35028;48.8318;2.35457;18
12:52:58.569;48.8326;2.35271;48.8334;2.35056;48.8319;2.35486;18
12:53:16.282;48.8326;2.35272;48.8334;2.35059;48.8319;2.35487;18
12:53:16.282;48.8327;2.35294;48.8334;2.3508;48.8319;2.35507;18
12:53:16.817;48.8327;2.35313;48.8335;2.35098;48.832;2.35529;18
12:53:16.817;48.8328;2.35323;48.8335;2.35107;48.832;2.35536;18
12:53:17.347;48.833;2.35362;48.8337;2.35149;48.8322;2.35577;18
12:53:17.347;48.833;2.3537;48.8338;2.35155;48.8322;2.35583;18
12:53:18.301;48.833;2.3537;48.8345;2.3494;48.8315;2.35799;17
12:53:20.479;48.833;2.3537;48.836;2.34511;48.83;2.36227;16
12:53:28.399;48.833;2.3537;48.839;2.33653;48.827;2.37086;15
12:53:31.573;48.833;2.3537;48.845;2.31937;48.821;2.38803;14
12:53:34.810;48.833;2.3537;48.8569;2.28503;48.8091;2.42236;13
12:53:36.378;48.833;2.3537;48.845;2.31937;48.821;2.38803;14
12:53:37.228;48.8327;2.35413;48.8447;2.31979;48.8208;2.38846;14
12:53:37.228;48.8285;2.35095;48.8405;2.31662;48.8166;2.38528;14
12:53:37.743;48.8274;2.34914;48.8393;2.3148;48.8154;2.38347;14
12:53:37.744;48.8275;2.34837;48.8394;2.31404;48.8155;2.38271;14
12:53:38.437;48.8275;2.34837;48.8334;2.33121;48.8215;2.36554;15
12:53:40.229;48.8272;2.34828;48.8332;2.33112;48.8212;2.36545;15
12:53:40.229;48.8247;2.34506;48.8307;2.3279;48.8188;2.36223;15
12:53:41.557;48.8246;2.34473;48.8305;2.32756;48.8186;2.36189;15
12:53:42.242;48.8245;2.34528;48.8304;2.32811;48.8185;2.36244;15
12:53:42.242;48.8246;2.34546;48.8305;2.32829;48.8186;2.36263;15
12:53:43.548;48.8246;2.34546;48.8275;2.33687;48.8216;2.35403;16
12:53:44.543;48.8243;2.34543;48.8273;2.33685;48.8214;2.35402;16
12:53:44.543;48.824;2.34433;48.827;2.33575;48.821;2.35292;16
12:53:44.685;48.8235;2.34332;48.8265;2.33475;48.8205;2.35191;16
12:53:45.617;48.8234;2.34346;48.8264;2.33487;48.8204;2.35204;16
12:53:45.617;48.8233;2.34311;48.8263;2.33453;48.8204;2.3517;16
12:53:46.110;48.823;2.34247;48.826;2.33389;48.82;2.35106;16
12:53:46.110;48.8229;2.34235;48.8259;2.33376;48.82;2.35092;16
12:53:46.110;48.8229;2.34224;48.8259;2.33365;48.8199;2.35081;16
12:53:47.218;48.8229;2.34224;48.8244;2.33794;48.8214;2.34653;17
12:53:48.231;48.8227;2.34135;48.8242;2.33707;48.8212;2.34564;17
12:53:48.231;48.8227;2.34105;48.8242;2.33676;48.8212;2.34535;17
12:53:48.605;48.8227;2.34109;48.8242;2.33681;48.8212;2.34538;17
12:53:48.605;48.8224;2.34042;48.824;2.33614;48.821;2.3447;17
12:54:11.244;48.8224;2.34042;48.8254;2.33185;48.8195;2.349;16
12:54:13.920;48.8224;2.34047;48.8254;2.33189;48.8194;2.34906;16
12:54:13.920;48.8223;2.34047;48.8253;2.33189;48.8193;2.34906;16
12:54:15.539;48.8223;2.34047;48.8283;2.3233;48.8163;2.35764;15
12:54:16.859;48.8223;2.34047;48.8283;2.3233;48.8163;2.35764;15
12:54:16.859;48.8224;2.34167;48.8284;2.32451;48.8164;2.35884;15
12:54:17.359;48.8229;2.34525;48.8288;2.32806;48.8169;2.3624;15
12:54:17.360;48.8237;2.34705;48.8297;2.32988;48.8177;2.36421;15
12:54:17.824;48.8245;2.34923;48.8305;2.33206;48.8185;2.36639;15
12:54:24.891;48.8245;2.34923;48.8364;2.3149;48.8125;2.38356;14
12:54:27.626;48.8245;2.34923;48.8364;2.3149;48.8125;2.38356;14
12:54:27.626;48.8247;2.35164;48.8366;2.31731;48.8127;2.38597;14
12:54:28.054;48.8269;2.35567;48.8388;2.32133;48.8149;2.39;14
12:54:28.055;48.8281;2.35747;48.8401;2.32314;48.8162;2.3918;14
12:54:28.399;48.8302;2.35815;48.8421;2.32382;48.8182;2.39249;14
12:54:28.399;48.8303;2.35799;48.8423;2.32365;48.8184;2.39232;14
12:54:30.572;48.8303;2.35799;48.8363;2.34082;48.8243;2.37515;15
12:54:31.797;48.8303;2.35799;48.8363;2.34082;48.8243;2.37515;15
12:54:31.797;48.8302;2.35626;48.8362;2.3391;48.8242;2.37343;15
12:54:32.329;48.8302;2.35356;48.8362;2.3364;48.8243;2.37073;15
12:54:32.329;48.8303;2.35323;48.8363;2.33606;48.8244;2.37039;15
12:54:32.329;48.8304;2.35313;48.8364;2.33597;48.8244;2.3703;15
12:54:33.704;48.8304;2.35313;48.8334;2.34454;48.8274;2.36172;16
12:54:35.249;48.8304;2.35313;48.8334;2.34454;48.8274;2.36172;16
12:54:35.250;48.8311;2.35326;48.834;2.34468;48.8281;2.36183;16
12:54:35.634;48.8315;2.35326;48.8345;2.34468;48.8285;2.36185;16
12:54:35.634;48.8316;2.35318;48.8345;2.34459;48.8286;2.36176;16
12:54:37.689;48.8316;2.35318;48.833;2.34889;48.8301;2.35747;17
12:54:39.331;48.8316;2.35318;48.8323;2.35103;48.8308;2.35532;18
12:54:40.609;48.8316;2.3532;48.8323;2.35106;48.8308;2.35535;18
12:54:40.609;48.8315;2.35339;48.8323;2.35124;48.8308;2.35553;18
12:54:40.915;48.8315;2.35349;48.8323;2.35133;48.8308;2.35562;18
12:54:40.915;48.8316;2.35356;48.8324;2.35141;48.8308;2.35571;18
12:54:41.241;48.8317;2.35365;48.8325;2.3515;48.831;2.35579;18
12:54:41.241;48.8319;2.35355;48.8326;2.35139;48.8312;2.35567;18
12:54:41.369;48.832;2.35344;48.8327;2.35129;48.8312;2.35558;18
12:54:42.039;48.832;2.35344;48.8328;2.35129;48.8313;2.35556;18
12:54:42.039;48.8321;2.35339;48.8328;2.35124;48.8313;2.35551;18
12:54:42.305;48.8321;2.35333;48.8329;2.35118;48.8314;2.35547;18
12:54:42.306;48.8321;2.35329;48.8329;2.35114;48.8314;2.35542;18
12:54:42.656;48.8321;2.35326;48.8329;2.35112;48.8314;2.35541;18
12:54:42.657;48.8321;2.35326;48.8329;2.35112;48.8314;2.35541;18
12:54:42.952;48.8321;2.35329;48.8328;2.35114;48.8313;2.35542;18
12:54:42.953;48.832;2.35329;48.8327;2.35114;48.8313;2.35542;18
12:54:43.281;48.832;2.3533;48.8327;2.35117;48.8312;2.35542;18
12:54:43.281;48.832;2.3533;48.8327;2.35117;48.8312;2.35545;18
12:54:43.650;48.8318;2.35335;48.8326;2.3512;48.8311;2.35547;18
12:54:43.650;48.8318;2.35335;48.8325;2.3512;48.831;2.3555;18
12:54:43.906;48.8317;2.35339;48.8325;2.35124;48.831;2.35553;18
12:54:43.906;48.8317;2.35339;48.8325;2.35124;48.831;2.35553;18
12:54:44.076;48.8317;2.35339;48.8324;2.35124;48.8309;2.35553;18
12:54:44.891;48.8317;2.35339;48.8332;2.34911;48.8302;2.35768;17
12:54:47.968;48.8316;2.35341;48.8331;2.34912;48.8302;2.35768;17
12:54:47.968;48.8317;2.35373;48.8332;2.34944;48.8302;2.35803;17
12:54:48.288;48.8317;2.35405;48.8332;2.34976;48.8302;2.35835;17
12:54:48.289;48.8317;2.35423;48.8332;2.34993;48.8302;2.35851;17
12:54:48.624;48.8317;2.3546;48.8332;2.3503;48.8302;2.35889;17
12:54:48.625;48.8316;2.35492;48.8331;2.35062;48.8302;2.35921;17
12:54:48.752;48.8317;2.35483;48.8332;2.35054;48.8302;2.3591;17
12:54:52.149;48.8316;2.35483;48.8331;2.35054;48.8302;2.3591;17
12:54:52.149;48.8316;2.35518;48.8331;2.35088;48.8301;2.35944;17
12:54:52.461;48.8313;2.35541;48.8328;2.35112;48.8298;2.3597;17
12:54:52.462;48.8313;2.35536;48.8328;2.35107;48.8299;2.35965;17
12:55:06.205;48.8313;2.35536;48.8321;2.35323;48.8306;2.35751;18
12:55:07.416;48.8313;2.35539;48.8321;2.35324;48.8306;2.35753;18
12:55:07.416;48.8313;2.35597;48.832;2.35382;48.8306;2.35809;18
12:55:07.529;48.8313;2.3564;48.8321;2.35425;48.8306;2.35854;18
12:55:39.669;48.8313;2.3564;48.8328;2.35211;48.8298;2.36069;17
12:55:40.773;48.8313;2.3564;48.8343;2.34781;48.8284;2.36497;16
12:55:42.999;48.8313;2.3564;48.8373;2.33923;48.8254;2.37357;15
12:56:00.648;48.8313;2.3564;48.8433;2.32207;48.8194;2.39073;14
12:56:02.710;48.8313;2.35588;48.8433;2.32155;48.8194;2.39021;14
12:56:02.710;48.8311;2.34937;48.843;2.31503;48.8191;2.3837;14
12:56:02.794;48.831;2.34575;48.8429;2.31142;48.819;2.38008;14
12:56:04.415;48.8308;2.34567;48.8427;2.31134;48.8188;2.38;14
12:56:04.416;48.8321;2.34549;48.844;2.31116;48.8201;2.37982;14
12:56:04.665;48.8348;2.34499;48.8468;2.31065;48.8229;2.37932;14
12:56:04.665;48.835;2.34506;48.847;2.31073;48.8231;2.37939;14
12:56:05.110;48.8347;2.34532;48.8466;2.31099;48.8227;2.37965;14
12:56:05.110;48.8378;2.3485;48.8497;2.31416;48.8258;2.38283;14
12:56:06.726;48.8376;2.34885;48.8495;2.31451;48.8257;2.38318;14
12:56:06.726;48.8396;2.35228;48.8516;2.31795;48.8277;2.38661;14
12:56:06.825;48.8405;2.35271;48.8524;2.31837;48.8285;2.38704;14
12:56:07.686;48.8403;2.35278;48.8523;2.31845;48.8284;2.38712;14
12:56:07.687;48.8422;2.35579;48.8542;2.32146;48.8303;2.39012;14
12:56:07.921;48.8438;2.35666;48.8557;2.32233;48.8318;2.39099;14
12:56:07.921;48.844;2.35666;48.8559;2.32233;48.832;2.39099;14
12:56:09.010;48.844;2.35666;48.8559;2.32233;48.832;2.39099;14
12:56:09.010;48.8451;2.3569;48.857;2.32257;48.8331;2.39124;14
12:56:09.416;48.847;2.3564;48.859;2.32207;48.8351;2.39073;14
12:56:09.417;48.8473;2.3564;48.8592;2.32207;48.8353;2.39073;14
12:56:10.538;48.8473;2.3564;48.8592;2.32207;48.8353;2.39073;14
12:56:10.538;48.8474;2.35382;48.8594;2.31949;48.8355;2.38815;14
12:56:10.677;48.8491;2.35117;48.861;2.31683;48.8371;2.3855;14
