12:12:30.847;48.8543;2.34695;48.902;2.20963;48.8065;2.48428;12
12:12:30.848;48.8536;2.34764;48.9013;2.21031;48.8058;2.48497;12
12:12:30.969;48.8565;2.32465;48.9043;2.18732;48.8087;2.46198;12
12:12:30.969;48.8581;2.31845;48.9059;2.18112;48.8103;2.45578;12
12:12:31.040;48.8622;2.29889;48.9099;2.16156;48.8144;2.43622;12
12:12:31.130;48.8619;2.29683;48.9097;2.1595;48.8142;2.43416;12
12:12:31.130;48.8619;2.29581;48.9097;2.15848;48.8142;2.43314;12
12:12:31.223;48.8619;2.29134;48.9097;2.15401;48.8142;2.42867;12
12:12:31.299;48.8619;2.29065;48.9097;2.15332;48.8142;2.42798;12
12:12:31.376;48.8619;2.29065;48.9097;2.15332;48.8142;2.42798;12
12:12:31.376;48.8617;2.29065;48.9095;2.15332;48.8139;2.42798;12
12:12:31.441;48.8586;2.29306;48.9063;2.15573;48.8108;2.43039;12
12:12:31.520;48.8572;2.29443;48.905;2.1571;48.8094;2.43176;12
12:12:31.520;48.8565;2.29477;48.9043;2.15744;48.8087;2.4321;12
12:12:31.583;48.8556;2.29546;48.9034;2.15813;48.8078;2.43279;12
12:12:31.655;48.8563;2.29581;48.904;2.15848;48.8085;2.43314;12
12:12:31.655;48.8581;2.29408;48.9059;2.15675;48.8103;2.43141;12
12:12:31.719;48.8592;2.29271;48.907;2.15538;48.8114;2.43004;12
12:12:32.695;48.8592;2.29271;48.8831;2.22404;48.8354;2.36137;13
12:12:33.350;48.8461;2.28172;48.87;2.21306;48.8222;2.35039;13
12:12:33.350;48.8453;2.28172;48.8692;2.21306;48.8214;2.35039;13
12:12:33.492;48.8447;2.28156;48.8685;2.21289;48.8208;2.35022;13
12:12:33.492;48.844;2.2812;48.8679;2.21254;48.8201;2.34987;13
12:12:33.612;48.8425;2.2807;48.8664;2.21204;48.8186;2.34937;13
12:12:33.612;48.8423;2.2807;48.8662;2.21204;48.8184;2.34937;13
12:12:33.730;48.8437;2.2807;48.8675;2.21204;48.8198;2.34937;13
12:12:33.730;48.8442;2.28104;48.8681;2.21237;48.8203;2.3497;13
12:12:33.810;48.8443;2.2812;48.8682;2.21254;48.8204;2.34987;13
12:12:33.921;48.8444;2.2812;48.8683;2.21254;48.8205;2.34987;13
12:12:33.922;48.8444;2.2812;48.8683;2.21254;48.8205;2.34987;13
12:12:34.006;48.8444;2.28137;48.8683;2.21271;48.8205;2.35004;13
12:12:34.095;48.8447;2.28137;48.8685;2.21271;48.8208;2.35004;13
12:12:34.205;48.8456;2.28224;48.8695;2.21358;48.8217;2.35091;13
12:12:34.205;48.8457;2.28258;48.8696;2.21391;48.8218;2.35124;13
12:12:34.314;48.846;2.28275;48.8699;2.21408;48.8221;2.35141;13
12:12:34.314;48.846;2.28293;48.8699;2.21426;48.8221;2.35159;13
12:12:34.396;48.8461;2.28275;48.87;2.21408;48.8222;2.35141;13
12:12:34.932;48.8461;2.28275;48.87;2.21408;48.8222;2.35141;13
12:12:34.932;48.8461;2.28258;48.87;2.21391;48.8222;2.35124;13
12:12:34.960;48.8466;2.28293;48.8705;2.21426;48.8227;2.35159;13
12:12:34.960;48.8468;2.28293;48.8707;2.21426;48.8229;2.35159;13
12:12:36.621;48.8468;2.28293;48.8588;2.2486;48.8349;2.31726;14
12:12:40.767;48.8468;2.28241;48.8588;2.24808;48.8349;2.31674;14
12:12:40.768;48.847;2.28181;48.859;2.24748;48.8351;2.31615;14
12:12:40.841;48.8482;2.27975;48.8602;2.24542;48.8363;2.31409;14
12:12:40.841;48.8484;2.27914;48.8604;2.24481;48.8365;2.31348;14
12:12:40.992;48.8488;2.27872;48.8607;2.24438;48.8368;2.31305;14
12:12:40.993;48.8486;2.27872;48.8605;2.24438;48.8366;2.31305;14
12:12:41.129;48.8505;2.28232;48.8625;2.24799;48.8386;2.31665;14
12:12:41.129;48.8516;2.2843;48.8635;2.24997;48.8396;2.31863;14
12:12:41.263;48.8522;2.28636;48.8641;2.25203;48.8402;2.32069;14
12:12:41.264;48.8522;2.28696;48.8642;2.25262;48.8403;2.32129;14
12:12:41.396;48.8525;2.28738;48.8644;2.25305;48.8405;2.32172;14
12:12:41.396;48.8525;2.28748;48.8645;2.25314;48.8406;2.32181;14
12:12:41.548;48.8528;2.28687;48.8647;2.25253;48.8409;2.3212;14
12:12:42.080;48.8528;2.28722;48.8647;2.25288;48.8409;2.32155;14
12:12:42.081;48.8525;2.28722;48.8645;2.25288;48.8406;2.32155;14
12:12:42.197;48.8532;2.28662;48.8651;2.25229;48.8413;2.32095;14
12:12:43.120;48.8532;2.28662;48.8592;2.26945;48.8472;2.30379;15
12:12:43.743;48.8542;2.29108;48.8602;2.27391;48.8483;2.30824;15
12:12:43.743;48.8547;2.29297;48.8607;2.2758;48.8488;2.31013;15
12:12:44.352;48.8549;2.29434;48.8609;2.27718;48.8489;2.31151;15
12:12:44.353;48.855;2.29439;48.861;2.27722;48.849;2.31155;15
12:12:44.353;48.855;2.29443;48.861;2.27725;48.8491;2.31158;15
12:12:44.353;48.855;2.29443;48.861;2.27725;48.849;2.31158;15
12:12:44.353;48.8552;2.29425;48.8611;2.27708;48.8492;2.31142;15
12:12:45.196;48.8551;2.29425;48.8611;2.27708;48.8491;2.31142;15
12:12:45.196;48.8552;2.2951;48.8612;2.27795;48.8493;2.31229;15
12:12:45.430;48.8554;2.29593;48.8614;2.27876;48.8494;2.3131;15
12:12:45.430;48.8553;2.29567;48.8613;2.2785;48.8493;2.31284;15
12:12:45.508;48.8554;2.2955;48.8613;2.27834;48.8494;2.31267;15
12:12:52.500;48.8553;2.29576;48.8613;2.27859;48.8493;2.31293;15
12:12:52.500;48.8552;2.29726;48.8612;2.28009;48.8493;2.31442;15
12:12:52.727;48.8553;2.29739;48.8613;2.28023;48.8494;2.31456;15
12:12:52.727;48.8553;2.29761;48.8612;2.28044;48.8493;2.31477;15
12:12:52.944;48.8556;2.29713;48.8615;2.27997;48.8496;2.3143;15
12:12:52.944;48.8556;2.29704;48.8616;2.27988;48.8497;2.31421;15
12:12:53.804;48.8555;2.29739;48.8615;2.28023;48.8495;2.31456;15
12:12:53.804;48.8551;2.29778;48.861;2.28061;48.8491;2.31494;15
12:12:54.039;48.8539;2.29742;48.8599;2.28026;48.8479;2.31459;15
12:12:54.040;48.8539;2.29742;48.8598;2.28026;48.8479;2.31459;15
12:12:54.107;48.8539;2.29742;48.8598;2.28026;48.8479;2.31459;15
12:12:54.437;48.8539;2.29742;48.8599;2.28026;48.8479;2.31459;15
12:12:54.437;48.8539;2.29742;48.8599;2.28026;48.848;2.31459;15
12:12:55.862;48.8539;2.29747;48.8599;2.2803;48.848;2.31464;15
12:12:55.862;48.8547;2.29778;48.8606;2.28061;48.8487;2.31494;15
12:12:56.109;48.8554;2.29756;48.8614;2.2804;48.8494;2.31473;15
12:12:56.110;48.8554;2.29756;48.8614;2.2804;48.8495;2.31473;15
12:12:56.344;48.8556;2.29747;48.8615;2.2803;48.8496;2.31464;15
12:12:56.345;48.8556;2.29726;48.8616;2.28009;48.8496;2.31442;15
12:12:57.046;48.8556;2.29726;48.8586;2.28868;48.8526;2.30585;16
12:12:58.345;48.8555;2.29732;48.8585;2.28874;48.8525;2.30588;16
12:12:58.346;48.8553;2.29774;48.8582;2.28917;48.8523;2.30632;16
12:12:58.646;48.8552;2.29799;48.8582;2.2894;48.8522;2.30656;16
12:12:58.647;48.8553;2.29778;48.8583;2.28918;48.8524;2.30635;16
12:12:58.993;48.8558;2.29721;48.8588;2.28864;48.8528;2.3058;16
12:12:58.993;48.8559;2.29721;48.8589;2.28864;48.8529;2.3058;16
12:12:59.227;48.8559;2.29721;48.8588;2.28864;48.8529;2.3058;16
12:13:19.039;48.8554;2.29729;48.8584;2.2887;48.8524;2.30585;16
12:13:19.039;48.8542;2.29774;48.8572;2.28917;48.8512;2.30632;16
12:13:19.244;48.8541;2.29774;48.8571;2.28917;48.8511;2.30632;16
12:13:19.527;48.854;2.298;48.857;2.28943;48.851;2.30656;16
12:13:19.527;48.8541;2.29797;48.8571;2.28938;48.8511;2.30653;16
12:13:20.099;48.8541;2.29794;48.8571;2.28937;48.8511;2.30653;16
12:13:20.099;48.854;2.29808;48.857;2.28949;48.851;2.30666;16
12:13:20.197;48.8541;2.29784;48.8571;2.28926;48.8511;2.3064;16
12:13:22.691;48.8541;2.29784;48.8556;2.29355;48.8526;2.30211;17
12:13:24.065;48.8541;2.29782;48.8556;2.29352;48.8526;2.30211;17
12:13:24.065;48.8541;2.29782;48.8556;2.29352;48.8526;2.30211;17
12:13:24.957;48.8541;2.29782;48.8556;2.29352;48.8526;2.30211;17
12:13:24.957;48.8541;2.29762;48.8556;2.29333;48.8526;2.3019;17
12:13:25.265;48.8542;2.29752;48.8557;2.29323;48.8527;2.3018;17
12:13:25.265;48.8542;2.29752;48.8557;2.29323;48.8527;2.3018;17
12:13:39.609;48.8542;2.29752;48.8572;2.28894;48.8512;2.30609;16
12:13:40.803;48.8542;2.29756;48.8572;2.28897;48.8512;2.30614;16
12:13:40.804;48.8548;2.29745;48.8577;2.28886;48.8518;2.30603;16
12:13:41.100;48.8553;2.29709;48.8583;2.2885;48.8523;2.30566;16
12:13:41.101;48.8556;2.29703;48.8586;2.28844;48.8526;2.3056;16
12:13:41.228;48.8557;2.29684;48.8587;2.28827;48.8527;2.30544;16
12:13:42.076;48.8557;2.29684;48.8617;2.27968;48.8497;2.31401;15
12:13:43.916;48.8553;2.29684;48.8613;2.27968;48.8493;2.31401;15
12:13:43.916;48.8541;2.29625;48.86;2.27908;48.8481;2.31342;15
12:13:44.146;48.8536;2.29552;48.8596;2.27835;48.8477;2.31268;15
12:13:44.146;48.8536;2.29547;48.8595;2.27831;48.8476;2.31264;15
12:13:44.188;48.8536;2.29539;48.8596;2.27823;48.8476;2.31256;15
12:13:44.513;48.8537;2.29535;48.8597;2.27818;48.8477;2.31252;15
12:13:44.514;48.8538;2.29535;48.8598;2.27818;48.8478;2.31252;15
12:13:49.747;48.8537;2.29594;48.8597;2.27878;48.8477;2.31311;15
12:13:49.747;48.8545;2.29703;48.8605;2.27986;48.8486;2.31419;15
12:13:49.980;48.8557;2.29822;48.8616;2.28105;48.8497;2.31538;15
12:13:49.981;48.8559;2.29857;48.8619;2.2814;48.8499;2.31573;15
12:13:50.215;48.856;2.29866;48.862;2.28149;48.85;2.31583;15
12:13:50.215;48.856;2.29866;48.862;2.28149;48.8501;2.31583;15
12:13:50.479;48.856;2.29869;48.862;2.28152;48.8501;2.31586;15
12:13:50.479;48.8559;2.29869;48.8619;2.28152;48.8499;2.31586;15
12:13:50.738;48.8553;2.29869;48.8613;2.28152;48.8494;2.31586;15
12:13:50.738;48.8546;2.299;48.8605;2.28183;48.8486;2.31616;15
12:13:50.959;48.8543;2.29909;48.8603;2.28192;48.8483;2.31625;15
12:13:50.959;48.8542;2.29912;48.8602;2.28195;48.8482;2.31628;15
12:13:51.053;48.8542;2.29904;48.8602;2.28188;48.8482;2.31621;15
12:13:52.465;48.854;2.29904;48.86;2.28188;48.8481;2.31621;15
12:13:52.465;48.854;2.29916;48.86;2.282;48.8481;2.31633;15
12:13:52.714;48.854;2.29916;48.86;2.282;48.8481;2.31633;15
12:13:52.714;48.8543;2.2989;48.8602;2.28174;48.8483;2.31607;15
12:13:52.792;48.8543;2.29852;48.8602;2.28136;48.8483;2.31569;15
12:13:53.175;48.8543;2.29861;48.8602;2.28145;48.8483;2.31578;15
12:13:53.176;48.8542;2.29866;48.8602;2.28149;48.8483;2.31583;15
12:13:53.441;48.8542;2.29861;48.8602;2.28145;48.8483;2.31578;15
12:13:53.441;48.8542;2.29861;48.8602;2.28145;48.8483;2.31578;15
12:13:53.502;48.8543;2.29843;48.8602;2.28127;48.8483;2.3156;15
12:13:55.120;48.8543;2.29843;48.8602;2.28127;48.8483;2.3156;15
12:13:55.120;48.8543;2.29857;48.8603;2.2814;48.8484;2.31573;15
12:13:55.181;48.8545;2.29857;48.8605;2.2814;48.8485;2.31573;15
12:13:56.542;48.8544;2.29878;48.8603;2.28162;48.8484;2.31595;15
12:13:56.542;48.8543;2.29942;48.8602;2.28226;48.8483;2.31659;15
12:13:56.823;48.8544;2.30049;48.8604;2.28333;48.8484;2.31766;15
12:13:56.823;48.855;2.30162;48.861;2.28445;48.849;2.31879;15
12:13:57.571;48.8554;2.30212;48.8614;2.28496;48.8495;2.31929;15
12:13:57.571;48.8557;2.30231;48.8617;2.28514;48.8498;2.31947;15
12:13:57.571;48.856;2.30243;48.8619;2.28526;48.85;2.3196;15
12:13:57.572;48.8559;2.30247;48.8619;2.28531;48.85;2.31964;15
12:13:57.572;48.856;2.30243;48.862;2.28526;48.8501;2.3196;15
12:13:57.572;48.8561;2.30222;48.8621;2.28505;48.8501;2.31938;15
12:13:57.735;48.8562;2.30205;48.8622;2.28488;48.8502;2.31921;15
12:14:04.103;48.8562;2.30205;48.8622;2.28488;48.8502;2.31921;15
12:14:04.104;48.856;2.30191;48.862;2.28474;48.8501;2.31908;15
12:14:05.033;48.8558;2.30183;48.8617;2.28467;48.8498;2.319;15
12:14:05.033;48.8541;2.30063;48.8601;2.28346;48.8481;2.31779;15
12:14:05.283;48.8536;2.29935;48.8595;2.28218;48.8476;2.31651;15
12:14:05.283;48.8529;2.29819;48.8589;2.28102;48.8469;2.31535;15
12:14:05.504;48.852;2.2962;48.858;2.27904;48.8461;2.31337;15
12:14:05.504;48.8517;2.2953;48.8576;2.27814;48.8457;2.31247;15
12:14:05.592;48.8516;2.29497;48.8576;2.2778;48.8456;2.31213;15
12:14:05.767;48.8516;2.29497;48.8576;2.2778;48.8456;2.31213;15
12:14:05.767;48.8519;2.29471;48.8579;2.27754;48.846;2.31187;15
12:14:12.023;48.8519;2.29488;48.8579;2.27771;48.846;2.31204;15
12:14:12.024;48.8522;2.29509;48.8582;2.27792;48.8462;2.31226;15
12:14:12.274;48.8531;2.29552;48.8591;2.27835;48.8471;2.31268;15
12:14:12.274;48.8539;2.29578;48.8599;2.27861;48.848;2.31294;15
12:14:12.531;48.8549;2.29599;48.8609;2.27882;48.8489;2.31316;15
12:14:12.531;48.8551;2.29594;48.861;2.27878;48.8491;2.31311;15
12:14:12.766;48.8551;2.29591;48.8611;2.27875;48.8492;2.31308;15
12:14:12.766;48.8552;2.29578;48.8612;2.27861;48.8492;2.31294;15
12:14:12.994;48.8552;2.29568;48.8612;2.27852;48.8493;2.31285;15
12:14:12.994;48.8553;2.29568;48.8613;2.27852;48.8493;2.31285;15
12:14:13.266;48.8554;2.29556;48.8613;2.2784;48.8494;2.31273;15
12:14:13.266;48.8553;2.29556;48.8613;2.2784;48.8493;2.31273;15
12:14:13.564;48.8552;2.29552;48.8612;2.27835;48.8493;2.31268;15
12:14:13.565;48.8552;2.29539;48.8612;2.27823;48.8493;2.31256;15
12:14:13.565;48.8552;2.29539;48.8612;2.27823;48.8493;2.31256;15
12:14:13.827;48.8552;2.29535;48.8612;2.27818;48.8493;2.31252;15
12:14:13.827;48.8552;2.29539;48.8612;2.27823;48.8493;2.31256;15
12:14:13.997;48.8552;2.29539;48.8612;2.27823;48.8493;2.31256;15
12:14:13.997;48.8552;2.29526;48.8612;2.27809;48.8493;2.31242;15
12:14:14.108;48.8552;2.29523;48.8612;2.27806;48.8493;2.31239;15
12:14:14.246;48.8552;2.29518;48.8612;2.27802;48.8493;2.31235;15
12:14:14.535;48.8552;2.29518;48.8612;2.27802;48.8493;2.31235;15
12:14:14.535;48.8552;2.29523;48.8612;2.27806;48.8493;2.31239;15
12:14:14.742;48.8552;2.29509;48.8612;2.27792;48.8493;2.31226;15
12:14:14.742;48.8552;2.29509;48.8612;2.27792;48.8493;2.31226;15
12:14:14.968;48.8553;2.295;48.8612;2.27783;48.8493;2.31216;15
12:14:14.968;48.8553;2.29497;48.8612;2.2778;48.8493;2.31213;15
12:14:15.203;48.8553;2.29488;48.8612;2.27771;48.8493;2.31204;15
12:14:15.203;48.8553;2.29488;48.8612;2.27771;48.8493;2.31204;15
12:14:15.315;48.8553;2.29488;48.8613;2.27771;48.8493;2.31204;15
12:14:16.445;48.8553;2.29492;48.8613;2.27776;48.8493;2.31209;15
12:14:16.667;48.855;2.29424;48.861;2.27707;48.8491;2.3114;15
12:14:16.668;48.8549;2.29381;48.8609;2.27664;48.849;2.31097;15
12:14:16.750;48.855;2.29385;48.861;2.27669;48.849;2.31102;15
12:14:20.182;48.855;2.29385;48.861;2.27669;48.849;2.31102;15
12:14:20.182;48.8551;2.29388;48.8611;2.27672;48.8491;2.31105;15
12:14:20.444;48.8557;2.2923;48.8616;2.27513;48.8497;2.30946;15
12:14:20.445;48.8558;2.2917;48.8618;2.27454;48.8498;2.30887;15
12:14:20.686;48.8558;2.29166;48.8618;2.27449;48.8498;2.30882;15
12:14:20.686;48.8558;2.29166;48.8618;2.27449;48.8498;2.30882;15
12:14:20.928;48.8558;2.29153;48.8618;2.27437;48.8498;2.3087;15
12:14:20.928;48.8558;2.29153;48.8618;2.27437;48.8498;2.3087;15
12:14:21.201;48.8557;2.29135;48.8617;2.27419;48.8498;2.30852;15
12:14:21.201;48.8557;2.29132;48.8617;2.27415;48.8498;2.30849;15
12:14:21.817;48.8554;2.29128;48.8614;2.27411;48.8494;2.30844;15
12:14:21.817;48.8551;2.2914;48.8611;2.27423;48.8491;2.30856;15
12:14:21.817;48.855;2.29149;48.861;2.27432;48.8491;2.30865;15
12:14:21.817;48.855;2.29149;48.861;2.27432;48.849;2.30865;15
12:14:21.817;48.8551;2.2914;48.8611;2.27423;48.8491;2.30856;15
12:14:22.601;48.8551;2.2914;48.8611;2.27423;48.8491;2.30856;15
12:14:22.601;48.8551;2.29153;48.8611;2.27437;48.8491;2.3087;15
12:14:22.872;48.8551;2.29166;48.861;2.27449;48.8491;2.30882;15
12:14:22.872;48.855;2.29161;48.861;2.27444;48.849;2.30878;15
12:14:23.071;48.8549;2.29161;48.8609;2.27444;48.849;2.30878;15
12:14:23.071;48.8549;2.29156;48.8609;2.2744;48.8489;2.30873;15
12:14:23.141;48.8551;2.2914;48.8611;2.27423;48.8491;2.30856;15
12:14:27.635;48.8551;2.2914;48.8581;2.28282;48.8521;2.29999;16
12:14:28.489;48.855;2.2915;48.858;2.28293;48.852;2.30009;16
12:14:28.489;48.8547;2.29185;48.8577;2.28326;48.8517;2.30043;16
12:14:28.755;48.8545;2.29204;48.8575;2.28346;48.8515;2.30063;16
12:14:28.755;48.8544;2.29198;48.8574;2.2834;48.8514;2.30057;16
12:14:29.005;48.8544;2.29192;48.8573;2.28333;48.8514;2.30049;16
12:14:29.006;48.8544;2.2919;48.8573;2.28331;48.8514;2.30048;16
12:14:29.239;48.8544;2.29185;48.8573;2.28326;48.8514;2.30043;16
12:14:29.239;48.8544;2.29182;48.8574;2.28325;48.8514;2.30042;16
12:14:29.352;48.8546;2.29149;48.8576;2.2829;48.8517;2.30006;16
12:14:31.004;48.8546;2.29149;48.8576;2.2829;48.8517;2.30006;16
12:14:31.230;48.8546;2.29149;48.8576;2.2829;48.8516;2.30006;16
12:14:31.231;48.8546;2.29146;48.8576;2.28288;48.8517;2.30005;16
12:14:31.512;48.8547;2.29144;48.8577;2.28287;48.8517;2.30003;16
12:14:31.512;48.8547;2.29144;48.8577;2.28287;48.8517;2.30003;16
12:14:31.770;48.8547;2.29132;48.8577;2.28273;48.8517;2.2999;16
12:14:31.770;48.8547;2.29124;48.8577;2.28267;48.8517;2.29984;16
12:14:54.235;48.8547;2.29124;48.8607;2.27408;48.8487;2.30841;15
12:14:55.647;48.8547;2.29124;48.8666;2.25691;48.8428;2.32558;14
12:14:56.326;48.8541;2.29228;48.8661;2.25795;48.8422;2.32661;14
12:14:56.326;48.854;2.29366;48.8659;2.25932;48.842;2.32799;14
12:14:56.463;48.8539;2.29503;48.8658;2.2607;48.8419;2.32936;14
12:14:56.463;48.8538;2.29529;48.8657;2.26096;48.8419;2.32962;14
12:14:56.602;48.8538;2.2964;48.8657;2.26207;48.8419;2.33073;14
12:14:56.602;48.8539;2.29692;48.8658;2.26259;48.8419;2.33125;14
12:14:56.767;48.8543;2.29863;48.8662;2.2643;48.8424;2.33296;14
12:14:56.767;48.8541;2.30086;48.8661;2.26653;48.8422;2.33519;14
12:14:57.021;48.8528;2.30635;48.8648;2.27202;48.8409;2.34068;14
12:14:57.021;48.8528;2.30954;48.8647;2.27521;48.8408;2.34387;14
12:14:57.021;48.8534;2.31236;48.8653;2.27803;48.8414;2.34669;14
12:14:57.371;48.854;2.3157;48.866;2.28137;48.8421;2.35004;14
12:14:57.371;48.8544;2.31537;48.8664;2.28104;48.8425;2.3497;14
12:14:57.407;48.8549;2.31459;48.8669;2.28026;48.843;2.34892;14
12:14:57.407;48.8552;2.31425;48.8672;2.27992;48.8433;2.34859;14
12:14:58.492;48.8542;2.31622;48.8661;2.28189;48.8423;2.35056;14
12:14:58.493;48.8529;2.31854;48.8648;2.28421;48.841;2.35287;14
12:14:58.760;48.8513;2.32224;48.8632;2.2879;48.8393;2.35657;14
12:14:58.760;48.8512;2.32266;48.8632;2.28833;48.8393;2.35699;14
12:14:58.761;48.8515;2.3219;48.8635;2.28757;48.8396;2.35623;14
12:15:00.203;48.8516;2.3219;48.8635;2.28757;48.8396;2.35623;14
12:15:00.203;48.8529;2.32001;48.8648;2.28568;48.841;2.35434;14
12:15:00.473;48.8534;2.3194;48.8653;2.28506;48.8415;2.35373;14
12:15:00.473;48.8539;2.31889;48.8659;2.28456;48.842;2.35323;14
12:15:00.680;48.8548;2.31837;48.8667;2.28404;48.8428;2.35271;14
12:15:00.681;48.855;2.31837;48.8669;2.28404;48.843;2.35271;14
12:15:00.767;48.8563;2.31821;48.8683;2.28387;48.8444;2.35254;14
12:15:00.768;48.8573;2.31802;48.8693;2.28369;48.8454;2.35236;14
12:15:01.085;48.8579;2.31778;48.8698;2.28345;48.8459;2.35211;14
12:15:01.086;48.8586;2.31778;48.8705;2.28345;48.8466;2.35211;14
12:15:01.249;48.8593;2.31734;48.8713;2.283;48.8474;2.35167;14
12:15:01.249;48.8596;2.31708;48.8715;2.28275;48.8476;2.35141;14
12:15:01.307;48.8597;2.31683;48.8716;2.2825;48.8477;2.35117;14
12:15:02.069;48.8597;2.31683;48.8716;2.2825;48.8477;2.35117;14
12:15:02.069;48.8597;2.31683;48.8716;2.2825;48.8477;2.35117;14
12:15:02.127;48.8598;2.31674;48.8718;2.28241;48.8479;2.35107;14
12:15:02.726;48.8598;2.31674;48.8718;2.28241;48.8479;2.35107;14
12:15:02.726;48.8598;2.31674;48.8718;2.28241;48.8479;2.35107;14
12:15:03.694;48.8597;2.317;48.8716;2.28267;48.8477;2.35133;14
12:15:03.694;48.8593;2.31665;48.8712;2.28232;48.8473;2.35098;14
12:15:03.808;48.8592;2.31459;48.8711;2.28026;48.8472;2.34892;14
12:15:03.809;48.8589;2.31236;48.8708;2.27803;48.8469;2.34669;14
12:15:03.974;48.8587;2.31082;48.8706;2.27649;48.8467;2.34515;14
12:15:03.974;48.8586;2.31021;48.8705;2.27588;48.8467;2.34454;14
12:15:04.138;48.8586;2.30893;48.8705;2.2746;48.8467;2.34326;14
12:15:04.138;48.8586;2.30824;48.8705;2.27391;48.8467;2.34258;14
12:15:04.296;48.8587;2.30746;48.8706;2.27313;48.8467;2.3418;14
12:15:04.297;48.8588;2.30722;48.8707;2.27289;48.8468;2.34155;14
12:15:04.452;48.8584;2.30661;48.8704;2.27228;48.8465;2.34094;14
12:15:04.452;48.8584;2.30644;48.8704;2.27211;48.8465;2.34077;14
12:15:04.553;48.8578;2.30722;48.8698;2.27289;48.8459;2.34155;14
12:15:18.935;48.8578;2.30722;48.8817;2.23856;48.8339;2.37589;13
12:15:19.799;48.8643;2.30687;48.8881;2.2382;48.8404;2.37553;13
12:15:19.968;48.87;2.30602;48.8939;2.23735;48.8461;2.37468;13
12:15:19.968;48.8707;2.30602;48.8946;2.23735;48.8468;2.37468;13
12:15:20.242;48.8742;2.30429;48.8981;2.23563;48.8503;2.37296;13
12:15:20.242;48.8749;2.30379;48.8987;2.23512;48.851;2.37245;13
12:15:20.242;48.8768;2.3031;48.9007;2.23444;48.8529;2.37177;13
12:15:20.242;48.8781;2.30258;48.902;2.23392;48.8543;2.37125;13
12:15:20.400;48.8796;2.30206;48.9035;2.2334;48.8557;2.37073;13
12:15:21.029;48.8806;2.30292;48.9045;2.23425;48.8567;2.37158;13
12:15:21.030;48.8821;2.30344;48.906;2.23477;48.8582;2.3721;13
12:15:21.094;48.8924;2.30412;48.9162;2.23546;48.8685;2.37279;13
12:15:21.095;48.897;2.30464;48.9208;2.23598;48.8731;2.37331;13
12:15:21.386;48.9004;2.30516;48.9242;2.2365;48.8765;2.37383;13
12:15:21.386;48.9021;2.30533;48.9259;2.23666;48.8782;2.37399;13
12:15:21.719;48.9053;2.30635;48.9292;2.23769;48.8815;2.37502;13
12:15:21.719;48.9062;2.30653;48.9301;2.23787;48.8824;2.3752;13
12:15:21.719;48.9065;2.30653;48.9303;2.23787;48.8826;2.3752;13
12:15:22.731;48.9065;2.30653;48.9542;2.1692;48.8587;2.44386;12
12:15:23.659;48.906;2.30653;48.9537;2.1692;48.8583;2.44386;12
12:15:23.660;48.9044;2.30653;48.9521;2.1692;48.8567;2.44386;12
12:15:23.689;48.8916;2.30618;48.9393;2.16885;48.8438;2.44351;12
12:15:23.689;48.89;2.30481;48.9377;2.16748;48.8422;2.44214;12
12:15:23.744;48.8819;2.29692;48.9296;2.15959;48.8341;2.43425;12
12:15:23.820;48.8753;2.29143;48.923;2.1541;48.8275;2.42876;12
12:15:23.820;48.8724;2.2897;48.9201;2.15237;48.8246;2.42703;12
12:15:23.887;48.8697;2.28387;48.9174;2.14655;48.8219;2.4212;12
12:15:23.963;48.8683;2.28215;48.916;2.14482;48.8205;2.41948;12
12:15:23.963;48.8683;2.28215;48.916;2.14482;48.8205;2.41948;12
12:15:24.041;48.8681;2.28181;48.9158;2.14449;48.8203;2.41914;12
12:15:24.105;48.8681;2.28181;48.9158;2.14449;48.8203;2.41914;12
12:15:25.792;48.8681;2.28181;48.892;2.21315;48.8442;2.35048;13
12:15:26.463;48.8681;2.28163;48.892;2.21297;48.8442;2.3503;13
12:15:26.463;48.868;2.2813;48.8918;2.21263;48.8441;2.34996;13
12:15:26.493;48.868;2.28061;48.8918;2.21194;48.8441;2.34927;13
12:15:26.494;48.8681;2.28026;48.892;2.21159;48.8442;2.34892;13
12:15:26.552;48.8682;2.27957;48.8921;2.21091;48.8443;2.34824;13
12:15:26.986;48.8682;2.27957;48.8921;2.21091;48.8443;2.34824;13
12:15:26.987;48.8681;2.2794;48.892;2.21074;48.8442;2.34807;13
12:15:27.018;48.8679;2.27751;48.8917;2.20885;48.844;2.34618;13
12:15:27.331;48.8675;2.27751;48.8914;2.20885;48.8436;2.34618;13
12:15:27.332;48.8672;2.27718;48.8911;2.20851;48.8433;2.34584;13
12:15:27.413;48.8669;2.27701;48.8907;2.20834;48.843;2.34567;13
12:15:28.494;48.8663;2.27751;48.8902;2.20885;48.8424;2.34618;13
12:15:28.524;48.8663;2.27803;48.8902;2.20937;48.8424;2.34669;13
12:15:28.524;48.8662;2.27838;48.89;2.20972;48.8423;2.34705;13
12:15:28.578;48.8659;2.27597;48.8898;2.20731;48.842;2.34464;13
12:15:28.579;48.8658;2.27408;48.8897;2.20541;48.8419;2.34274;13
12:15:28.664;48.8656;2.26859;48.8895;2.19992;48.8417;2.33725;13
12:15:28.664;48.8656;2.26671;48.8895;2.19804;48.8417;2.33537;13
12:15:28.771;48.8649;2.26292;48.8888;2.19426;48.841;2.33159;13
12:15:28.772;48.8649;2.26241;48.8888;2.19374;48.841;2.33107;13
12:15:28.867;48.8649;2.26224;48.8888;2.19357;48.841;2.3309;13
12:15:28.974;48.8647;2.26292;48.8886;2.19426;48.8408;2.33159;13
12:15:28.974;48.8647;2.26309;48.8886;2.19443;48.8408;2.33176;13
12:15:29.052;48.865;2.26361;48.8889;2.19495;48.8411;2.33228;13
12:15:29.683;48.8646;2.26361;48.8885;2.19495;48.8407;2.33228;13
12:15:29.712;48.8645;2.26328;48.8884;2.19461;48.8406;2.33194;13
12:15:29.713;48.8646;2.26328;48.8885;2.19461;48.8407;2.33194;13
12:15:29.769;48.8646;2.26328;48.8885;2.19461;48.8407;2.33194;13
12:15:29.769;48.8652;2.26378;48.889;2.19511;48.8413;2.33244;13
12:15:30.900;48.8652;2.26378;48.8771;2.22945;48.8532;2.29811;14
12:15:31.916;48.8651;2.2637;48.877;2.22937;48.8531;2.29803;14
12:15:31.916;48.865;2.26302;48.8769;2.22868;48.853;2.29735;14
12:15:32.005;48.865;2.26215;48.8769;2.22781;48.853;2.29648;14
12:15:32.005;48.865;2.26198;48.8769;2.22765;48.853;2.29631;14
12:15:32.184;48.865;2.26172;48.877;2.22739;48.8531;2.29605;14
12:15:32.185;48.865;2.26164;48.877;2.22731;48.8531;2.29597;14
12:15:32.509;48.8636;2.25847;48.8756;2.22414;48.8517;2.2928;14
12:15:32.509;48.8611;2.25598;48.873;2.22165;48.8491;2.29031;14
12:15:32.728;48.854;2.25014;48.8659;2.21581;48.842;2.28447;14
12:15:32.728;48.854;2.24997;48.866;2.21564;48.8421;2.2843;14
12:15:33.189;48.8544;2.24979;48.8663;2.21545;48.8424;2.28412;14
12:15:33.189;48.8543;2.24979;48.8662;2.21545;48.8423;2.28412;14
12:15:33.189;48.8545;2.24979;48.8665;2.21545;48.8426;2.28412;14
12:15:33.189;48.8547;2.24971;48.8666;2.21538;48.8428;2.28404;14
12:15:33.372;48.8552;2.24971;48.8671;2.21538;48.8432;2.28404;14
12:15:34.391;48.8558;2.24997;48.8677;2.21564;48.8438;2.2843;14
12:15:34.611;48.8617;2.25357;48.8736;2.21924;48.8498;2.2879;14
12:15:34.611;48.863;2.254;48.875;2.21967;48.8511;2.28833;14
12:15:34.611;48.8639;2.25426;48.8759;2.21992;48.852;2.28859;14
12:15:34.726;48.8647;2.25452;48.8766;2.22018;48.8528;2.28885;14
12:15:34.726;48.8648;2.25468;48.8768;2.22035;48.8529;2.28902;14
12:15:34.835;48.8655;2.25494;48.8774;2.22061;48.8535;2.28928;14
12:15:35.016;48.8657;2.25504;48.8776;2.2207;48.8537;2.28937;14
12:15:35.016;48.8658;2.25504;48.8777;2.2207;48.8538;2.28937;14
12:15:35.322;48.867;2.25598;48.8789;2.22165;48.855;2.29031;14
12:15:35.323;48.8675;2.25641;48.8794;2.22208;48.8555;2.29074;14
12:15:35.477;48.8675;2.25641;48.8794;2.22208;48.8555;2.29074;14
12:15:35.477;48.8675;2.25641;48.8795;2.22208;48.8556;2.29074;14
12:15:35.690;48.8678;2.25674;48.8797;2.22241;48.8559;2.29108;14
12:15:35.690;48.8685;2.25786;48.8805;2.22353;48.8566;2.29219;14
12:15:35.831;48.8686;2.25821;48.8806;2.22388;48.8567;2.29254;14
12:15:38.609;48.8673;2.25786;48.8792;2.22353;48.8554;2.29219;14
12:15:38.609;48.8653;2.25717;48.8773;2.22284;48.8534;2.2915;14
12:15:38.691;48.8637;2.25606;48.8757;2.22173;48.8518;2.29039;14
12:15:38.691;48.8624;2.25485;48.8744;2.22052;48.8505;2.28918;14
12:15:39.003;48.8615;2.25443;48.8734;2.22009;48.8495;2.28876;14
12:15:39.004;48.8615;2.25426;48.8734;2.21992;48.8495;2.28859;14
12:15:39.090;48.8624;2.25374;48.8744;2.21941;48.8505;2.28807;14
12:15:39.742;48.8617;2.25366;48.8736;2.21933;48.8498;2.28799;14
12:15:39.742;48.8614;2.25331;48.8733;2.21898;48.8494;2.28764;14
12:15:39.786;48.8595;2.2534;48.8714;2.21907;48.8475;2.28773;14
12:15:40.175;48.8602;2.25331;48.8722;2.21898;48.8483;2.28764;14
12:15:40.175;48.8604;2.25461;48.8723;2.22028;48.8484;2.28894;14
12:15:40.218;48.8604;2.25511;48.8723;2.22078;48.8485;2.28944;14
12:15:41.538;48.8606;2.25537;48.8726;2.22104;48.8487;2.2897;14
12:15:41.539;48.8627;2.25684;48.8746;2.2225;48.8507;2.29117;14
12:15:41.634;48.8658;2.25923;48.8777;2.2249;48.8538;2.29356;14
12:15:41.634;48.8665;2.25966;48.8784;2.22533;48.8545;2.29399;14
12:15:41.960;48.8679;2.26053;48.8799;2.2262;48.856;2.29486;14
12:15:41.960;48.8681;2.26077;48.8801;2.22644;48.8562;2.2951;14
12:15:42.063;48.8696;2.26233;48.8815;2.228;48.8576;2.29666;14
12:15:42.063;48.8696;2.26233;48.8815;2.228;48.8577;2.29666;14
12:15:42.195;48.8697;2.26233;48.8816;2.228;48.8577;2.29666;14
12:15:42.196;48.8698;2.26233;48.8818;2.228;48.8579;2.29666;14
12:15:42.506;48.8705;2.26302;48.8825;2.22868;48.8586;2.29735;14
12:15:42.506;48.8713;2.26352;48.8832;2.22919;48.8594;2.29785;14
12:15:42.506;48.8714;2.2637;48.8834;2.22937;48.8595;2.29803;14
12:15:43.765;48.8711;2.2637;48.883;2.22937;48.8591;2.29803;14
12:15:43.853;48.8701;2.26198;48.882;2.22765;48.8581;2.29631;14
12:15:43.853;48.8699;2.26155;48.8818;2.22722;48.8579;2.29588;14
12:15:44.014;48.8681;2.25923;48.8801;2.2249;48.8562;2.29356;14
12:15:44.014;48.8675;2.25838;48.8795;2.22404;48.8556;2.29271;14
12:15:44.321;48.8654;2.25485;48.8774;2.22052;48.8535;2.28918;14
12:15:44.321;48.8649;2.25348;48.8768;2.21915;48.8529;2.28781;14
12:15:44.585;48.86;2.24748;48.872;2.21315;48.8481;2.28181;14
12:15:44.585;48.8571;2.24474;48.869;2.2104;48.8451;2.27907;14
12:15:44.764;48.8569;2.24464;48.8689;2.21031;48.845;2.27898;14
12:15:44.764;48.8567;2.24448;48.8686;2.21014;48.8447;2.27881;14
12:15:45.756;48.8567;2.24448;48.8686;2.21014;48.8447;2.27881;14
12:15:45.985;48.855;2.24464;48.867;2.21031;48.8431;2.27898;14
12:15:45.985;48.855;2.24516;48.8669;2.21083;48.843;2.2795;14
12:15:46.244;48.8548;2.24542;48.8668;2.21109;48.8429;2.27975;14
12:15:46.244;48.8547;2.24559;48.8666;2.21126;48.8428;2.27992;14
12:15:46.361;48.855;2.2455;48.8669;2.21117;48.843;2.27983;14
12:15:47.334;48.8549;2.24559;48.8669;2.21126;48.843;2.27992;14
12:15:47.334;48.8551;2.24713;48.867;2.2128;48.8432;2.28146;14
12:15:47.553;48.8555;2.24893;48.8674;2.2146;48.8436;2.28326;14
12:15:47.553;48.8563;2.24928;48.8682;2.21495;48.8443;2.28362;14
12:15:47.796;48.8578;2.25005;48.8698;2.21571;48.8459;2.28438;14
12:15:47.796;48.8591;2.25151;48.871;2.21718;48.8471;2.28584;14
12:15:48.255;48.8601;2.25366;48.872;2.21933;48.8481;2.28799;14
12:15:48.255;48.861;2.25468;48.873;2.22035;48.8491;2.28902;14
12:15:48.256;48.8613;2.25546;48.8732;2.22113;48.8494;2.28979;14
12:15:48.256;48.8614;2.2558;48.8733;2.22147;48.8494;2.29013;14
12:15:48.256;48.8616;2.25632;48.8735;2.22198;48.8497;2.29065;14
12:15:49.060;48.8616;2.2571;48.8735;2.22276;48.8497;2.29143;14
12:15:49.061;48.8614;2.2588;48.8733;2.22447;48.8494;2.29314;14
12:15:49.140;48.8611;2.2619;48.8731;2.22757;48.8492;2.29623;14
12:15:49.141;48.8612;2.26328;48.8731;2.22894;48.8493;2.29761;14
12:15:49.296;48.8612;2.26559;48.8731;2.23126;48.8493;2.29993;14
12:15:49.296;48.8614;2.26671;48.8734;2.23238;48.8495;2.30104;14
12:15:49.449;48.8619;2.26894;48.8739;2.2346;48.85;2.30327;14
12:15:49.450;48.8616;2.26988;48.8736;2.23555;48.8497;2.30421;14
12:15:49.601;48.8615;2.27116;48.8734;2.23683;48.8495;2.3055;14
12:15:49.601;48.8615;2.27194;48.8735;2.23761;48.8496;2.30627;14
12:15:49.790;48.862;2.27571;48.874;2.24138;48.8501;2.31004;14
12:15:49.791;48.8615;2.27632;48.8735;2.24199;48.8496;2.31065;14
12:15:50.112;48.862;2.27914;48.874;2.24481;48.8501;2.31348;14
12:15:50.113;48.8622;2.2794;48.8741;2.24507;48.8502;2.31374;14
12:15:50.113;48.8628;2.27898;48.8747;2.24464;48.8508;2.31331;14
12:15:50.113;48.8632;2.27812;48.8752;2.24379;48.8513;2.31245;14
12:15:53.458;48.8626;2.27898;48.8745;2.24464;48.8506;2.31331;14
12:15:53.458;48.8623;2.27957;48.8743;2.24524;48.8504;2.3139;14
12:15:53.522;48.862;2.27992;48.8739;2.24559;48.8501;2.31425;14
12:15:53.522;48.862;2.27992;48.8739;2.24559;48.8501;2.31425;14
12:15:53.666;48.8617;2.27992;48.8736;2.24559;48.8498;2.31425;14
12:15:53.667;48.8615;2.28009;48.8734;2.24576;48.8495;2.31442;14
12:15:53.794;48.8614;2.28026;48.8734;2.24593;48.8495;2.31459;14
12:15:53.794;48.8617;2.27975;48.8736;2.24542;48.8498;2.31409;14
12:15:54.755;48.8615;2.28;48.8735;2.24567;48.8496;2.31433;14
12:15:54.755;48.8612;2.28026;48.8731;2.24593;48.8493;2.31459;14
12:15:54.818;48.8594;2.28087;48.8713;2.24654;48.8475;2.3152;14
12:15:54.818;48.8584;2.28094;48.8704;2.24661;48.8465;2.31528;14
12:15:54.958;48.8575;2.27888;48.8695;2.24455;48.8456;2.31322;14
12:15:54.959;48.8575;2.27812;48.8694;2.24379;48.8455;2.31245;14
12:15:55.052;48.8574;2.27675;48.8694;2.24242;48.8455;2.31108;14
12:15:55.195;48.8577;2.27614;48.8696;2.24181;48.8457;2.31047;14
12:15:55.195;48.8576;2.27563;48.8696;2.2413;48.8457;2.30997;14
12:15:55.339;48.858;2.27443;48.8699;2.2401;48.846;2.30876;14
12:15:55.340;48.8582;2.27417;48.8701;2.23984;48.8462;2.3085;14
12:15:55.533;48.8586;2.27339;48.8705;2.23906;48.8466;2.30772;14
12:15:55.534;48.8596;2.27271;48.8716;2.23837;48.8477;2.30704;14
12:15:55.534;48.8607;2.27168;48.8727;2.23735;48.8488;2.30602;14
12:15:55.637;48.8614;2.27116;48.8733;2.23683;48.8494;2.3055;14
12:15:56.973;48.8614;2.27116;48.8853;2.2025;48.8375;2.33983;13
12:15:58.652;48.8611;2.27237;48.885;2.2037;48.8372;2.34103;13
12:15:58.793;48.8601;2.27803;48.884;2.20937;48.8362;2.34669;13
12:15:58.793;48.8597;2.27975;48.8836;2.21109;48.8358;2.34842;13
12:15:58.894;48.8593;2.28113;48.8832;2.21246;48.8354;2.34979;13
12:15:58.895;48.8592;2.28146;48.8831;2.2128;48.8353;2.35013;13
12:15:59.072;48.8592;2.28163;48.8831;2.21297;48.8353;2.3503;13
12:15:59.162;48.8593;2.28146;48.8832;2.2128;48.8354;2.35013;13
12:15:59.652;48.8591;2.28215;48.883;2.21349;48.8352;2.35081;13
12:15:59.681;48.8591;2.28198;48.883;2.21332;48.8352;2.35065;13
12:15:59.682;48.8592;2.28146;48.8831;2.2128;48.8353;2.35013;13
12:16:00.801;48.8592;2.28181;48.8831;2.21315;48.8353;2.35048;13
12:16:00.831;48.8587;2.28352;48.8825;2.21486;48.8348;2.35219;13
12:16:00.893;48.8587;2.28352;48.8825;2.21486;48.8348;2.35219;13
12:16:00.936;48.8587;2.2825;48.8825;2.21384;48.8348;2.35117;13
12:16:01.018;48.8587;2.28146;48.8825;2.2128;48.8348;2.35013;13
12:16:01.018;48.8587;2.28113;48.8825;2.21246;48.8348;2.34979;13
12:16:01.099;48.8588;2.28113;48.8826;2.21246;48.8349;2.34979;13
12:16:01.099;48.8591;2.28113;48.883;2.21246;48.8352;2.34979;13
12:16:01.164;48.8591;2.28113;48.883;2.21246;48.8352;2.34979;13
12:16:01.802;48.8591;2.28113;48.883;2.21246;48.8352;2.34979;13
12:16:01.819;48.8598;2.28044;48.8837;2.21178;48.8359;2.34911;13
12:16:03.606;48.8598;2.28044;48.8717;2.24611;48.8478;2.31477;14
12:16:05.417;48.8598;2.28035;48.8717;2.24602;48.8478;2.31468;14
12:16:05.417;48.8598;2.27983;48.8717;2.2455;48.8478;2.31416;14
12:16:05.484;48.8599;2.27682;48.8718;2.24249;48.848;2.31116;14
12:16:05.485;48.8602;2.27649;48.8722;2.24216;48.8483;2.31082;14
12:16:05.626;48.8602;2.27649;48.8722;2.24216;48.8483;2.31082;14
12:16:05.626;48.8602;2.27623;48.8722;2.2419;48.8483;2.31056;14
12:16:05.781;48.8601;2.27571;48.872;2.24138;48.8481;2.31004;14
12:16:05.781;48.86;2.27554;48.872;2.24121;48.8481;2.30988;14
12:16:05.924;48.8611;2.27194;48.873;2.23761;48.8491;2.30627;14
12:16:05.924;48.8622;2.26936;48.8742;2.23503;48.8503;2.3037;14
12:16:06.604;48.8623;2.2691;48.8743;2.23477;48.8504;2.30344;14
12:16:06.605;48.8627;2.26834;48.8746;2.23401;48.8507;2.30267;14
12:16:06.682;48.8644;2.26472;48.8763;2.23039;48.8524;2.29906;14
12:16:06.683;48.8647;2.26378;48.8766;2.22945;48.8528;2.29811;14
12:16:06.886;48.8661;2.26018;48.8781;2.22585;48.8542;2.29451;14
12:16:06.886;48.8668;2.25838;48.8787;2.22404;48.8549;2.29271;14
12:16:07.180;48.8673;2.25735;48.8792;2.22302;48.8554;2.29169;14
12:16:07.180;48.8674;2.25674;48.8793;2.22241;48.8555;2.29108;14
12:16:08.520;48.8675;2.25648;48.8794;2.22215;48.8555;2.29082;14
12:16:08.521;48.8689;2.25511;48.8808;2.22078;48.8569;2.28944;14
12:16:08.781;48.8696;2.254;48.8815;2.21967;48.8576;2.28833;14
12:16:08.781;48.8703;2.25314;48.8823;2.21881;48.8584;2.28748;14
12:16:09.283;48.8714;2.25246;48.8834;2.21812;48.8595;2.28679;14
12:16:09.284;48.8714;2.25246;48.8834;2.21812;48.8595;2.28679;14
12:16:09.284;48.8714;2.25237;48.8833;2.21803;48.8594;2.2867;14
12:16:09.284;48.8715;2.25229;48.8834;2.21796;48.8595;2.28662;14
12:16:09.284;48.8711;2.25409;48.883;2.21976;48.8591;2.28842;14
12:16:09.284;48.8711;2.25511;48.8831;2.22078;48.8592;2.28944;14
12:16:09.447;48.87;2.25658;48.882;2.22224;48.8581;2.29091;14
12:16:09.447;48.869;2.25632;48.8809;2.22198;48.8571;2.29065;14
12:16:09.625;48.8689;2.2558;48.8809;2.22147;48.857;2.29013;14
12:16:09.625;48.8681;2.25589;48.8801;2.22156;48.8562;2.29022;14
12:16:09.795;48.866;2.25546;48.8779;2.22113;48.8541;2.28979;14
12:16:09.795;48.8653;2.25494;48.8772;2.22061;48.8533;2.28928;14
12:16:09.971;48.8644;2.25417;48.8764;2.21983;48.8525;2.2885;14
12:16:09.971;48.8635;2.25357;48.8755;2.21924;48.8516;2.2879;14
12:16:10.109;48.8634;2.2534;48.8753;2.21907;48.8515;2.28773;14
12:16:10.297;48.8632;2.25331;48.8752;2.21898;48.8513;2.28764;14
12:16:10.298;48.8631;2.25314;48.875;2.21881;48.8511;2.28748;14
12:16:10.638;48.863;2.25314;48.875;2.21881;48.8511;2.28748;14
12:16:10.638;48.8622;2.25298;48.8742;2.21864;48.8503;2.28731;14
12:16:10.863;48.8614;2.25305;48.8734;2.21872;48.8495;2.28738;14
12:16:11.215;48.8608;2.25374;48.8727;2.21941;48.8489;2.28807;14
12:16:11.215;48.8552;2.25323;48.8672;2.2189;48.8433;2.28757;14
12:16:11.604;48.8514;2.25073;48.8633;2.2164;48.8394;2.28506;14
12:16:11.604;48.8498;2.24962;48.8618;2.21529;48.8379;2.28395;14
12:16:11.662;48.8493;2.24919;48.8613;2.21486;48.8374;2.28352;14
12:16:12.572;48.8494;2.24911;48.8613;2.21478;48.8374;2.28345;14
12:16:12.573;48.8532;2.25099;48.8651;2.21666;48.8412;2.28532;14
12:16:12.867;48.859;2.25279;48.8709;2.21846;48.847;2.28712;14
12:16:12.867;48.8605;2.25323;48.8725;2.2189;48.8486;2.28757;14
12:16:12.867;48.862;2.25426;48.874;2.21992;48.8501;2.28859;14
12:16:12.867;48.8633;2.2552;48.8753;2.22087;48.8514;2.28954;14
12:16:13.736;48.8633;2.2552;48.8753;2.22087;48.8514;2.28954;14
12:16:13.736;48.8642;2.2558;48.8761;2.22147;48.8522;2.29013;14
12:16:13.954;48.868;2.25717;48.8799;2.22284;48.856;2.2915;14
12:16:13.954;48.87;2.25803;48.882;2.22369;48.8581;2.29236;14
12:16:14.032;48.8716;2.25829;48.8835;2.22395;48.8596;2.29262;14
12:16:14.032;48.8719;2.25829;48.8838;2.22395;48.8599;2.29262;14
12:16:14.236;48.8734;2.25992;48.8853;2.22559;48.8615;2.29425;14
12:16:14.236;48.8737;2.26027;48.8857;2.22594;48.8618;2.2946;14
12:16:14.445;48.8741;2.26018;48.886;2.22585;48.8621;2.29451;14
12:16:14.446;48.8742;2.2594;48.8861;2.22507;48.8622;2.29373;14
12:16:14.805;48.8742;2.25966;48.8861;2.22533;48.8622;2.29399;14
12:16:14.805;48.8754;2.2607;48.8873;2.22636;48.8634;2.29503;14
12:16:14.989;48.8797;2.26285;48.8917;2.22852;48.8678;2.29718;14
12:16:14.989;48.8805;2.26328;48.8924;2.22894;48.8686;2.29761;14
12:16:15.162;48.8806;2.26318;48.8925;2.22885;48.8686;2.29752;14
12:16:15.162;48.8805;2.26266;48.8924;2.22833;48.8686;2.297;14
12:16:15.775;48.8801;2.26361;48.8921;2.22928;48.8682;2.29794;14
12:16:15.775;48.879;2.26508;48.891;2.23074;48.8671;2.29941;14
12:16:15.845;48.879;2.26456;48.8909;2.23022;48.867;2.29889;14
12:16:15.845;48.8783;2.26515;48.8902;2.23082;48.8663;2.29948;14
12:16:16.157;48.8758;2.26482;48.8878;2.23048;48.8639;2.29915;14
12:16:16.157;48.8754;2.26482;48.8873;2.23048;48.8634;2.29915;14
12:16:16.265;48.8728;2.26361;48.8847;2.22928;48.8608;2.29794;14
12:16:16.266;48.8719;2.26292;48.8838;2.22859;48.8599;2.29726;14
12:16:16.408;48.8707;2.26164;48.8827;2.22731;48.8588;2.29597;14
12:16:16.408;48.8704;2.26122;48.8823;2.22688;48.8585;2.29555;14
12:16:16.760;48.8693;2.2601;48.8812;2.22577;48.8573;2.29443;14
12:16:16.760;48.8686;2.25966;48.8805;2.22533;48.8567;2.29399;14
12:16:16.760;48.8681;2.25923;48.8801;2.2249;48.8562;2.29356;14
12:16:16.761;48.8677;2.25897;48.8796;2.22464;48.8558;2.2933;14
12:16:19.564;48.8677;2.25897;48.8737;2.24181;48.8617;2.27614;15
12:16:20.641;48.8677;2.25897;48.8737;2.24181;48.8617;2.27614;15
12:16:20.641;48.8686;2.25665;48.8746;2.2395;48.8627;2.27383;15
12:16:21.683;48.8696;2.254;48.8755;2.23683;48.8636;2.27116;15
12:16:21.684;48.8696;2.25208;48.8755;2.23491;48.8636;2.26924;15
12:16:21.684;48.8696;2.25121;48.8756;2.23404;48.8637;2.26837;15
12:16:21.684;48.8696;2.25104;48.8756;2.23387;48.8637;2.2682;15
12:16:21.684;48.8705;2.25211;48.8765;2.23494;48.8646;2.26927;15
12:16:21.684;48.8722;2.25568;48.8782;2.23851;48.8662;2.27284;15
12:16:22.086;48.8723;2.25774;48.8783;2.24057;48.8663;2.2749;15
12:16:22.087;48.8724;2.25764;48.8784;2.24048;48.8665;2.27481;15
12:16:22.790;48.8728;2.25778;48.8788;2.24062;48.8668;2.27495;15
12:16:23.142;48.8761;2.26048;48.882;2.24332;48.8701;2.27765;15
12:16:23.142;48.8767;2.26143;48.8827;2.24426;48.8708;2.27859;15
12:16:23.406;48.8778;2.26408;48.8838;2.24692;48.8719;2.28125;15
12:16:23.407;48.8779;2.26494;48.8839;2.24777;48.8719;2.2821;15
12:16:23.475;48.8784;2.26588;48.8844;2.24872;48.8725;2.28305;15
12:16:24.976;48.8784;2.26598;48.8844;2.24881;48.8725;2.28314;15
12:16:25.311;48.8714;2.26077;48.8773;2.24362;48.8654;2.27795;15
12:16:25.312;48.8706;2.25873;48.8765;2.24155;48.8646;2.27588;15
12:16:25.562;48.8705;2.2576;48.8765;2.24043;48.8645;2.27477;15
12:16:26.522;48.8698;2.25644;48.8758;2.23927;48.8638;2.27361;15
12:16:26.522;48.869;2.25378;48.875;2.23662;48.863;2.27095;15
12:16:26.991;48.8687;2.25253;48.8747;2.23538;48.8627;2.26971;15
12:16:26.992;48.8687;2.25232;48.8747;2.23515;48.8627;2.26949;15
12:16:27.143;48.8688;2.2525;48.8748;2.23534;48.8628;2.26967;15
12:16:42.552;48.8688;2.2525;48.8807;2.21817;48.8568;2.28683;14
12:16:42.954;48.8666;2.25568;48.8786;2.22134;48.8547;2.29001;14
12:16:42.954;48.8653;2.26176;48.8773;2.22743;48.8534;2.2961;14
12:16:43.223;48.8642;2.26366;48.8762;2.22932;48.8523;2.29799;14
12:16:43.224;48.8646;2.26392;48.8766;2.22958;48.8527;2.29825;14
12:16:43.381;48.8637;2.26683;48.8756;2.2325;48.8517;2.30116;14
12:16:43.382;48.8632;2.26761;48.8751;2.23328;48.8513;2.30194;14
12:16:43.477;48.863;2.26855;48.8749;2.23422;48.851;2.30289;14
12:16:44.293;48.8626;2.26924;48.8745;2.23491;48.8506;2.30357;14
12:16:44.293;48.861;2.27095;48.8729;2.23662;48.849;2.30528;14
12:16:44.407;48.8582;2.27318;48.8701;2.23885;48.8462;2.30751;14
12:16:44.407;48.8579;2.27361;48.8699;2.23927;48.846;2.30794;14
12:16:44.557;48.8569;2.27533;48.8689;2.241;48.845;2.30966;14
12:16:45.769;48.8569;2.27533;48.8689;2.241;48.845;2.30966;14
12:16:45.769;48.8571;2.2731;48.869;2.23877;48.8452;2.30743;14
12:16:45.851;48.8599;2.26949;48.8718;2.23515;48.8479;2.30382;14
12:16:45.852;48.8612;2.26863;48.8732;2.2343;48.8493;2.30296;14
12:16:45.998;48.8633;2.26735;48.8752;2.23302;48.8513;2.30168;14
12:16:45.998;48.8638;2.267;48.8758;2.23267;48.8519;2.30133;14
12:16:46.162;48.8645;2.26683;48.8764;2.2325;48.8526;2.30116;14
12:16:46.162;48.8646;2.26683;48.8766;2.2325;48.8527;2.30116;14
12:16:46.322;48.8652;2.26649;48.8772;2.23216;48.8533;2.30083;14
12:16:46.322;48.8656;2.26624;48.8775;2.2319;48.8536;2.30057;14
12:16:46.482;48.8661;2.26598;48.878;2.23164;48.8541;2.30031;14
12:16:46.482;48.8662;2.26588;48.8782;2.23155;48.8543;2.30022;14
12:16:46.587;48.8658;2.26614;48.8777;2.23181;48.8539;2.30048;14
12:16:47.215;48.8659;2.26624;48.8778;2.2319;48.8539;2.30057;14
12:16:47.216;48.8663;2.26624;48.8783;2.2319;48.8544;2.30057;14
12:16:47.481;48.8702;2.26614;48.8821;2.23181;48.8582;2.30048;14
12:16:47.481;48.8713;2.26631;48.8833;2.23198;48.8594;2.30064;14
12:16:47.511;48.8738;2.26674;48.8857;2.23241;48.8618;2.30107;14
12:16:47.512;48.8743;2.26674;48.8862;2.23241;48.8623;2.30107;14
12:16:47.658;48.8747;2.26674;48.8867;2.23241;48.8628;2.30107;14
12:16:47.659;48.8748;2.26674;48.8868;2.23241;48.8629;2.30107;14
12:16:47.803;48.8748;2.2664;48.8868;2.23207;48.8629;2.30074;14
12:16:49.768;48.8744;2.26709;48.8864;2.23276;48.8625;2.30142;14
12:16:49.768;48.8744;2.26718;48.8863;2.23285;48.8624;2.30151;14
12:16:49.824;48.8741;2.26794;48.886;2.23361;48.8621;2.30228;14
12:16:49.824;48.874;2.26811;48.8859;2.23378;48.862;2.30244;14
12:16:49.963;48.8739;2.26811;48.8858;2.23378;48.8619;2.30244;14
12:16:49.964;48.8739;2.26811;48.8858;2.23378;48.8619;2.30244;14
12:16:50.502;48.8739;2.26811;48.8858;2.23378;48.8619;2.30244;14
12:16:50.502;48.8738;2.26787;48.8857;2.23354;48.8618;2.3022;14
12:16:50.576;48.8714;2.26605;48.8834;2.23172;48.8595;2.30038;14
12:16:50.577;48.8702;2.26468;48.8821;2.23035;48.8583;2.29901;14
12:16:50.737;48.8685;2.26237;48.8804;2.22804;48.8565;2.29671;14
12:16:50.737;48.8677;2.26143;48.8797;2.2271;48.8558;2.29576;14
12:16:50.913;48.8668;2.25919;48.8788;2.22485;48.8549;2.29352;14
12:16:50.913;48.8668;2.25919;48.8788;2.22485;48.8549;2.29352;14
12:16:51.092;48.8668;2.25919;48.8787;2.22485;48.8548;2.29352;14
12:16:51.092;48.8667;2.25919;48.8787;2.22485;48.8548;2.29352;14
12:16:51.193;48.8666;2.25919;48.8785;2.22485;48.8546;2.29352;14
12:16:52.158;48.8665;2.25911;48.8784;2.22478;48.8545;2.29344;14
12:16:52.246;48.8638;2.25568;48.8758;2.22134;48.8519;2.29001;14
12:16:52.246;48.8629;2.25516;48.8748;2.22083;48.8509;2.28949;14
12:16:52.557;48.8608;2.25224;48.8727;2.21791;48.8488;2.28658;14
12:16:53.243;48.8605;2.25224;48.8725;2.21791;48.8486;2.28658;14
12:16:53.243;48.8586;2.25276;48.8706;2.21843;48.8467;2.28709;14
12:16:53.457;48.856;2.25267;48.8679;2.21834;48.844;2.287;14
12:16:53.457;48.8543;2.25241;48.8662;2.21808;48.8423;2.28674;14
12:16:53.815;48.8486;2.24976;48.8606;2.21542;48.8367;2.28409;14
12:16:53.815;48.8481;2.24915;48.86;2.21481;48.8361;2.28348;14
12:16:54.057;48.8483;2.24898;48.8602;2.21465;48.8363;2.28331;14
12:16:54.057;48.8484;2.24898;48.8603;2.21465;48.8364;2.28331;14
12:16:54.177;48.8484;2.24907;48.8604;2.21474;48.8365;2.2834;14
12:16:56.171;48.8484;2.24907;48.8544;2.2319;48.8424;2.26624;15
12:16:57.111;48.848;2.25056;48.854;2.2334;48.8421;2.26773;15
12:16:57.111;48.8485;2.25182;48.8545;2.23465;48.8425;2.26898;15
12:16:57.528;48.8488;2.25632;48.8548;2.23915;48.8429;2.27348;15
12:16:57.529;48.8489;2.25648;48.8549;2.23932;48.8429;2.27365;15
12:17:02.711;48.8489;2.25636;48.8548;2.2392;48.8429;2.27353;15
12:17:02.711;48.8488;2.25928;48.8548;2.24211;48.8428;2.27644;15
12:17:03.938;48.8492;2.26447;48.8552;2.2473;48.8432;2.28163;15
12:17:03.938;48.8494;2.26572;48.8554;2.24855;48.8434;2.28288;15
12:17:03.938;48.8495;2.26636;48.8554;2.24919;48.8435;2.28352;15
12:17:03.938;48.8495;2.26649;48.8555;2.24933;48.8435;2.28366;15
12:17:03.938;48.8495;2.26657;48.8555;2.2494;48.8436;2.28374;15
12:17:03.939;48.8496;2.26666;48.8556;2.2495;48.8436;2.28383;15
12:17:04.171;48.8496;2.26671;48.8556;2.24954;48.8436;2.28387;15
12:17:05.201;48.8495;2.26671;48.8555;2.24954;48.8435;2.28387;15
12:17:05.201;48.8502;2.2683;48.8561;2.25113;48.8442;2.28546;15
12:17:05.517;48.8507;2.27005;48.8567;2.25288;48.8447;2.28722;15
12:17:05.517;48.851;2.271;48.8569;2.25383;48.845;2.28816;15
12:17:06.415;48.852;2.2731;48.858;2.25594;48.846;2.29027;15
12:17:06.415;48.8524;2.27438;48.8584;2.25722;48.8465;2.29155;15
12:17:06.416;48.8531;2.27545;48.859;2.25829;48.8471;2.29262;15
12:17:06.416;48.8531;2.2755;48.8591;2.25833;48.8471;2.29266;15
12:17:06.416;48.8531;2.27559;48.8591;2.25842;48.8472;2.29276;15
12:17:07.913;48.8531;2.27516;48.8591;2.258;48.8471;2.29233;15
12:17:07.913;48.8535;2.27563;48.8594;2.25847;48.8475;2.2928;15
12:17:08.219;48.8542;2.27618;48.8602;2.25902;48.8482;2.29335;15
12:17:08.219;48.8543;2.27623;48.8603;2.25906;48.8484;2.2934;15
12:17:08.553;48.8545;2.27654;48.8605;2.25937;48.8485;2.2937;15
12:17:08.554;48.8545;2.27661;48.8605;2.25945;48.8486;2.29378;15
12:17:12.225;48.8545;2.27661;48.8575;2.26804;48.8516;2.2852;16
12:17:13.249;48.8546;2.27664;48.8575;2.26805;48.8516;2.28522;16
12:17:13.249;48.8555;2.27769;48.8585;2.2691;48.8525;2.28627;16
12:17:13.514;48.8562;2.27855;48.8592;2.26996;48.8532;2.28712;16
12:17:13.514;48.8564;2.27876;48.8594;2.27017;48.8534;2.28734;16
12:17:13.845;48.8565;2.27898;48.8595;2.27039;48.8535;2.28757;16
12:17:13.845;48.8567;2.27919;48.8597;2.27061;48.8537;2.28778;16
12:17:13.934;48.8567;2.2793;48.8597;2.27072;48.8537;2.28789;16
12:17:24.228;48.8567;2.2793;48.8627;2.26213;48.8507;2.29646;15
12:17:25.418;48.8567;2.2793;48.8686;2.24496;48.8447;2.31363;14
12:17:26.106;48.8557;2.27792;48.8677;2.24359;48.8438;2.31226;14
12:17:26.106;48.8557;2.27629;48.8676;2.24196;48.8437;2.31062;14
12:17:26.371;48.8545;2.27174;48.8665;2.23741;48.8426;2.30608;14
12:17:26.371;48.854;2.26994;48.8659;2.23561;48.842;2.30428;14
12:17:27.077;48.8521;2.26282;48.864;2.22849;48.8401;2.29715;14
12:17:27.078;48.8503;2.2599;48.8622;2.22557;48.8383;2.29424;14
12:17:27.078;48.8492;2.25706;48.8611;2.22273;48.8372;2.2914;14
12:17:27.078;48.8493;2.25621;48.8612;2.22188;48.8373;2.29054;14
12:17:27.078;48.849;2.2551;48.861;2.22076;48.8371;2.28943;14
12:17:27.078;48.8472;2.25356;48.8591;2.21922;48.8353;2.28789;14
12:17:27.246;48.8467;2.25356;48.8587;2.21922;48.8348;2.28789;14
12:17:46.934;48.8467;2.25356;48.8587;2.21922;48.8348;2.28789;14
12:17:46.934;48.8468;2.25346;48.8588;2.21913;48.8349;2.2878;14
12:17:47.149;48.847;2.25337;48.8589;2.21904;48.835;2.2877;14
12:17:47.150;48.8489;2.25174;48.8608;2.21741;48.8369;2.28607;14
12:17:47.256;48.8493;2.25131;48.8613;2.21698;48.8374;2.28564;14
12:17:48.726;48.8493;2.2514;48.8613;2.21707;48.8374;2.28574;14
12:17:48.726;48.8493;2.25226;48.8612;2.21793;48.8373;2.28659;14
12:17:49.039;48.8518;2.25174;48.8638;2.21741;48.8399;2.28607;14
12:17:49.039;48.8542;2.25131;48.8661;2.21698;48.8423;2.28564;14
12:17:49.393;48.8574;2.25098;48.8693;2.21664;48.8454;2.28531;14
12:17:49.393;48.8581;2.25114;48.87;2.21681;48.8461;2.28548;14
12:17:49.393;48.8586;2.25114;48.8705;2.21681;48.8466;2.28548;14
12:17:49.393;48.8588;2.25131;48.8708;2.21698;48.8469;2.28564;14
12:17:49.538;48.859;2.25105;48.8709;2.21672;48.8471;2.28539;14
12:17:52.989;48.859;2.25105;48.8709;2.21672;48.8471;2.28539;14
12:17:52.990;48.8613;2.25226;48.8732;2.21793;48.8493;2.28659;14
12:17:53.087;48.8633;2.25389;48.8752;2.21956;48.8513;2.28822;14
12:17:53.088;48.8638;2.25406;48.8757;2.21973;48.8518;2.28839;14
12:17:53.260;48.8643;2.255;48.8763;2.22067;48.8524;2.28934;14
12:17:53.260;48.8644;2.25552;48.8763;2.22119;48.8524;2.28986;14
12:17:53.421;48.8644;2.25604;48.8764;2.22171;48.8525;2.29037;14
12:17:53.421;48.8644;2.25621;48.8763;2.22188;48.8524;2.29054;14
12:17:55.514;48.8643;2.25792;48.8762;2.22359;48.8523;2.29225;14
12:17:55.596;48.8634;2.26161;48.8754;2.22728;48.8515;2.29594;14
12:17:55.596;48.862;2.26376;48.874;2.22943;48.8501;2.2981;14
12:17:55.756;48.8602;2.26762;48.8721;2.23329;48.8483;2.30196;14
12:17:55.757;48.8601;2.26822;48.8721;2.23389;48.8482;2.30255;14
12:17:55.917;48.8592;2.27097;48.8712;2.23663;48.8473;2.3053;14
12:17:55.917;48.8589;2.27174;48.8708;2.23741;48.847;2.30608;14
12:17:56.105;48.8586;2.27286;48.8706;2.23853;48.8467;2.30719;14
12:17:56.105;48.8583;2.27328;48.8702;2.23895;48.8463;2.30762;14
12:17:56.206;48.8585;2.27252;48.8704;2.23819;48.8466;2.30685;14
12:17:57.788;48.8582;2.27321;48.8702;2.23888;48.8463;2.30754;14
12:17:57.788;48.8573;2.27449;48.8692;2.24016;48.8453;2.30882;14
12:17:57.855;48.8551;2.27629;48.867;2.24196;48.8431;2.31062;14
12:17:57.855;48.8544;2.27646;48.8663;2.24213;48.8424;2.31079;14
12:17:58.000;48.8539;2.27664;48.8659;2.24231;48.842;2.31097;14
12:17:58.000;48.8536;2.27664;48.8655;2.24231;48.8416;2.31097;14
12:17:58.144;48.8536;2.27655;48.8655;2.24222;48.8416;2.31088;14
12:17:58.145;48.8539;2.27629;48.8658;2.24196;48.8419;2.31062;14
12:17:58.286;48.8542;2.27612;48.8661;2.24179;48.8422;2.31046;14
12:17:58.287;48.8542;2.27596;48.8661;2.24162;48.8422;2.31029;14
12:17:58.385;48.8542;2.27577;48.8661;2.24144;48.8423;2.3101;14
12:17:58.534;48.8542;2.2757;48.8661;2.24136;48.8423;2.31003;14
12:17:58.534;48.8542;2.27586;48.8661;2.24153;48.8422;2.3102;14
12:17:58.686;48.854;2.2757;48.8659;2.24136;48.842;2.31003;14
12:17:58.687;48.8552;2.27466;48.8672;2.24033;48.8433;2.30899;14
12:17:58.832;48.8573;2.27347;48.8693;2.23914;48.8454;2.3078;14
12:17:58.832;48.8577;2.27338;48.8697;2.23904;48.8458;2.30771;14
12:17:58.991;48.8577;2.27423;48.8697;2.2399;48.8458;2.30856;14
12:17:58.991;48.8578;2.27423;48.8697;2.2399;48.8458;2.30856;14
12:17:59.124;48.858;2.27406;48.8699;2.23973;48.8461;2.3084;14
12:17:59.124;48.8581;2.27397;48.87;2.23964;48.8462;2.3083;14
12:17:59.275;48.8584;2.2738;48.8703;2.23947;48.8465;2.30814;14
12:17:59.275;48.8587;2.2739;48.8707;2.23956;48.8468;2.30823;14
12:17:59.420;48.8594;2.27364;48.8713;2.2393;48.8475;2.30797;14
12:17:59.420;48.8604;2.27312;48.8724;2.23878;48.8485;2.30745;14
12:17:59.525;48.8606;2.27295;48.8725;2.23862;48.8487;2.30728;14
12:17:59.997;48.8603;2.27295;48.8722;2.23862;48.8484;2.30728;14
12:18:00.076;48.862;2.27132;48.874;2.23698;48.8501;2.30565;14
12:18:00.076;48.8634;2.26985;48.8753;2.23552;48.8514;2.30418;14
12:18:00.218;48.8645;2.26831;48.8765;2.23398;48.8526;2.30264;14
12:18:00.218;48.8646;2.26831;48.8765;2.23398;48.8527;2.30264;14
12:18:00.313;48.8647;2.26779;48.8766;2.23346;48.8527;2.30212;14
12:18:01.396;48.8647;2.26779;48.8706;2.25063;48.8587;2.28496;15
12:18:02.559;48.8647;2.26779;48.8706;2.25063;48.8587;2.28496;15
12:18:02.559;48.8657;2.26921;48.8716;2.25204;48.8597;2.28638;15
12:18:02.809;48.8658;2.26938;48.8718;2.25221;48.8599;2.28654;15
12:18:02.810;48.8659;2.26926;48.8718;2.25209;48.8599;2.28642;15
12:18:04.614;48.8659;2.26926;48.8689;2.26067;48.8629;2.27783;16
12:18:05.528;48.8655;2.26967;48.8685;2.26108;48.8625;2.27824;16
12:18:05.528;48.8655;2.26974;48.8685;2.26117;48.8625;2.27834;16
12:18:05.818;48.8655;2.26979;48.8684;2.26122;48.8625;2.27838;16
12:18:05.819;48.8654;2.26985;48.8684;2.26128;48.8624;2.27844;16
12:18:06.162;48.8653;2.26994;48.8683;2.26135;48.8624;2.27852;16
12:18:06.163;48.8653;2.26988;48.8683;2.26129;48.8624;2.27846;16
12:18:11.594;48.8654;2.26988;48.8683;2.26129;48.8624;2.27846;16
12:18:11.594;48.8652;2.26984;48.8681;2.26125;48.8622;2.27841;16
12:18:11.839;48.8647;2.26985;48.8676;2.26128;48.8617;2.27844;16
12:18:11.839;48.8646;2.26994;48.8675;2.26135;48.8616;2.27852;16
12:18:12.129;48.8644;2.27;48.8674;2.26143;48.8615;2.27859;16
12:18:12.129;48.8646;2.26984;48.8675;2.26125;48.8616;2.27841;16
12:18:16.140;48.8646;2.26996;48.8676;2.26138;48.8616;2.27855;16
12:18:16.140;48.8646;2.26996;48.8676;2.26138;48.8616;2.27855;16
12:18:16.412;48.8646;2.26993;48.8676;2.26134;48.8616;2.2785;16
12:18:16.412;48.8647;2.27003;48.8677;2.26144;48.8617;2.27861;16
12:18:16.658;48.8647;2.27011;48.8677;2.26154;48.8618;2.2787;16
12:18:16.659;48.8648;2.27014;48.8678;2.26155;48.8618;2.27872;16
12:18:16.788;48.8648;2.27011;48.8678;2.26154;48.8618;2.2787;16
12:18:18.286;48.8648;2.27025;48.8678;2.26166;48.8618;2.27882;16
12:18:18.287;48.8652;2.27037;48.8682;2.2618;48.8622;2.27896;16
12:18:18.525;48.866;2.27048;48.869;2.2619;48.863;2.27907;16
12:18:18.525;48.866;2.27043;48.869;2.26186;48.863;2.27902;16
12:18:18.631;48.866;2.27039;48.869;2.26181;48.863;2.27898;16
12:18:45.224;48.866;2.27039;48.872;2.25323;48.86;2.28757;15
12:18:47.934;48.866;2.27039;48.8779;2.23605;48.854;2.30472;14
12:18:48.894;48.8651;2.27083;48.8771;2.2365;48.8532;2.30516;14
12:18:48.895;48.8645;2.27151;48.8764;2.23718;48.8525;2.30585;14
12:18:49.145;48.8624;2.2722;48.8743;2.23787;48.8504;2.30653;14
12:18:49.146;48.8619;2.27271;48.8739;2.23837;48.85;2.30704;14
12:18:49.234;48.8598;2.27512;48.8717;2.24078;48.8478;2.30945;14
12:18:49.234;48.859;2.27554;48.871;2.24121;48.8471;2.30988;14
12:18:49.556;48.8574;2.27777;48.8693;2.24344;48.8455;2.3121;14
12:18:49.556;48.8568;2.27838;48.8688;2.24405;48.8449;2.31271;14
12:18:49.556;48.8544;2.27975;48.8663;2.24542;48.8424;2.31409;14
12:18:49.556;48.8538;2.28052;48.8658;2.24619;48.8419;2.31485;14
12:18:49.923;48.8533;2.28232;48.8653;2.24799;48.8414;2.31665;14
12:18:49.923;48.8533;2.2825;48.8653;2.24817;48.8414;2.31683;14
12:18:49.924;48.8533;2.2825;48.8652;2.24817;48.8413;2.31683;14
12:18:49.924;48.8533;2.2825;48.8652;2.24817;48.8413;2.31683;14
12:18:51.972;48.8535;2.28258;48.8655;2.24825;48.8416;2.31691;14
12:18:51.972;48.8534;2.28267;48.8653;2.24834;48.8414;2.317;14
12:18:52.029;48.8573;2.28258;48.8693;2.24825;48.8454;2.31691;14
12:18:52.029;48.8578;2.28241;48.8697;2.24808;48.8459;2.31674;14
12:18:52.168;48.8594;2.28198;48.8714;2.24765;48.8475;2.31631;14
12:18:52.168;48.8602;2.28172;48.8721;2.24739;48.8482;2.31606;14
12:18:52.300;48.8619;2.2807;48.8738;2.24637;48.8499;2.31503;14
12:18:52.301;48.8623;2.28044;48.8743;2.24611;48.8504;2.31477;14
12:18:52.429;48.8625;2.28;48.8744;2.24567;48.8505;2.31433;14
12:18:52.429;48.8625;2.28;48.8744;2.24567;48.8505;2.31433;14
12:18:52.518;48.8625;2.27992;48.8745;2.24559;48.8506;2.31425;14
12:18:53.245;48.8624;2.27992;48.8744;2.24559;48.8505;2.31425;14
12:18:53.246;48.8622;2.28035;48.8741;2.24602;48.8503;2.31468;14
12:18:53.276;48.8623;2.28087;48.8742;2.24654;48.8503;2.3152;14
12:18:54.206;48.8622;2.28087;48.8741;2.24654;48.8503;2.3152;14
12:18:54.206;48.8617;2.28035;48.8736;2.24602;48.8498;2.31468;14
12:18:54.262;48.8627;2.27675;48.8746;2.24242;48.8508;2.31108;14
12:18:54.263;48.8629;2.27623;48.8748;2.2419;48.8509;2.31056;14
12:18:54.359;48.863;2.27571;48.8749;2.24138;48.8511;2.31004;14
12:18:54.532;48.8632;2.27545;48.8752;2.24112;48.8513;2.30978;14
12:18:54.532;48.8634;2.27528;48.8754;2.24095;48.8515;2.30962;14
12:18:54.664;48.8639;2.27443;48.8758;2.2401;48.852;2.30876;14
12:18:54.664;48.8639;2.27434;48.8759;2.24001;48.852;2.30867;14
12:18:55.488;48.8639;2.27434;48.8699;2.25717;48.858;2.2915;15
12:18:56.433;48.8639;2.27434;48.8699;2.25717;48.858;2.2915;15
12:18:56.433;48.8642;2.27357;48.8701;2.25641;48.8582;2.29074;15
12:18:56.666;48.8647;2.27258;48.8707;2.25542;48.8587;2.28975;15
12:18:56.667;48.8648;2.27228;48.8708;2.25511;48.8588;2.28944;15
12:18:56.739;48.8649;2.27199;48.8709;2.25482;48.8589;2.28915;15
12:18:57.620;48.8649;2.27199;48.8679;2.2634;48.8619;2.28056;16
12:19:15.049;48.8649;2.27196;48.8678;2.26338;48.8619;2.28055;16
12:19:15.049;48.8648;2.27199;48.8678;2.2634;48.8619;2.28056;16
12:19:16.009;48.8648;2.27199;48.8708;2.25482;48.8589;2.28915;15
12:19:16.382;48.8648;2.27199;48.8768;2.23766;48.8529;2.30632;14
12:19:17.413;48.8643;2.27249;48.8763;2.23816;48.8524;2.30682;14
12:19:17.413;48.8629;2.27412;48.8749;2.23979;48.851;2.30846;14
12:19:17.522;48.8582;2.27979;48.8701;2.24545;48.8462;2.31412;14
12:19:17.522;48.8577;2.28091;48.8696;2.24658;48.8457;2.31525;14
12:19:17.866;48.8535;2.28821;48.8654;2.25388;48.8415;2.32254;14
12:19:17.867;48.8516;2.2906;48.8636;2.25627;48.8397;2.32494;14
12:19:17.867;48.8504;2.29283;48.8623;2.2585;48.8384;2.32716;14
12:19:17.867;48.8497;2.29396;48.8616;2.25963;48.8377;2.32829;14
12:19:18.015;48.8502;2.29259;48.8622;2.25826;48.8383;2.32692;14
12:19:19.734;48.851;2.2925;48.8629;2.25816;48.8391;2.32683;14
12:19:19.734;48.852;2.2924;48.8639;2.25807;48.84;2.32674;14
12:19:19.972;48.8533;2.2919;48.8652;2.25757;48.8413;2.32623;14
12:19:19.972;48.8533;2.29181;48.8652;2.25748;48.8413;2.32614;14
12:19:20.091;48.8534;2.29198;48.8654;2.25764;48.8415;2.32631;14
12:19:21.905;48.8533;2.29266;48.8652;2.25833;48.8413;2.327;14
12:19:22.170;48.8495;2.29146;48.8615;2.25713;48.8376;2.32579;14
12:19:22.170;48.847;2.29138;48.859;2.25705;48.8351;2.32571;14
12:19:22.241;48.8436;2.28958;48.8555;2.25525;48.8316;2.32391;14
12:19:22.241;48.8434;2.28949;48.8553;2.25516;48.8314;2.32382;14
12:19:22.344;48.8433;2.28958;48.8552;2.25525;48.8313;2.32391;14
12:19:22.344;48.8432;2.28949;48.8552;2.25516;48.8313;2.32382;14
12:19:22.715;48.8428;2.28821;48.8547;2.25388;48.8308;2.32254;14
12:19:22.716;48.8412;2.28658;48.8532;2.25224;48.8293;2.32091;14
12:19:22.716;48.8407;2.28572;48.8526;2.25139;48.8287;2.32005;14
12:19:22.716;48.8406;2.28503;48.8525;2.2507;48.8286;2.31937;14
12:19:22.830;48.8404;2.28485;48.8524;2.25052;48.8285;2.31918;14
12:19:25.172;48.8404;2.28485;48.8524;2.25052;48.8285;2.31918;14
12:19:25.172;48.8412;2.28606;48.8532;2.25172;48.8293;2.32039;14
12:19:25.319;48.8437;2.28812;48.8556;2.25378;48.8317;2.32245;14
12:19:25.319;48.8441;2.28864;48.8561;2.2543;48.8322;2.32297;14
12:19:25.462;48.8451;2.28966;48.857;2.25533;48.8331;2.32399;14
12:19:25.463;48.8452;2.28984;48.8571;2.25551;48.8332;2.32417;14
12:19:25.608;48.8458;2.2907;48.8577;2.25636;48.8339;2.32503;14
12:19:25.608;48.846;2.29121;48.8579;2.25688;48.834;2.32555;14
12:19:25.708;48.847;2.29138;48.8589;2.25705;48.835;2.32571;14
12:19:28.121;48.847;2.29164;48.859;2.25731;48.8351;2.32597;14
12:19:28.122;48.848;2.29155;48.86;2.25722;48.8361;2.32588;14
12:19:28.209;48.8501;2.29112;48.862;2.25679;48.8381;2.32545;14
12:19:28.209;48.8515;2.29146;48.8635;2.25713;48.8396;2.32579;14
12:19:28.520;48.8538;2.29181;48.8657;2.25748;48.8418;2.32614;14
12:19:28.521;48.8542;2.29214;48.8661;2.25781;48.8422;2.32648;14
12:19:28.591;48.8545;2.2924;48.8664;2.25807;48.8425;2.32674;14
12:19:28.591;48.8546;2.2925;48.8665;2.25816;48.8426;2.32683;14
12:19:28.721;48.8549;2.29309;48.8669;2.25876;48.843;2.32742;14
12:19:28.721;48.855;2.29327;48.867;2.25894;48.8431;2.32761;14
12:19:29.109;48.8551;2.29404;48.8671;2.2597;48.8432;2.32837;14
12:19:29.109;48.8553;2.29489;48.8672;2.26056;48.8433;2.32922;14
12:19:29.109;48.8552;2.29558;48.8672;2.26125;48.8433;2.32991;14
12:19:29.109;48.8552;2.29558;48.8672;2.26125;48.8433;2.32991;14
12:19:30.271;48.8552;2.29558;48.8612;2.27841;48.8493;2.31274;15
12:19:31.005;48.8551;2.29605;48.8611;2.27888;48.8492;2.31322;15
12:19:31.005;48.8549;2.29671;48.8608;2.27954;48.8489;2.31387;15
12:19:31.239;48.8547;2.29683;48.8607;2.27966;48.8487;2.314;15
12:19:31.239;48.8547;2.29683;48.8607;2.27966;48.8488;2.314;15
12:19:31.370;48.8548;2.29683;48.8607;2.27966;48.8488;2.314;15
12:19:31.489;48.855;2.29652;48.861;2.27936;48.8491;2.31369;15
12:19:32.324;48.855;2.29652;48.867;2.26219;48.8431;2.33086;14
12:19:33.316;48.855;2.29652;48.8669;2.26219;48.843;2.33086;14
12:19:33.317;48.8549;2.29652;48.8669;2.26219;48.843;2.33086;14
12:19:33.374;48.8563;2.29465;48.8683;2.26031;48.8444;2.32898;14
12:19:33.374;48.8566;2.2937;48.8686;2.25937;48.8447;2.32803;14
12:19:33.503;48.8576;2.29172;48.8696;2.25739;48.8457;2.32605;14
12:19:33.503;48.8581;2.2907;48.87;2.25636;48.8461;2.32503;14
12:19:33.648;48.859;2.28847;48.8709;2.25414;48.847;2.3228;14
12:19:33.648;48.8593;2.28786;48.8712;2.25352;48.8473;2.32219;14
12:19:33.779;48.8598;2.28641;48.8718;2.25208;48.8479;2.32074;14
12:19:33.780;48.8601;2.2858;48.8721;2.25146;48.8482;2.32013;14
12:19:33.918;48.8606;2.28511;48.8726;2.25078;48.8487;2.31944;14
12:19:33.918;48.8608;2.28494;48.8727;2.25061;48.8489;2.31927;14
12:19:34.012;48.861;2.28485;48.8729;2.25052;48.849;2.31918;14
12:19:34.145;48.8611;2.28477;48.873;2.25044;48.8491;2.31911;14
12:19:34.145;48.8611;2.28442;48.873;2.25009;48.8491;2.31876;14
12:19:34.675;48.861;2.28452;48.873;2.25018;48.8491;2.31885;14
12:19:34.675;48.862;2.28494;48.874;2.25061;48.8501;2.31927;14
12:19:34.755;48.8654;2.28511;48.8774;2.25078;48.8535;2.31944;14
12:19:34.755;48.8664;2.28511;48.8783;2.25078;48.8545;2.31944;14
12:19:34.963;48.8677;2.28503;48.8797;2.2507;48.8558;2.31937;14
12:19:34.964;48.8679;2.28503;48.8798;2.2507;48.8559;2.31937;14
12:19:35.081;48.8686;2.2852;48.8806;2.25087;48.8567;2.31953;14
12:19:35.081;48.8688;2.2852;48.8808;2.25087;48.8569;2.31953;14
12:19:35.237;48.8693;2.28528;48.8812;2.25095;48.8573;2.31961;14
12:19:35.237;48.8696;2.28528;48.8815;2.25095;48.8577;2.31961;14
12:19:35.565;48.8698;2.28537;48.8817;2.25104;48.8578;2.3197;14
12:19:35.565;48.8697;2.28546;48.8816;2.25113;48.8577;2.31979;14
12:19:35.565;48.8696;2.2852;48.8815;2.25087;48.8576;2.31953;14
12:19:35.566;48.8696;2.2852;48.8815;2.25087;48.8576;2.31953;14
12:19:35.693;48.8687;2.28632;48.8806;2.25198;48.8568;2.32065;14
12:19:35.694;48.8677;2.28632;48.8796;2.25198;48.8558;2.32065;14
12:19:35.824;48.8666;2.287;48.8785;2.25267;48.8546;2.32133;14
12:19:35.824;48.8661;2.28734;48.8781;2.25301;48.8542;2.32167;14
12:19:35.974;48.8649;2.28854;48.8768;2.25421;48.8529;2.32288;14
12:19:35.974;48.8642;2.28897;48.8761;2.25464;48.8522;2.3233;14
12:19:36.185;48.8625;2.28992;48.8744;2.25558;48.8506;2.32425;14
12:19:36.185;48.862;2.29044;48.874;2.2561;48.8501;2.32477;14
12:19:36.296;48.8611;2.29121;48.8731;2.25688;48.8492;2.32555;14
12:19:36.296;48.861;2.29146;48.873;2.25713;48.8491;2.32579;14
12:19:36.476;48.8612;2.29155;48.8731;2.25722;48.8493;2.32588;14
12:19:36.476;48.8612;2.29164;48.8731;2.25731;48.8493;2.32597;14
12:19:36.607;48.8618;2.29112;48.8737;2.25679;48.8498;2.32545;14
12:19:37.893;48.8619;2.29112;48.8738;2.25679;48.8499;2.32545;14
12:19:37.963;48.8596;2.2919;48.8715;2.25757;48.8476;2.32623;14
12:19:37.963;48.8591;2.29146;48.8711;2.25713;48.8472;2.32579;14
12:19:38.094;48.8579;2.28975;48.8698;2.25542;48.8459;2.32408;14
12:19:38.094;48.8576;2.28975;48.8695;2.25542;48.8456;2.32408;14
12:19:38.232;48.8566;2.28975;48.8685;2.25542;48.8446;2.32408;14
12:19:38.232;48.8558;2.29008;48.8678;2.25575;48.8439;2.32442;14
12:19:38.325;48.8558;2.29027;48.8677;2.25594;48.8438;2.3246;14
12:19:38.458;48.8556;2.29044;48.8675;2.2561;48.8437;2.32477;14
12:19:38.458;48.8555;2.29044;48.8675;2.2561;48.8436;2.32477;14
12:19:38.593;48.8557;2.29053;48.8676;2.2562;48.8437;2.32486;14
12:19:38.593;48.8556;2.2907;48.8675;2.25636;48.8437;2.32503;14
12:19:38.734;48.8559;2.29112;48.8678;2.25679;48.8439;2.32545;14
12:19:38.734;48.856;2.29129;48.868;2.25696;48.8441;2.32562;14
12:19:38.866;48.8561;2.2919;48.868;2.25757;48.8441;2.32623;14
12:19:38.866;48.8561;2.29214;48.868;2.25781;48.8441;2.32648;14
12:19:38.959;48.8561;2.29233;48.868;2.258;48.8441;2.32666;14
12:19:56.908;48.8558;2.29198;48.8677;2.25764;48.8438;2.32631;14
12:19:56.968;48.8548;2.2919;48.8668;2.25757;48.8429;2.32623;14
12:19:56.968;48.8546;2.2919;48.8666;2.25757;48.8427;2.32623;14
12:19:57.101;48.8535;2.29155;48.8655;2.25722;48.8416;2.32588;14
12:19:57.101;48.8531;2.29138;48.8651;2.25705;48.8412;2.32571;14
12:19:57.235;48.8526;2.29155;48.8646;2.25722;48.8407;2.32588;14
12:19:57.235;48.8525;2.29172;48.8644;2.25739;48.8405;2.32605;14
12:19:57.364;48.8523;2.29198;48.8642;2.25764;48.8403;2.32631;14
12:19:57.364;48.8527;2.29146;48.8647;2.25713;48.8408;2.32579;14
12:20:00.197;48.8527;2.29164;48.8646;2.25731;48.8407;2.32597;14
12:20:00.197;48.8523;2.29129;48.8643;2.25696;48.8404;2.32562;14
12:20:00.289;48.8519;2.28992;48.8638;2.25558;48.8399;2.32425;14
12:20:00.290;48.8516;2.28854;48.8635;2.25421;48.8396;2.32288;14
12:20:00.423;48.8509;2.28752;48.8628;2.25319;48.8389;2.32185;14
12:20:00.423;48.8508;2.28769;48.8628;2.25336;48.8389;2.32202;14
12:20:00.554;48.8507;2.28795;48.8626;2.25362;48.8387;2.32228;14
12:20:00.555;48.8507;2.28821;48.8626;2.25388;48.8387;2.32254;14
12:20:00.684;48.8506;2.28821;48.8626;2.25388;48.8387;2.32254;14
12:20:00.685;48.8506;2.28828;48.8626;2.25395;48.8387;2.32262;14
12:20:00.815;48.8505;2.28847;48.8625;2.25414;48.8386;2.3228;14
12:20:00.815;48.8505;2.28854;48.8625;2.25421;48.8386;2.32288;14
12:20:00.906;48.8504;2.2888;48.8623;2.25447;48.8384;2.32314;14
12:20:01.001;48.8504;2.28889;48.8623;2.25456;48.8384;2.32323;14
12:20:01.135;48.8504;2.28932;48.8624;2.25499;48.8385;2.32365;14
12:20:01.136;48.8505;2.29018;48.8625;2.25584;48.8386;2.32451;14
12:20:01.322;48.8528;2.29489;48.8648;2.26056;48.8409;2.32922;14
12:20:01.323;48.854;2.29619;48.866;2.26186;48.8421;2.33052;14
12:20:01.774;48.855;2.29799;48.8669;2.26366;48.843;2.33232;14
12:20:01.775;48.8551;2.29832;48.867;2.26399;48.8432;2.33266;14
12:20:01.775;48.8554;2.29893;48.8673;2.2646;48.8434;2.33327;14
12:20:01.775;48.8555;2.2991;48.8675;2.26477;48.8436;2.33344;14
12:20:01.775;48.8557;2.29884;48.8677;2.26451;48.8438;2.33318;14
12:20:02.640;48.8557;2.29868;48.8677;2.26434;48.8438;2.33301;14
12:20:02.709;48.856;2.29439;48.868;2.26006;48.8441;2.32872;14
12:20:02.709;48.8556;2.2925;48.8675;2.25816;48.8437;2.32683;14
12:20:02.843;48.8528;2.28958;48.8647;2.25525;48.8408;2.32391;14
12:20:02.844;48.8523;2.28932;48.8643;2.25499;48.8404;2.32365;14
12:20:02.980;48.8506;2.28795;48.8625;2.25362;48.8386;2.32228;14
12:20:02.980;48.85;2.28734;48.8619;2.25301;48.838;2.32167;14
12:20:03.287;48.8484;2.28615;48.8604;2.25182;48.8365;2.32048;14
12:20:03.287;48.8469;2.28572;48.8589;2.25139;48.835;2.32005;14
12:20:03.333;48.846;2.28537;48.8579;2.25104;48.834;2.3197;14
12:20:03.333;48.8459;2.28537;48.8578;2.25104;48.834;2.3197;14
12:20:03.436;48.8461;2.28537;48.8581;2.25104;48.8342;2.3197;14
12:20:04.788;48.846;2.28537;48.8579;2.25104;48.834;2.3197;14
12:20:04.867;48.848;2.28615;48.8599;2.25182;48.836;2.32048;14
12:20:04.868;48.8483;2.28615;48.8602;2.25182;48.8363;2.32048;14
12:20:05.008;48.849;2.28674;48.861;2.25241;48.8371;2.32108;14
12:20:05.009;48.8492;2.287;48.8612;2.25267;48.8373;2.32133;14
12:20:05.143;48.8496;2.2876;48.8616;2.25327;48.8377;2.32193;14
12:20:05.144;48.8497;2.28778;48.8617;2.25345;48.8378;2.32211;14
12:20:05.296;48.8499;2.28778;48.8619;2.25345;48.838;2.32211;14
12:20:05.297;48.8501;2.28786;48.862;2.25352;48.8381;2.32219;14
12:20:05.433;48.8499;2.28854;48.8619;2.25421;48.838;2.32288;14
12:20:05.433;48.8499;2.28864;48.8619;2.2543;48.838;2.32297;14
12:20:05.563;48.8502;2.28975;48.8621;2.25542;48.8382;2.32408;14
12:20:05.563;48.8502;2.29018;48.8621;2.25584;48.8382;2.32451;14
12:20:05.652;48.8502;2.29018;48.8621;2.25584;48.8382;2.32451;14
12:20:08.146;48.8502;2.29034;48.8621;2.25601;48.8382;2.32468;14
12:20:08.146;48.8509;2.29095;48.8629;2.25662;48.839;2.32529;14
12:20:08.205;48.8525;2.29146;48.8644;2.25713;48.8405;2.32579;14
12:20:08.206;48.8526;2.29164;48.8645;2.25731;48.8406;2.32597;14
12:20:08.528;48.8528;2.2919;48.8648;2.25757;48.8409;2.32623;14
12:20:08.528;48.853;2.29214;48.8649;2.25781;48.841;2.32648;14
12:20:08.636;48.8536;2.29224;48.8656;2.2579;48.8417;2.32657;14
12:20:08.636;48.8541;2.2924;48.866;2.25807;48.8421;2.32674;14
12:20:08.695;48.8544;2.29301;48.8664;2.25868;48.8425;2.32735;14
12:20:08.695;48.8545;2.29309;48.8664;2.25876;48.8425;2.32742;14
12:20:08.831;48.8546;2.29309;48.8665;2.25876;48.8427;2.32742;14
12:20:15.378;48.8546;2.29309;48.8665;2.25876;48.8427;2.32742;14
12:20:15.379;48.8549;2.29396;48.8668;2.25963;48.8429;2.32829;14
12:20:15.479;48.8561;2.29764;48.8681;2.26331;48.8442;2.33197;14
12:20:15.479;48.8563;2.29808;48.8682;2.26375;48.8443;2.33241;14
12:20:15.994;48.8568;2.29988;48.8687;2.26555;48.8448;2.33421;14
12:20:15.994;48.8568;2.30022;48.8688;2.26588;48.8449;2.33455;14
12:20:15.994;48.857;2.30185;48.869;2.26752;48.8451;2.33618;14
12:20:15.994;48.857;2.30296;48.869;2.26863;48.8451;2.3373;14
12:20:15.994;48.8571;2.30434;48.869;2.27;48.8451;2.33867;14
12:20:15.995;48.8569;2.30563;48.8689;2.2713;48.845;2.33997;14
12:20:16.156;48.8567;2.30708;48.8687;2.27275;48.8448;2.34142;14
12:20:16.156;48.8568;2.30675;48.8687;2.27242;48.8448;2.34108;14
12:20:16.261;48.8568;2.30632;48.8688;2.27199;48.8449;2.34065;14
12:20:17.324;48.8568;2.30632;48.8628;2.28915;48.8509;2.32349;15
12:20:18.362;48.8568;2.30649;48.8628;2.28932;48.8509;2.32365;15
12:20:18.363;48.8575;2.30782;48.8635;2.29065;48.8516;2.32498;15
12:20:18.675;48.8583;2.30898;48.8643;2.29181;48.8523;2.32614;15
12:20:18.676;48.8587;2.30936;48.8647;2.29219;48.8527;2.32652;15
12:20:18.909;48.8589;2.30954;48.8648;2.29236;48.8529;2.32669;15
12:20:19.809;48.8589;2.30962;48.8648;2.29245;48.8529;2.32678;15
12:20:19.809;48.8584;2.3103;48.8643;2.29314;48.8524;2.32747;15
12:20:20.120;48.8583;2.31039;48.8643;2.29323;48.8523;2.32756;15
12:20:20.121;48.8581;2.31052;48.864;2.29335;48.8521;2.32768;15
12:20:20.393;48.8582;2.31047;48.8642;2.2933;48.8522;2.32764;15
12:20:20.393;48.8583;2.31044;48.8643;2.29327;48.8523;2.32761;15
12:20:21.854;48.8583;2.31044;48.8642;2.29327;48.8523;2.32761;15
12:20:22.167;48.8582;2.30992;48.8642;2.29276;48.8522;2.32709;15
12:20:22.167;48.8575;2.31013;48.8635;2.29297;48.8515;2.3273;15
12:20:22.284;48.8579;2.30971;48.8639;2.29254;48.8519;2.32687;15
12:20:27.112;48.8579;2.30971;48.8609;2.30112;48.8549;2.31828;16
12:20:28.470;48.8579;2.30972;48.8609;2.30115;48.8549;2.31831;16
12:20:28.470;48.8579;2.30988;48.8609;2.3013;48.8549;2.31845;16
12:20:28.767;48.8574;2.31084;48.8604;2.30226;48.8545;2.31943;16
12:20:28.767;48.8571;2.31131;48.86;2.30273;48.8541;2.3199;16
12:20:29.142;48.8566;2.31172;48.8596;2.30313;48.8536;2.3203;16
12:20:29.143;48.8564;2.31206;48.8594;2.30348;48.8534;2.32065;16
12:20:29.394;48.8563;2.31219;48.8593;2.3036;48.8533;2.32077;16
12:20:29.395;48.8563;2.31219;48.8593;2.3036;48.8533;2.32077;16
12:20:29.642;48.8563;2.31219;48.8593;2.3036;48.8533;2.32077;16
12:20:29.642;48.8563;2.31221;48.8593;2.30363;48.8533;2.3208;16
12:20:34.476;48.8563;2.31221;48.8593;2.30363;48.8533;2.3208;16
12:20:34.921;48.8564;2.3123;48.8593;2.30371;48.8534;2.32088;16
12:20:34.922;48.8564;2.3123;48.8594;2.30371;48.8534;2.32088;16
12:20:34.922;48.8564;2.3123;48.8594;2.30371;48.8534;2.32088;16
12:20:35.189;48.8564;2.31224;48.8594;2.30365;48.8534;2.32082;16
12:20:35.190;48.8564;2.31224;48.8594;2.30365;48.8534;2.32082;16
12:20:35.468;48.8565;2.31215;48.8594;2.30357;48.8535;2.32074;16
12:20:35.469;48.8565;2.31213;48.8595;2.30354;48.8535;2.32071;16
12:20:35.750;48.8567;2.31163;48.8597;2.30305;48.8537;2.32022;16
12:20:35.750;48.8569;2.31126;48.8599;2.30269;48.854;2.31985;16
12:20:35.887;48.8568;2.3114;48.8598;2.30281;48.8538;2.31998;16
12:21:08.736;48.8568;2.3114;48.8598;2.30281;48.8539;2.31998;16
12:21:09.072;48.8566;2.31004;48.8596;2.30147;48.8536;2.31863;16
12:21:09.073;48.8561;2.30849;48.8591;2.2999;48.8531;2.31706;16
12:21:09.404;48.8555;2.30667;48.8585;2.2981;48.8525;2.31526;16
12:21:09.404;48.855;2.30542;48.858;2.29683;48.852;2.314;16
12:21:11.401;48.855;2.30542;48.861;2.28824;48.8491;2.32257;15
12:21:12.494;48.855;2.30554;48.861;2.28838;48.8491;2.32271;15
12:21:12.494;48.8554;2.3049;48.8614;2.28773;48.8495;2.32207;15
12:21:12.766;48.8559;2.30258;48.8618;2.28542;48.8499;2.31975;15
12:21:12.767;48.856;2.30211;48.862;2.28494;48.8501;2.31927;15
12:21:13.112;48.8561;2.30206;48.8621;2.2849;48.8502;2.31923;15
12:21:13.112;48.856;2.30211;48.862;2.28494;48.8501;2.31927;15
12:21:13.112;48.8561;2.30194;48.8621;2.28477;48.8502;2.31911;15
12:21:14.168;48.8561;2.30211;48.8621;2.28494;48.8501;2.31927;15
12:21:14.169;48.8552;2.30237;48.8611;2.2852;48.8492;2.31953;15
12:21:14.414;48.855;2.30263;48.861;2.28546;48.8491;2.31979;15
12:21:14.415;48.8551;2.30258;48.8611;2.28542;48.8491;2.31975;15
12:21:14.509;48.8554;2.30263;48.8614;2.28546;48.8494;2.31979;15
12:21:17.594;48.8554;2.30339;48.8614;2.28622;48.8495;2.32056;15
12:21:17.827;48.8559;2.30434;48.8619;2.28717;48.85;2.3215;15
12:21:17.828;48.8561;2.3049;48.862;2.28773;48.8501;2.32207;15
12:21:18.157;48.8563;2.30559;48.8622;2.28842;48.8503;2.32275;15
12:21:18.157;48.8563;2.30585;48.8622;2.28868;48.8503;2.32301;15
12:21:18.415;48.8563;2.30588;48.8622;2.28871;48.8503;2.32304;15
12:21:18.415;48.8563;2.30597;48.8622;2.2888;48.8503;2.32314;15
12:21:18.709;48.8564;2.30635;48.8624;2.28918;48.8504;2.32352;15
12:21:18.710;48.8564;2.30661;48.8624;2.28944;48.8504;2.32378;15
12:21:18.833;48.8562;2.30606;48.8621;2.28889;48.8502;2.32323;15
12:21:24.277;48.8562;2.30649;48.8621;2.28932;48.8502;2.32365;15
12:21:24.537;48.8559;2.30701;48.8618;2.28984;48.8499;2.32417;15
12:21:24.538;48.8559;2.30722;48.8618;2.29005;48.8499;2.32439;15
12:21:24.660;48.8557;2.30704;48.8617;2.28987;48.8498;2.3242;15
12:21:32.411;48.8556;2.30692;48.8616;2.28975;48.8496;2.32408;15
12:21:32.411;48.8549;2.30507;48.8609;2.2879;48.849;2.32224;15
12:21:32.630;48.8547;2.30374;48.8607;2.28658;48.8488;2.32091;15
12:21:32.630;48.8547;2.30339;48.8607;2.28622;48.8488;2.32056;15
12:21:32.903;48.8546;2.30318;48.8606;2.28601;48.8486;2.32034;15
12:21:32.903;48.8544;2.30254;48.8604;2.28537;48.8484;2.3197;15
12:21:33.185;48.8542;2.30176;48.8602;2.28459;48.8482;2.31892;15
12:21:33.185;48.8541;2.30147;48.86;2.2843;48.8481;2.31863;15
12:21:33.414;48.8541;2.30147;48.8601;2.2843;48.8481;2.31863;15
12:21:33.414;48.8541;2.30133;48.8601;2.28416;48.8481;2.3185;15
12:21:33.530;48.8543;2.30104;48.8603;2.28387;48.8484;2.31821;15
12:21:35.004;48.8544;2.30133;48.8604;2.28416;48.8484;2.3185;15
12:21:35.262;48.8551;2.3031;48.8611;2.28593;48.8491;2.32027;15
12:21:35.262;48.8554;2.30344;48.8614;2.28627;48.8494;2.3206;15
12:21:35.529;48.8554;2.30357;48.8614;2.28641;48.8495;2.32074;15
12:21:35.529;48.8554;2.30365;48.8614;2.28648;48.8495;2.32082;15
12:21:35.757;48.8554;2.30379;48.8614;2.28662;48.8495;2.32095;15
12:21:35.757;48.8553;2.30357;48.8613;2.28641;48.8494;2.32074;15
12:21:35.861;48.8554;2.30334;48.8613;2.28619;48.8494;2.32053;15
12:21:42.075;48.8554;2.30348;48.8614;2.28632;48.8495;2.32065;15
12:21:42.295;48.8545;2.30194;48.8605;2.28477;48.8485;2.31911;15
12:21:42.295;48.8545;2.3018;48.8605;2.28464;48.8485;2.31897;15
12:21:42.589;48.8544;2.30176;48.8603;2.28459;48.8484;2.31892;15
12:21:42.589;48.8543;2.3018;48.8602;2.28464;48.8483;2.31897;15
12:21:42.840;48.8542;2.30151;48.8602;2.28435;48.8482;2.31868;15
12:21:42.841;48.8542;2.30151;48.8602;2.28435;48.8482;2.31868;15
12:21:43.086;48.8542;2.30164;48.8601;2.28447;48.8482;2.3188;15
12:21:43.086;48.854;2.30168;48.86;2.28452;48.8481;2.31885;15
12:21:43.347;48.854;2.30168;48.86;2.28452;48.848;2.31885;15
12:21:43.347;48.854;2.30173;48.86;2.28456;48.848;2.31889;15
12:21:43.667;48.854;2.30151;48.86;2.28435;48.8481;2.31868;15
12:21:43.668;48.854;2.30125;48.86;2.28409;48.848;2.31842;15
12:21:43.668;48.8538;2.30086;48.8598;2.28369;48.8478;2.31802;15
12:21:43.891;48.8536;2.30086;48.8596;2.28369;48.8477;2.31802;15
12:21:43.892;48.8536;2.30083;48.8596;2.28366;48.8476;2.31799;15
12:21:44.089;48.8537;2.3006;48.8597;2.28345;48.8477;2.31778;15
12:21:44.090;48.8538;2.30043;48.8598;2.28326;48.8478;2.3176;15
12:21:46.085;48.8539;2.30069;48.8599;2.28352;48.8479;2.31786;15
12:21:46.332;48.8548;2.30194;48.8608;2.28477;48.8488;2.31911;15
12:21:46.333;48.8551;2.30244;48.8611;2.28528;48.8492;2.31961;15
12:21:46.573;48.8553;2.3027;48.8612;2.28554;48.8493;2.31987;15
12:21:46.574;48.8553;2.30258;48.8612;2.28542;48.8493;2.31975;15
12:21:46.657;48.8554;2.30241;48.8613;2.28525;48.8494;2.31958;15
12:21:53.462;48.8554;2.30237;48.8613;2.2852;48.8494;2.31953;15
12:21:53.462;48.8557;2.30249;48.8616;2.28532;48.8497;2.31966;15
12:21:53.839;48.8573;2.30469;48.8633;2.28752;48.8514;2.32185;15
12:21:53.840;48.8588;2.30725;48.8648;2.29008;48.8528;2.32442;15
12:21:54.144;48.8589;2.30777;48.8648;2.2906;48.8529;2.32494;15
12:21:54.144;48.8588;2.30782;48.8648;2.29065;48.8529;2.32498;15
12:21:54.391;48.8588;2.30794;48.8648;2.29077;48.8528;2.3251;15
12:21:54.391;48.8587;2.30777;48.8646;2.2906;48.8527;2.32494;15
12:22:13.249;48.8585;2.30791;48.8645;2.29074;48.8525;2.32507;15
12:22:13.250;48.8577;2.30602;48.8636;2.28885;48.8517;2.32318;15
12:22:13.489;48.8559;2.30447;48.8619;2.28731;48.8499;2.32164;15
12:22:13.490;48.8549;2.30331;48.8609;2.28615;48.8489;2.32048;15
12:22:13.755;48.8546;2.30284;48.8606;2.28568;48.8487;2.32001;15
12:22:13.755;48.8547;2.30263;48.8606;2.28546;48.8487;2.31979;15
12:22:13.837;48.8545;2.30267;48.8605;2.28549;48.8486;2.31982;15
