12:12:30.525;48.8549;2.34764;48.9027;2.21031;48.8072;2.48497;12
12:12:30.615;48.8556;2.34866;48.9034;2.21133;48.8078;2.48599;12
12:12:31.965;48.8556;2.34866;48.8795;2.28;48.8317;2.41733;13
12:12:32.494;48.8556;2.34866;48.8676;2.31433;48.8437;2.383;14
12:12:32.922;48.8565;2.33382;48.8685;2.29948;48.8446;2.36815;14
12:12:32.923;48.8567;2.3188;48.8686;2.28447;48.8447;2.35313;14
12:12:34.993;48.8566;2.31691;48.8685;2.28258;48.8446;2.35124;14
12:12:34.993;48.8554;2.3134;48.8673;2.27907;48.8434;2.34773;14
12:12:35.946;48.8554;2.3134;48.8673;2.27907;48.8434;2.34773;14
12:12:35.946;48.8556;2.3134;48.8675;2.27907;48.8436;2.34773;14
12:12:36.027;48.8551;2.31245;48.867;2.27812;48.8431;2.34679;14
12:12:37.001;48.8548;2.31194;48.8668;2.2776;48.8429;2.34627;14
12:12:37.001;48.8531;2.30978;48.865;2.27545;48.8411;2.34412;14
12:12:37.096;48.8499;2.30713;48.8618;2.2728;48.8379;2.34146;14
12:12:37.097;48.8489;2.30627;48.8608;2.27194;48.8369;2.34061;14
12:12:37.204;48.8479;2.3055;48.8599;2.27116;48.836;2.33983;14
12:12:39.591;48.8479;2.3055;48.8539;2.28833;48.842;2.32266;15
12:12:40.496;48.849;2.3006;48.855;2.28345;48.8431;2.31778;15
12:12:40.496;48.8491;2.29996;48.855;2.28279;48.8431;2.31712;15
12:12:41.617;48.8492;2.29984;48.8552;2.28267;48.8432;2.317;15
12:12:41.618;48.8499;2.2991;48.8559;2.28194;48.844;2.31627;15
12:12:41.666;48.8511;2.29808;48.8571;2.28091;48.8452;2.31525;15
12:12:42.406;48.8513;2.29785;48.8573;2.2807;48.8454;2.31503;15
12:12:42.406;48.8524;2.29674;48.8584;2.27957;48.8464;2.3139;15
12:12:42.516;48.8547;2.29572;48.8607;2.27855;48.8487;2.31288;15
12:12:43.077;48.8548;2.29555;48.8608;2.27838;48.8489;2.31271;15
12:12:43.077;48.8559;2.29413;48.8619;2.27696;48.8499;2.31129;15
12:12:43.345;48.8567;2.29344;48.8627;2.27628;48.8507;2.31061;15
12:12:43.345;48.8569;2.29323;48.8629;2.27606;48.851;2.31039;15
12:12:43.577;48.8571;2.29318;48.863;2.27602;48.8511;2.31035;15
12:12:43.577;48.8571;2.29318;48.8631;2.27602;48.8511;2.31035;15
12:12:43.819;48.8573;2.29314;48.8632;2.27597;48.8513;2.3103;15
12:12:43.819;48.8573;2.29314;48.8632;2.27597;48.8513;2.3103;15
12:12:44.093;48.8565;2.29352;48.8625;2.27635;48.8506;2.31068;15
12:12:44.093;48.8564;2.29361;48.8624;2.27644;48.8505;2.31078;15
12:12:44.174;48.8564;2.29366;48.8624;2.27649;48.8504;2.31082;15
12:12:55.356;48.8564;2.2937;48.8624;2.27654;48.8504;2.31087;15
12:12:55.357;48.8566;2.2951;48.8626;2.27795;48.8507;2.31229;15
12:12:56.177;48.8564;2.29529;48.8624;2.27812;48.8504;2.31245;15
12:12:56.177;48.8532;2.29761;48.8592;2.28044;48.8472;2.31477;15
12:12:57.387;48.8535;2.29752;48.8595;2.28035;48.8475;2.31468;15
12:12:57.388;48.8552;2.29735;48.8612;2.28018;48.8493;2.31451;15
12:13:29.837;48.8551;2.29726;48.8611;2.28009;48.8491;2.31442;15
12:13:29.837;48.8553;2.29572;48.8613;2.27855;48.8493;2.31288;15
12:13:30.468;48.8553;2.29584;48.8613;2.27867;48.8493;2.313;15
12:13:30.469;48.8561;2.29945;48.8621;2.28229;48.8501;2.31662;15
12:13:30.601;48.8574;2.30292;48.8634;2.28575;48.8514;2.32008;15
12:13:31.617;48.8574;2.30292;48.8634;2.28575;48.8515;2.32008;15
12:13:31.617;48.8574;2.30322;48.8634;2.28606;48.8514;2.32039;15
12:13:31.864;48.8575;2.30405;48.8635;2.28687;48.8515;2.3212;15
12:13:31.864;48.8575;2.3046;48.8635;2.28743;48.8516;2.32176;15
12:13:32.009;48.8574;2.30476;48.8634;2.2876;48.8515;2.32193;15
12:13:32.311;48.8574;2.30481;48.8634;2.28764;48.8515;2.32198;15
12:13:32.311;48.8575;2.30495;48.8634;2.28778;48.8515;2.32211;15
12:13:37.568;48.8575;2.30495;48.8635;2.28778;48.8516;2.32211;15
12:13:37.568;48.858;2.30502;48.8639;2.28786;48.852;2.32219;15
12:13:38.540;48.8579;2.30519;48.8638;2.28802;48.8519;2.32236;15
12:13:38.540;48.8573;2.30644;48.8632;2.28928;48.8513;2.32361;15
12:13:38.785;48.8567;2.30798;48.8627;2.29082;48.8507;2.32515;15
12:13:38.785;48.8564;2.3085;48.8624;2.29134;48.8504;2.32567;15
12:13:38.933;48.8566;2.30919;48.8626;2.29202;48.8507;2.32635;15
12:13:47.417;48.8568;2.30907;48.8628;2.2919;48.8508;2.32623;15
12:13:47.417;48.8579;2.30859;48.8639;2.29143;48.8519;2.32576;15
12:13:48.540;48.8579;2.30859;48.8639;2.29143;48.8519;2.32576;15
12:13:48.541;48.8585;2.30872;48.8645;2.29155;48.8526;2.32588;15
12:13:49.043;48.8591;2.30888;48.865;2.29172;48.8531;2.32605;15
12:13:49.043;48.8594;2.30898;48.8654;2.29181;48.8535;2.32614;15
12:13:49.044;48.8595;2.30898;48.8655;2.29181;48.8535;2.32614;15
12:13:50.088;48.8595;2.30898;48.8654;2.29181;48.8535;2.32614;15
12:13:50.088;48.8582;2.30803;48.8642;2.29086;48.8522;2.3252;15
12:13:50.449;48.8566;2.30635;48.8626;2.28918;48.8507;2.32352;15
12:13:50.449;48.8557;2.30537;48.8616;2.28821;48.8497;2.32254;15
12:13:50.674;48.855;2.3046;48.861;2.28743;48.849;2.32176;15
12:13:50.674;48.8548;2.3045;48.8608;2.28734;48.8489;2.32167;15
12:13:50.841;48.8548;2.30434;48.8608;2.28717;48.8488;2.3215;15
12:13:51.361;48.8548;2.30412;48.8608;2.28696;48.8488;2.32129;15
12:13:51.361;48.8546;2.30138;48.8606;2.28421;48.8486;2.31854;15
12:13:51.481;48.8548;2.30038;48.8607;2.28322;48.8488;2.31755;15
12:13:52.110;48.8548;2.30043;48.8608;2.28326;48.8488;2.3176;15
12:13:52.111;48.8549;2.30048;48.8609;2.28331;48.849;2.31764;15
12:14:00.187;48.855;2.30064;48.861;2.28348;48.849;2.31781;15
12:14:00.188;48.8555;2.30083;48.8615;2.28366;48.8496;2.31799;15
12:14:00.421;48.8565;2.30211;48.8625;2.28494;48.8506;2.31927;15
12:14:00.421;48.8571;2.3027;48.8631;2.28554;48.8512;2.31987;15
12:14:00.702;48.8576;2.3036;48.8635;2.28644;48.8516;2.32077;15
12:14:00.702;48.8578;2.30396;48.8637;2.28679;48.8518;2.32112;15
12:14:00.845;48.8578;2.30438;48.8637;2.28722;48.8518;2.32155;15
12:14:01.421;48.8577;2.30472;48.8636;2.28757;48.8517;2.3219;15
12:14:01.421;48.8579;2.30576;48.8639;2.28859;48.8519;2.32292;15
12:14:01.640;48.8588;2.30713;48.8647;2.28996;48.8528;2.3243;15
12:14:07.342;48.8585;2.30772;48.8644;2.29056;48.8525;2.32489;15
12:14:07.343;48.8583;2.30824;48.8643;2.29108;48.8523;2.32541;15
12:14:08.240;48.8583;2.30867;48.8643;2.2915;48.8523;2.32584;15
12:14:08.240;48.8579;2.31044;48.8638;2.29327;48.8519;2.32761;15
12:14:08.340;48.8578;2.31044;48.8638;2.29327;48.8518;2.32761;15
12:14:09.193;48.8577;2.31044;48.8637;2.29327;48.8517;2.32761;15
12:14:09.193;48.856;2.30794;48.862;2.29077;48.8501;2.3251;15
12:14:09.294;48.8552;2.30675;48.8612;2.28958;48.8493;2.32391;15
12:14:10.818;48.855;2.30682;48.861;2.28966;48.8491;2.32399;15
12:14:10.819;48.8544;2.30511;48.8604;2.28795;48.8484;2.32228;15
12:14:11.520;48.8544;2.30502;48.8604;2.28786;48.8484;2.32219;15
12:14:11.521;48.8538;2.30197;48.8597;2.28482;48.8478;2.31915;15
12:14:11.575;48.8529;2.2988;48.8589;2.28163;48.8469;2.31596;15
12:14:12.231;48.8529;2.2988;48.8589;2.28163;48.8469;2.31596;15
12:14:12.231;48.8551;2.29832;48.8611;2.28116;48.8492;2.31549;15
12:14:12.326;48.8576;2.29747;48.8636;2.2803;48.8516;2.31464;15
12:14:13.595;48.8573;2.29721;48.8633;2.28004;48.8513;2.31438;15
12:14:13.595;48.8557;2.29323;48.8617;2.27606;48.8497;2.31039;15
12:14:13.865;48.8556;2.29013;48.8615;2.27296;48.8496;2.3073;15
12:14:13.866;48.8552;2.2894;48.8611;2.27223;48.8492;2.30656;15
12:14:14.504;48.8555;2.28915;48.8615;2.27199;48.8496;2.30632;15
12:14:14.505;48.8573;2.28807;48.8633;2.2709;48.8514;2.30524;15
12:14:14.601;48.8585;2.28738;48.8645;2.27022;48.8525;2.30455;15
12:14:16.809;48.8583;2.28738;48.8643;2.27022;48.8523;2.30455;15
12:14:16.809;48.8576;2.28679;48.8636;2.26962;48.8516;2.30396;15
12:14:17.050;48.8575;2.2867;48.8635;2.26953;48.8515;2.30386;15
12:14:17.051;48.8565;2.28568;48.8625;2.26851;48.8505;2.30284;15
12:14:17.808;48.8562;2.2858;48.8622;2.26863;48.8502;2.30296;15
12:14:17.809;48.8539;2.28821;48.8599;2.27104;48.848;2.30537;15
12:14:17.903;48.8536;2.28876;48.8595;2.27159;48.8476;2.30592;15
12:14:18.778;48.8535;2.28876;48.8595;2.27159;48.8476;2.30592;15
12:14:18.779;48.8531;2.29266;48.8591;2.2755;48.8471;2.30983;15
12:14:18.851;48.8533;2.29555;48.8593;2.27838;48.8474;2.31271;15
12:14:19.176;48.8533;2.29576;48.8593;2.27859;48.8474;2.31293;15
12:14:19.176;48.8521;2.297;48.8581;2.27983;48.8461;2.31416;15
12:14:19.457;48.849;2.29584;48.855;2.27867;48.843;2.313;15
12:14:19.457;48.8483;2.29533;48.8543;2.27817;48.8423;2.3125;15
12:14:20.035;48.8482;2.2951;48.8542;2.27795;48.8423;2.31229;15
12:14:20.035;48.8491;2.2906;48.8551;2.27344;48.8432;2.30777;15
12:14:20.107;48.85;2.2879;48.8559;2.27074;48.844;2.30507;15
12:14:20.644;48.8502;2.28734;48.8562;2.27017;48.8442;2.3045;15
12:14:20.645;48.8511;2.28177;48.857;2.2646;48.8451;2.29893;15
12:14:21.316;48.8512;2.28156;48.8572;2.26439;48.8452;2.29872;15
12:14:21.317;48.8531;2.27936;48.8591;2.26219;48.8472;2.29652;15
12:14:21.674;48.8562;2.28009;48.8621;2.26292;48.8502;2.29726;15
12:14:22.495;48.8563;2.2803;48.8623;2.26314;48.8504;2.29747;15
12:14:22.496;48.8599;2.28456;48.8659;2.2674;48.8539;2.30173;15
12:14:23.041;48.8602;2.28503;48.8662;2.26787;48.8542;2.3022;15
12:14:23.042;48.8623;2.28894;48.8683;2.27176;48.8563;2.30609;15
12:14:23.245;48.8634;2.29086;48.8693;2.2737;48.8574;2.30803;15
12:14:23.807;48.8637;2.29146;48.8696;2.27429;48.8577;2.30862;15
12:14:23.807;48.8671;2.29652;48.8731;2.27936;48.8611;2.31369;15
12:14:23.962;48.8675;2.29726;48.8735;2.28009;48.8616;2.31442;15
12:14:24.623;48.8675;2.29726;48.8735;2.28009;48.8616;2.31442;15
12:14:24.623;48.8673;2.30429;48.8733;2.28712;48.8613;2.32146;15
12:14:24.623;48.8672;2.30554;48.8732;2.28838;48.8612;2.32271;15
12:14:25.147;48.8673;2.30606;48.8732;2.28889;48.8613;2.32323;15
12:14:25.147;48.8661;2.31335;48.8721;2.29619;48.8601;2.33052;15
12:14:25.747;48.8661;2.31366;48.8721;2.29648;48.8602;2.33081;15
12:14:25.747;48.8661;2.31927;48.8721;2.30211;48.8602;2.33644;15
12:14:26.362;48.8661;2.3194;48.8721;2.30223;48.8602;2.33656;15
12:14:26.363;48.864;2.32635;48.87;2.30919;48.858;2.34352;15
12:14:27.424;48.8636;2.32597;48.8696;2.30881;48.8576;2.34314;15
12:14:27.425;48.8587;2.31889;48.8647;2.30173;48.8527;2.33606;15
12:14:28.197;48.8586;2.31854;48.8645;2.30138;48.8526;2.33571;15
12:14:28.197;48.8572;2.31627;48.8632;2.2991;48.8512;2.33344;15
12:14:28.297;48.8569;2.31596;48.8628;2.2988;48.8509;2.33313;15
12:14:28.954;48.8568;2.31596;48.8628;2.2988;48.8508;2.33313;15
12:14:29.381;48.855;2.31412;48.861;2.29695;48.849;2.33128;15
12:14:29.381;48.8531;2.31224;48.8591;2.29507;48.8472;2.32941;15
12:14:30.455;48.8531;2.31236;48.8591;2.2952;48.8472;2.32953;15
12:14:30.455;48.852;2.31499;48.8579;2.29782;48.846;2.33215;15
12:14:31.814;48.852;2.31499;48.8639;2.28065;48.84;2.34932;14
12:14:34.494;48.852;2.31499;48.8759;2.24632;48.8281;2.38365;13
12:14:35.485;48.8519;2.31516;48.8758;2.24649;48.828;2.38382;13
12:14:35.485;48.8516;2.31532;48.8755;2.24666;48.8278;2.38399;13
12:14:35.562;48.8507;2.31584;48.8746;2.24718;48.8268;2.38451;13
12:14:35.562;48.8494;2.31721;48.8733;2.24855;48.8255;2.38588;13
12:14:35.642;48.8475;2.32288;48.8713;2.25421;48.8236;2.39154;13
12:14:36.547;48.8475;2.32288;48.8713;2.25421;48.8236;2.39154;13
12:14:36.547;48.8472;2.32288;48.8711;2.25421;48.8233;2.39154;13
12:14:36.603;48.8446;2.32304;48.8685;2.25438;48.8207;2.39171;13
12:14:36.603;48.8429;2.32408;48.8668;2.25542;48.819;2.39275;13
12:14:36.695;48.841;2.3251;48.8649;2.25644;48.8171;2.39377;13
12:14:37.937;48.841;2.32631;48.8649;2.25764;48.8171;2.39497;13
12:14:37.937;48.8401;2.327;48.864;2.25833;48.8162;2.39566;13
12:14:38.171;48.831;2.32219;48.8549;2.25352;48.8071;2.39085;13
12:14:38.171;48.8278;2.31979;48.8517;2.25113;48.8039;2.38846;13
12:14:38.256;48.8247;2.31876;48.8487;2.25009;48.8008;2.38742;13
12:14:38.844;48.8247;2.31876;48.8487;2.25009;48.8008;2.38742;13
12:14:38.844;48.8237;2.31705;48.8476;2.24838;48.7998;2.38571;13
12:14:39.093;48.8224;2.31258;48.8463;2.24391;48.7985;2.38124;13
12:14:39.093;48.821;2.30571;48.8449;2.23705;48.7971;2.37437;13
12:14:39.177;48.8189;2.29919;48.8428;2.23053;48.795;2.36786;13
12:14:39.711;48.8189;2.29936;48.8428;2.2307;48.795;2.36803;13
12:14:39.711;48.8216;2.3009;48.8455;2.23224;48.7977;2.36957;13
12:14:40.015;48.8286;2.30708;48.8525;2.23842;48.8047;2.37575;13
12:14:40.016;48.8288;2.30708;48.8527;2.23842;48.8049;2.37575;13
12:14:40.392;48.8288;2.30606;48.8527;2.2374;48.8049;2.37473;13
12:14:40.393;48.826;2.30194;48.8499;2.23328;48.8021;2.37061;13
12:14:40.688;48.8166;2.28889;48.8405;2.22023;48.7927;2.35756;13
12:14:40.689;48.815;2.28632;48.8389;2.21765;48.7911;2.35498;13
12:14:41.217;48.815;2.28632;48.8389;2.21765;48.7911;2.35498;13
12:14:41.218;48.8139;2.28563;48.8378;2.21696;48.79;2.35429;13
12:14:41.436;48.8102;2.28116;48.8341;2.21249;48.7863;2.34982;13
12:14:41.437;48.8073;2.27722;48.8312;2.20856;48.7834;2.34589;13
12:14:41.624;48.8036;2.27223;48.8275;2.20357;48.7797;2.3409;13
12:14:41.624;48.8024;2.27017;48.8263;2.20151;48.7785;2.33884;13
12:14:42.179;48.8025;2.27017;48.8264;2.20151;48.7786;2.33884;13
12:14:42.179;48.8045;2.2719;48.8284;2.20323;48.7806;2.34056;13
12:14:42.303;48.8116;2.2791;48.8355;2.21043;48.7877;2.34776;13
12:14:42.303;48.8164;2.28374;48.8403;2.21507;48.7925;2.3524;13
12:14:42.420;48.8252;2.29266;48.8491;2.224;48.8013;2.36133;13
12:14:43.026;48.8252;2.29266;48.8491;2.224;48.8013;2.36133;13
12:14:43.027;48.829;2.29576;48.8529;2.2271;48.8051;2.36443;13
12:14:43.305;48.8396;2.3045;48.8634;2.23584;48.8157;2.37317;13
12:14:43.305;48.8431;2.30708;48.8669;2.23842;48.8192;2.37575;13
12:14:43.744;48.8449;2.304;48.8688;2.23534;48.821;2.37267;13
12:14:43.744;48.8458;2.30194;48.8697;2.23328;48.8219;2.37061;13
12:14:43.837;48.8468;2.29593;48.8707;2.22726;48.8229;2.36459;13
12:14:44.238;48.8468;2.29558;48.8707;2.22691;48.8229;2.36424;13
12:14:44.239;48.8478;2.29266;48.8717;2.224;48.8239;2.36133;13
12:14:44.354;48.8508;2.28185;48.8747;2.21318;48.827;2.35051;13
12:14:44.354;48.8512;2.28047;48.8751;2.21181;48.8273;2.34914;13
12:14:44.436;48.8515;2.27962;48.8754;2.21095;48.8276;2.34828;13
12:14:45.240;48.8515;2.27962;48.8754;2.21095;48.8276;2.34828;13
12:14:45.241;48.8515;2.27893;48.8754;2.21027;48.8276;2.3476;13
12:14:45.273;48.8545;2.27017;48.8783;2.20151;48.8306;2.33884;13
12:14:45.274;48.8557;2.26709;48.8796;2.19843;48.8318;2.33575;13
12:14:45.410;48.8576;2.26074;48.8815;2.19208;48.8337;2.32941;13
12:14:45.410;48.8588;2.25816;48.8826;2.1895;48.8349;2.32683;13
12:14:46.216;48.8588;2.25833;48.8826;2.18967;48.8349;2.327;13
12:14:46.246;48.8597;2.25575;48.8835;2.18709;48.8358;2.32442;13
12:14:46.246;48.86;2.25438;48.8839;2.18571;48.8361;2.32304;13
12:14:46.324;48.8609;2.25078;48.8848;2.18211;48.837;2.31944;13
12:14:46.324;48.861;2.24976;48.8849;2.18109;48.8371;2.31842;13
12:14:46.417;48.861;2.24734;48.8849;2.17868;48.8371;2.31601;13
12:14:46.417;48.8608;2.24718;48.8847;2.17851;48.8369;2.31584;13
12:14:46.496;48.8608;2.24701;48.8847;2.17834;48.8369;2.31567;13
12:14:46.496;48.8607;2.24701;48.8846;2.17834;48.8368;2.31567;13
12:14:46.576;48.8607;2.24683;48.8846;2.17816;48.8368;2.31549;13
12:14:46.650;48.8607;2.24632;48.8846;2.17766;48.8368;2.31499;13
12:14:49.552;48.8607;2.24632;48.8726;2.21199;48.8487;2.28065;14
12:14:50.576;48.8607;2.24632;48.8726;2.21199;48.8487;2.28065;14
12:14:50.576;48.8607;2.24417;48.8726;2.20984;48.8487;2.2785;14
12:14:50.652;48.8606;2.2428;48.8726;2.20847;48.8487;2.27713;14
12:14:50.973;48.8606;2.24263;48.8726;2.2083;48.8487;2.27696;14
12:14:50.974;48.8611;2.2422;48.8731;2.20787;48.8492;2.27654;14
12:14:51.213;48.8625;2.24263;48.8745;2.2083;48.8506;2.27696;14
12:14:51.214;48.864;2.24408;48.8759;2.20975;48.8521;2.27841;14
12:14:51.311;48.8645;2.24434;48.8765;2.21001;48.8526;2.27867;14
12:14:51.723;48.8648;2.24443;48.8767;2.2101;48.8529;2.27876;14
12:14:51.724;48.8671;2.24632;48.879;2.21199;48.8551;2.28065;14
12:14:52.012;48.8677;2.24675;48.8797;2.21242;48.8558;2.28108;14
12:14:52.013;48.8679;2.24692;48.8798;2.21259;48.856;2.28125;14
12:14:52.217;48.8699;2.24889;48.8819;2.21455;48.858;2.28322;14
12:14:52.217;48.8712;2.25035;48.8832;2.21602;48.8593;2.28468;14
12:14:52.463;48.8718;2.25078;48.8837;2.21645;48.8599;2.28511;14
12:14:52.463;48.872;2.25104;48.8839;2.21671;48.86;2.28537;14
12:14:52.604;48.8721;2.25172;48.884;2.21739;48.8601;2.28606;14
12:14:52.605;48.8721;2.25182;48.884;2.21748;48.8601;2.28615;14
12:14:53.809;48.8722;2.25139;48.8841;2.21706;48.8602;2.28572;14
12:14:53.809;48.8724;2.25018;48.8843;2.21585;48.8604;2.28452;14
12:14:54.054;48.8728;2.24864;48.8847;2.21431;48.8608;2.28297;14
12:14:54.054;48.8731;2.24803;48.885;2.2137;48.8612;2.28236;14
12:14:54.293;48.8737;2.24751;48.8857;2.21318;48.8618;2.28185;14
12:14:54.294;48.8738;2.24744;48.8858;2.2131;48.8619;2.28177;14
12:14:54.343;48.8739;2.24734;48.8858;2.21301;48.8619;2.28168;14
12:14:54.636;48.8737;2.2477;48.8856;2.21336;48.8617;2.28203;14
12:14:54.637;48.8719;2.24744;48.8838;2.2131;48.8599;2.28177;14
12:14:54.887;48.8679;2.24426;48.8798;2.20993;48.856;2.27859;14
12:14:54.887;48.8645;2.24152;48.8764;2.20718;48.8525;2.27585;14
12:14:55.113;48.8618;2.23936;48.8737;2.20503;48.8498;2.2737;14
12:14:55.997;48.8618;2.24048;48.8737;2.20615;48.8498;2.27481;14
12:14:55.997;48.8629;2.24374;48.8749;2.20941;48.851;2.27808;14
12:14:56.214;48.8646;2.24734;48.8765;2.21301;48.8526;2.28168;14
12:14:56.215;48.8653;2.25018;48.8773;2.21585;48.8534;2.28452;14
12:14:56.406;48.8659;2.25378;48.8779;2.21945;48.854;2.28812;14
12:14:56.406;48.8659;2.25352;48.8779;2.21919;48.854;2.28786;14
12:14:57.160;48.8659;2.25362;48.8778;2.21928;48.8539;2.28795;14
12:14:57.160;48.8652;2.25421;48.8771;2.21988;48.8532;2.28854;14
12:14:57.239;48.8638;2.2562;48.8757;2.22186;48.8518;2.29053;14
12:14:57.239;48.8628;2.25757;48.8747;2.22324;48.8508;2.2919;14
12:14:57.343;48.8625;2.2579;48.8744;2.22357;48.8505;2.29224;14
12:14:58.066;48.8625;2.2579;48.8744;2.22357;48.8505;2.29224;14
12:14:58.066;48.8623;2.2579;48.8742;2.22357;48.8503;2.29224;14
12:14:58.304;48.8614;2.25739;48.8733;2.22305;48.8495;2.29172;14
12:14:58.305;48.8606;2.2561;48.8726;2.22177;48.8487;2.29044;14
12:14:58.532;48.8575;2.25232;48.8695;2.21799;48.8456;2.28665;14
12:14:58.532;48.8563;2.25061;48.8682;2.21628;48.8443;2.28494;14
12:14:58.966;48.8547;2.24846;48.8666;2.21413;48.8428;2.28279;14
12:14:58.966;48.8545;2.24812;48.8664;2.21379;48.8425;2.28246;14
12:14:58.967;48.8537;2.24734;48.8656;2.21301;48.8417;2.28168;14
12:14:59.530;48.8537;2.24734;48.8656;2.21301;48.8417;2.28168;14
12:14:59.530;48.8537;2.24538;48.8656;2.21104;48.8417;2.27971;14
12:14:59.773;48.8543;2.24289;48.8662;2.20856;48.8424;2.27722;14
12:14:59.773;48.8547;2.24142;48.8666;2.20709;48.8428;2.27576;14
12:15:00.058;48.8561;2.23877;48.868;2.20444;48.8442;2.2731;14
12:15:00.058;48.8566;2.23851;48.8685;2.20418;48.8446;2.27284;14
12:15:00.499;48.8568;2.23842;48.8688;2.20409;48.8449;2.27275;14
12:15:00.500;48.8603;2.23859;48.8723;2.20425;48.8484;2.27292;14
12:15:00.708;48.8634;2.23842;48.8754;2.20409;48.8515;2.27275;14
12:15:00.708;48.8638;2.23859;48.8757;2.20425;48.8518;2.27292;14
12:15:01.003;48.8638;2.23859;48.8757;2.20425;48.8518;2.27292;14
12:15:01.003;48.864;2.2392;48.8759;2.20486;48.8521;2.27353;14
12:15:01.113;48.8639;2.2392;48.8759;2.20486;48.852;2.27353;14
12:15:01.831;48.8639;2.2392;48.8759;2.20486;48.852;2.27353;14
12:15:01.831;48.8644;2.23927;48.8764;2.20494;48.8525;2.27361;14
12:15:02.086;48.8646;2.23936;48.8766;2.20503;48.8527;2.2737;14
12:15:02.086;48.8647;2.23936;48.8766;2.20503;48.8527;2.2737;14
12:15:02.193;48.8648;2.23953;48.8767;2.2052;48.8529;2.27386;14
12:15:04.479;48.8648;2.23972;48.8767;2.20538;48.8529;2.27405;14
12:15:04.479;48.8647;2.23953;48.8767;2.2052;48.8528;2.27386;14
12:15:04.720;48.8644;2.2392;48.8764;2.20486;48.8525;2.27353;14
12:15:04.721;48.8644;2.2392;48.8764;2.20486;48.8525;2.27353;14
12:15:04.994;48.8646;2.23936;48.8766;2.20503;48.8527;2.2737;14
12:15:04.995;48.8649;2.24005;48.8769;2.20572;48.853;2.27438;14
12:15:05.228;48.8654;2.2422;48.8774;2.20787;48.8535;2.27654;14
12:15:05.228;48.8659;2.24306;48.8779;2.20872;48.854;2.27739;14
12:15:05.486;48.8664;2.24408;48.8784;2.20975;48.8545;2.27841;14
12:15:05.486;48.8664;2.24417;48.8784;2.20984;48.8545;2.2785;14
12:15:06.213;48.8664;2.24434;48.8784;2.21001;48.8545;2.27867;14
12:15:06.213;48.8666;2.24658;48.8785;2.21225;48.8546;2.28091;14
12:15:06.275;48.8659;2.24957;48.8778;2.21524;48.8539;2.28391;14
12:15:08.502;48.8659;2.24957;48.8778;2.21524;48.8539;2.28391;14
12:15:08.502;48.8653;2.24933;48.8773;2.215;48.8534;2.28366;14
12:15:08.690;48.8642;2.2476;48.8761;2.21327;48.8522;2.28194;14
12:15:08.690;48.8638;2.24727;48.8758;2.21294;48.8519;2.2816;14
12:15:08.937;48.8643;2.24829;48.8763;2.21396;48.8524;2.28262;14
12:15:08.937;48.8651;2.25061;48.8771;2.21628;48.8532;2.28494;14
12:15:09.151;48.8671;2.25516;48.8791;2.22083;48.8552;2.28949;14
12:15:09.151;48.8687;2.25826;48.8806;2.22392;48.8568;2.29259;14
12:15:09.237;48.8715;2.26151;48.8835;2.22717;48.8596;2.29584;14
12:15:09.237;48.8721;2.26186;48.884;2.22752;48.8601;2.29619;14
12:15:09.661;48.8727;2.26254;48.8846;2.22821;48.8607;2.29688;14
12:15:09.661;48.8745;2.26349;48.8865;2.22916;48.8626;2.29782;14
12:15:09.837;48.8759;2.26529;48.8878;2.23096;48.8639;2.29962;14
12:15:09.838;48.8761;2.26572;48.8881;2.23138;48.8642;2.30005;14
12:15:09.951;48.8761;2.26572;48.8881;2.23138;48.8642;2.30005;14
12:15:10.259;48.8762;2.26598;48.8881;2.23164;48.8643;2.30031;14
12:15:10.259;48.8762;2.26555;48.8881;2.23122;48.8643;2.29988;14
12:15:10.317;48.8747;2.26418;48.8866;2.22984;48.8627;2.29851;14
12:15:10.318;48.8733;2.26262;48.8853;2.22829;48.8614;2.29695;14
12:15:10.481;48.8693;2.25928;48.8813;2.22495;48.8574;2.29361;14
12:15:10.481;48.8681;2.25833;48.88;2.224;48.8561;2.29266;14
12:15:10.923;48.8681;2.25833;48.88;2.224;48.8561;2.29266;14
12:15:10.923;48.8661;2.2567;48.878;2.22237;48.8542;2.29103;14
12:15:11.196;48.8584;2.25241;48.8704;2.21808;48.8465;2.28674;14
12:15:11.196;48.8571;2.25189;48.8691;2.21756;48.8452;2.28622;14
12:15:11.653;48.8558;2.2513;48.8678;2.21696;48.8439;2.28563;14
12:15:11.653;48.8537;2.25026;48.8657;2.21593;48.8418;2.28459;14
12:15:11.903;48.8522;2.24966;48.8642;2.21533;48.8403;2.284;14
12:15:11.904;48.8514;2.24933;48.8633;2.215;48.8394;2.28366;14
12:15:13.024;48.8516;2.24898;48.8635;2.21465;48.8396;2.28331;14
12:15:13.024;48.8544;2.2476;48.8663;2.21327;48.8424;2.28194;14
12:15:13.108;48.8551;2.24744;48.8671;2.2131;48.8432;2.28177;14
12:15:14.058;48.8555;2.24744;48.8674;2.2131;48.8435;2.28177;14
12:15:14.058;48.8574;2.24803;48.8693;2.2137;48.8455;2.28236;14
12:15:14.273;48.8584;2.24796;48.8704;2.21362;48.8465;2.28229;14
12:15:14.274;48.8587;2.24796;48.8706;2.21362;48.8468;2.28229;14
12:15:14.766;48.8588;2.24803;48.8707;2.2137;48.8468;2.28236;14
12:15:14.766;48.8593;2.24846;48.8713;2.21413;48.8474;2.28279;14
12:15:15.000;48.86;2.24872;48.8719;2.21439;48.8481;2.28305;14
12:15:15.000;48.8605;2.24898;48.8724;2.21465;48.8485;2.28331;14
12:15:15.243;48.8614;2.2494;48.8733;2.21507;48.8495;2.28374;14
12:15:15.243;48.8619;2.2494;48.8739;2.21507;48.85;2.28374;14
12:15:15.375;48.8625;2.24966;48.8745;2.21533;48.8506;2.284;14
12:15:15.375;48.8634;2.25009;48.8754;2.21576;48.8515;2.28442;14
12:15:15.508;48.8649;2.25087;48.8768;2.21654;48.8529;2.2852;14
12:15:16.297;48.865;2.25095;48.8769;2.21661;48.853;2.28528;14
12:15:16.297;48.8654;2.25121;48.8774;2.21687;48.8535;2.28554;14
12:15:28.897;48.8651;2.25121;48.877;2.21687;48.8531;2.28554;14
12:15:29.856;48.8651;2.25146;48.8771;2.21713;48.8532;2.2858;14
12:15:29.857;48.8652;2.25163;48.8772;2.2173;48.8533;2.28596;14
12:15:29.919;48.8635;2.2507;48.8754;2.21637;48.8516;2.28503;14
12:15:31.162;48.8647;2.24976;48.8767;2.21542;48.8528;2.28409;14
12:15:31.162;48.8709;2.24178;48.8828;2.20744;48.859;2.27611;14
12:15:32.083;48.8709;2.24178;48.8828;2.20744;48.859;2.27611;14
12:15:32.083;48.8666;2.24271;48.8786;2.20837;48.8547;2.27704;14
12:15:32.156;48.8633;2.24202;48.8752;2.20769;48.8513;2.27635;14
12:15:33.098;48.8633;2.24246;48.8752;2.20813;48.8513;2.27679;14
12:15:33.098;48.8594;2.24426;48.8713;2.20993;48.8474;2.27859;14
12:15:33.161;48.8561;2.24426;48.868;2.20993;48.8442;2.27859;14
12:15:34.029;48.8561;2.24426;48.868;2.20993;48.8442;2.27859;14
12:15:34.030;48.8537;2.24426;48.8657;2.20993;48.8418;2.27859;14
12:15:34.505;48.8539;2.24426;48.8658;2.20993;48.842;2.27859;14
12:15:34.505;48.8575;2.24408;48.8695;2.20975;48.8456;2.27841;14
12:15:34.584;48.859;2.24408;48.8709;2.20975;48.847;2.27841;14
12:15:41.206;48.8591;2.24434;48.871;2.21001;48.8471;2.27867;14
12:15:41.207;48.8624;2.2464;48.8743;2.21207;48.8504;2.28073;14
12:15:41.271;48.863;2.24666;48.875;2.21233;48.8511;2.28099;14
12:15:42.003;48.863;2.24709;48.875;2.21275;48.8511;2.28142;14
12:15:42.004;48.8641;2.24966;48.8761;2.21533;48.8522;2.284;14
12:15:42.107;48.8653;2.25644;48.8773;2.22211;48.8534;2.29077;14
12:15:42.816;48.8654;2.2567;48.8774;2.22237;48.8535;2.29103;14
12:15:42.816;48.8658;2.25696;48.8778;2.22263;48.8539;2.29129;14
12:15:43.065;48.8685;2.25868;48.8804;2.22435;48.8565;2.29301;14
12:15:43.065;48.8695;2.25945;48.8814;2.22511;48.8575;2.29378;14
12:15:43.729;48.87;2.26006;48.8819;2.22572;48.8581;2.29439;14
12:15:43.729;48.8703;2.26091;48.8823;2.22658;48.8584;2.29524;14
12:15:43.824;48.871;2.26176;48.8829;2.22743;48.8591;2.2961;14
12:15:43.824;48.8712;2.26193;48.8832;2.2276;48.8593;2.29626;14
12:15:44.705;48.8713;2.26193;48.8832;2.2276;48.8593;2.29626;14
12:15:44.706;48.8706;2.26219;48.8825;2.22786;48.8587;2.29652;14
12:15:44.808;48.8674;2.25902;48.8793;2.22469;48.8554;2.29335;14
12:15:44.808;48.8661;2.25662;48.878;2.22229;48.8542;2.29095;14
12:15:45.674;48.8661;2.25688;48.878;2.22255;48.8542;2.29121;14
12:15:45.674;48.8648;2.25533;48.8767;2.22099;48.8529;2.28966;14
12:15:45.916;48.8624;2.25078;48.8743;2.21645;48.8504;2.28511;14
12:15:45.916;48.861;2.24992;48.8729;2.21559;48.849;2.28426;14
12:15:47.220;48.8606;2.24915;48.8726;2.21481;48.8487;2.28348;14
12:15:47.220;48.8581;2.24495;48.87;2.21062;48.8461;2.27928;14
12:15:47.306;48.8575;2.24323;48.8694;2.20889;48.8455;2.27756;14
12:15:48.040;48.8576;2.24348;48.8695;2.20915;48.8456;2.27782;14
12:15:48.040;48.8576;2.24426;48.8696;2.20993;48.8457;2.27859;14
12:15:48.290;48.858;2.24734;48.87;2.21301;48.8461;2.28168;14
12:15:48.290;48.858;2.24829;48.87;2.21396;48.8461;2.28262;14
12:15:48.456;48.858;2.24846;48.87;2.21413;48.8461;2.28279;14
12:15:48.810;48.858;2.24872;48.87;2.21439;48.8461;2.28305;14
12:15:48.810;48.8585;2.24898;48.8704;2.21465;48.8465;2.28331;14
12:15:48.891;48.8612;2.24915;48.8731;2.21481;48.8492;2.28348;14
12:15:49.509;48.8614;2.2495;48.8733;2.21516;48.8495;2.28383;14
12:15:49.509;48.8629;2.25018;48.8749;2.21585;48.851;2.28452;14
12:15:49.639;48.8649;2.25156;48.8769;2.21722;48.853;2.28589;14
12:15:49.639;48.8654;2.25224;48.8773;2.21791;48.8534;2.28658;14
12:15:50.407;48.8654;2.25224;48.8773;2.21791;48.8534;2.28658;14
12:15:50.408;48.8654;2.25241;48.8773;2.21808;48.8534;2.28674;14
12:15:50.517;48.8664;2.25352;48.8784;2.21919;48.8545;2.28786;14
12:15:50.517;48.8666;2.25378;48.8786;2.21945;48.8547;2.28812;14
12:15:51.559;48.8667;2.25378;48.8786;2.21945;48.8547;2.28812;14
12:15:51.560;48.8667;2.25447;48.8787;2.22014;48.8548;2.2888;14
12:15:51.652;48.8701;2.25937;48.882;2.22504;48.8582;2.2937;14
12:15:52.674;48.8702;2.2598;48.8822;2.22546;48.8583;2.29413;14
12:15:52.675;48.8671;2.25894;48.8791;2.22461;48.8552;2.29327;14
12:15:52.745;48.865;2.25601;48.8769;2.22168;48.853;2.29034;14
12:15:55.609;48.8651;2.25627;48.877;2.22194;48.8531;2.2906;14
12:15:55.610;48.8645;2.25438;48.8764;2.22005;48.8525;2.28871;14
12:15:57.782;48.8641;2.25395;48.8761;2.21962;48.8522;2.28828;14
12:15:57.782;48.8612;2.24881;48.8731;2.21448;48.8492;2.28314;14
12:15:58.489;48.8612;2.24881;48.8731;2.21448;48.8492;2.28314;14
12:15:58.489;48.8583;2.24744;48.8703;2.2131;48.8464;2.28177;14
12:15:58.562;48.8559;2.24709;48.8679;2.21275;48.844;2.28142;14
12:15:59.336;48.8561;2.24751;48.868;2.21318;48.8442;2.28185;14
12:15:59.336;48.8563;2.24976;48.8683;2.21542;48.8444;2.28409;14
12:15:59.960;48.8564;2.25026;48.8683;2.21593;48.8444;2.28459;14
12:15:59.960;48.8595;2.25421;48.8714;2.21988;48.8475;2.28854;14
12:16:00.406;48.8598;2.25482;48.8717;2.22049;48.8478;2.28915;14
12:16:00.406;48.8594;2.25781;48.8713;2.22348;48.8474;2.29214;14
12:16:00.862;48.8604;2.25937;48.8723;2.22504;48.8484;2.2937;14
12:16:00.862;48.8624;2.26219;48.8744;2.22786;48.8505;2.29652;14
12:16:01.274;48.8624;2.2628;48.8744;2.22847;48.8505;2.29713;14
12:16:01.274;48.8627;2.26399;48.8746;2.22966;48.8508;2.29832;14
12:16:01.309;48.865;2.26598;48.8769;2.23164;48.853;2.30031;14
12:16:02.624;48.8657;2.26863;48.8776;2.2343;48.8538;2.30296;14
12:16:02.624;48.8664;2.27095;48.8783;2.23662;48.8544;2.30528;14
12:16:05.453;48.8664;2.27069;48.8783;2.23636;48.8544;2.30502;14
12:16:05.453;48.8588;2.27438;48.8707;2.24005;48.8468;2.30872;14
12:16:05.485;48.8555;2.27834;48.8675;2.244;48.8436;2.31267;14
12:16:05.987;48.8559;2.2785;48.8678;2.24417;48.8439;2.31284;14
12:16:05.987;48.8565;2.27893;48.8684;2.2446;48.8446;2.31326;14
12:16:06.086;48.8546;2.28236;48.8665;2.24803;48.8426;2.3167;14
12:16:06.086;48.8526;2.28477;48.8645;2.25044;48.8406;2.31911;14
12:16:06.181;48.8478;2.29053;48.8597;2.2562;48.8358;2.32486;14
12:16:06.858;48.8481;2.29112;48.86;2.25679;48.8361;2.32545;14
12:16:06.858;48.8468;2.29233;48.8588;2.258;48.8349;2.32666;14
12:16:06.915;48.8365;2.29558;48.8484;2.26125;48.8246;2.32991;14
12:16:07.473;48.8287;2.29309;48.8407;2.25876;48.8167;2.32742;14
12:16:07.932;48.8263;2.29103;48.8382;2.2567;48.8143;2.32536;14
12:16:07.932;48.8245;2.29053;48.8364;2.2562;48.8125;2.32486;14
12:16:08.491;48.8247;2.29077;48.8366;2.25644;48.8127;2.3251;14
12:16:08.491;48.8264;2.28357;48.8383;2.24924;48.8144;2.3179;14
12:16:08.571;48.8262;2.27756;48.8382;2.24323;48.8143;2.31189;14
12:16:09.504;48.8262;2.27756;48.8501;2.20889;48.8023;2.34622;13
12:16:10.620;48.8262;2.27756;48.874;2.14023;48.7784;2.41489;12
12:16:12.708;48.8262;2.27756;48.8501;2.20889;48.8023;2.34622;13
12:16:13.506;48.8262;2.27756;48.8382;2.24323;48.8143;2.31189;14
12:16:14.902;48.8262;2.27773;48.8382;2.24339;48.8143;2.31206;14
12:16:14.902;48.8311;2.2713;48.843;2.23697;48.8191;2.30563;14
12:16:15.006;48.8334;2.26949;48.8453;2.23515;48.8214;2.30382;14
12:16:15.566;48.8335;2.26949;48.8454;2.23515;48.8215;2.30382;14
12:16:15.566;48.8389;2.26555;48.8509;2.23122;48.827;2.29988;14
12:16:15.637;48.8402;2.2652;48.8521;2.23087;48.8282;2.29953;14
12:16:16.186;48.8405;2.26581;48.8525;2.23148;48.8286;2.30014;14
12:16:16.186;48.845;2.26314;48.8569;2.22881;48.833;2.29747;14
12:16:16.282;48.8481;2.26134;48.8601;2.22701;48.8362;2.29567;14
12:16:16.958;48.8484;2.26176;48.8603;2.22743;48.8364;2.2961;14
12:16:16.959;48.8532;2.25826;48.8652;2.22392;48.8413;2.29259;14
12:16:17.040;48.8548;2.25688;48.8667;2.22255;48.8429;2.29121;14
12:16:17.714;48.8548;2.25696;48.8667;2.22263;48.8429;2.29129;14
12:16:17.715;48.8592;2.25139;48.8712;2.21706;48.8473;2.28572;14
12:16:17.763;48.8604;2.25018;48.8723;2.21585;48.8484;2.28452;14
12:16:18.185;48.8606;2.25241;48.8725;2.21808;48.8486;2.28674;14
12:16:18.186;48.8611;2.25095;48.873;2.21661;48.8491;2.28528;14
12:16:18.995;48.8611;2.25146;48.873;2.21713;48.8491;2.2858;14
12:16:18.996;48.8616;2.25284;48.8736;2.21851;48.8497;2.28717;14
12:16:19.198;48.8654;2.25542;48.8774;2.22108;48.8535;2.28975;14
12:16:19.198;48.8673;2.25653;48.8792;2.2222;48.8553;2.29086;14
12:16:19.322;48.8709;2.25996;48.8829;2.22563;48.859;2.2943;14
12:16:19.322;48.8717;2.26108;48.8836;2.22675;48.8597;2.29541;14
12:16:19.775;48.872;2.26143;48.884;2.2271;48.8601;2.29576;14
12:16:19.946;48.8737;2.26366;48.8856;2.22932;48.8617;2.29799;14
12:16:19.946;48.874;2.2646;48.8859;2.23027;48.862;2.29893;14
12:16:22.356;48.874;2.2646;48.8859;2.23027;48.862;2.29893;14
12:16:22.356;48.874;2.2646;48.8859;2.23027;48.862;2.29893;14
12:16:22.431;48.874;2.26425;48.8859;2.22992;48.8621;2.29858;14
12:16:22.432;48.874;2.26418;48.8859;2.22984;48.8621;2.29851;14
12:16:22.599;48.8744;2.26418;48.8863;2.22984;48.8625;2.29851;14
12:16:22.600;48.8746;2.26418;48.8866;2.22984;48.8627;2.29851;14
12:16:22.747;48.8747;2.26418;48.8866;2.22984;48.8627;2.29851;14
12:16:22.748;48.8747;2.26418;48.8867;2.22984;48.8628;2.29851;14
12:16:29.911;48.8747;2.26443;48.8867;2.2301;48.8628;2.29877;14
12:16:29.912;48.8746;2.26323;48.8866;2.2289;48.8627;2.29756;14
12:16:29.947;48.8725;2.26202;48.8844;2.22769;48.8605;2.29636;14
12:16:30.449;48.872;2.26228;48.884;2.22795;48.8601;2.29662;14
12:16:30.449;48.8672;2.26143;48.8792;2.2271;48.8553;2.29576;14
12:16:30.854;48.8664;2.26125;48.8784;2.22691;48.8545;2.29558;14
12:16:31.674;48.8661;2.261;48.8781;2.22667;48.8542;2.29533;14
12:16:31.674;48.8641;2.25963;48.876;2.2253;48.8521;2.29396;14
12:16:31.892;48.8605;2.25533;48.8725;2.22099;48.8486;2.28966;14
12:16:31.893;48.8593;2.25414;48.8713;2.2198;48.8474;2.28847;14
12:16:32.641;48.8591;2.25414;48.871;2.2198;48.8471;2.28847;14
12:16:32.642;48.8569;2.25388;48.8689;2.21954;48.845;2.28821;14
12:16:32.876;48.8526;2.25276;48.8645;2.21843;48.8407;2.28709;14
12:16:32.876;48.8519;2.25258;48.8639;2.21825;48.84;2.28691;14
12:16:41.928;48.8519;2.25258;48.8639;2.21825;48.84;2.28691;14
12:16:41.928;48.8511;2.2525;48.8631;2.21817;48.8392;2.28683;14
12:16:42.008;48.8505;2.25258;48.8624;2.21825;48.8385;2.28691;14
12:16:43.412;48.8516;2.25208;48.8635;2.21774;48.8396;2.28641;14
12:16:43.412;48.8559;2.24976;48.8679;2.21542;48.844;2.28409;14
12:16:52.660;48.856;2.25009;48.868;2.21576;48.8441;2.28442;14
12:16:52.661;48.8559;2.25104;48.8678;2.21671;48.8439;2.28537;14
12:16:52.725;48.856;2.25139;48.8679;2.21706;48.844;2.28572;14
12:17:04.913;48.8555;2.25276;48.8674;2.21843;48.8435;2.28709;14
12:17:05.164;48.8558;2.25198;48.8678;2.21765;48.8439;2.28632;14
12:17:05.164;48.8581;2.25146;48.87;2.21713;48.8461;2.2858;14
12:17:05.393;48.8606;2.25095;48.8725;2.21661;48.8486;2.28528;14
12:17:05.393;48.861;2.25078;48.873;2.21645;48.8491;2.28511;14
12:17:05.425;48.861;2.25078;48.873;2.21645;48.8491;2.28511;14
12:17:05.547;48.861;2.25095;48.873;2.21661;48.8491;2.28528;14
12:17:06.078;48.8611;2.25156;48.873;2.21722;48.8491;2.28589;14
12:17:06.079;48.8588;2.25198;48.8707;2.21765;48.8468;2.28632;14
12:17:06.286;48.8527;2.25224;48.8647;2.21791;48.8408;2.28658;14
12:17:06.286;48.8506;2.25276;48.8625;2.21843;48.8386;2.28709;14
12:17:06.385;48.8492;2.25388;48.8611;2.21954;48.8372;2.28821;14
12:17:07.423;48.8492;2.25464;48.8611;2.22031;48.8372;2.28897;14
12:17:07.423;48.8536;2.2543;48.8656;2.21997;48.8417;2.28864;14
12:17:07.541;48.859;2.25482;48.8709;2.22049;48.847;2.28915;14
12:17:07.541;48.8614;2.25421;48.8733;2.21988;48.8494;2.28854;14
12:17:07.730;48.8639;2.25378;48.8758;2.21945;48.852;2.28812;14
12:17:07.731;48.8655;2.25369;48.8775;2.21936;48.8536;2.28802;14
12:17:07.838;48.8661;2.25447;48.8781;2.22014;48.8542;2.2888;14
12:17:08.423;48.8664;2.25464;48.8783;2.22031;48.8544;2.28897;14
12:17:08.423;48.869;2.25507;48.8809;2.22073;48.857;2.2894;14
12:17:08.523;48.8743;2.25558;48.8863;2.22125;48.8624;2.28992;14
12:17:08.523;48.8756;2.25568;48.8876;2.22134;48.8637;2.29001;14
12:17:08.656;48.8788;2.25688;48.8907;2.22255;48.8669;2.29121;14
12:17:10.324;48.8787;2.25688;48.8907;2.22255;48.8668;2.29121;14
12:17:10.325;48.8778;2.25679;48.8898;2.22246;48.8659;2.29112;14
12:17:10.379;48.8774;2.25644;48.8894;2.22211;48.8655;2.29077;14
12:17:12.526;48.8778;2.25636;48.8897;2.22203;48.8658;2.2907;14
12:17:12.644;48.8774;2.25764;48.8894;2.22331;48.8655;2.29198;14
12:17:12.645;48.8772;2.25902;48.8891;2.22469;48.8652;2.29335;14
12:17:12.768;48.8766;2.26065;48.8885;2.22632;48.8647;2.29498;14
12:17:41.386;48.8767;2.26108;48.8886;2.22675;48.8648;2.29541;14
12:17:41.386;48.8768;2.26108;48.8887;2.22675;48.8648;2.29541;14
12:17:41.495;48.8734;2.25945;48.8853;2.22511;48.8614;2.29378;14
12:17:41.495;48.8713;2.25859;48.8832;2.22426;48.8593;2.29292;14
12:17:41.673;48.8683;2.25688;48.8802;2.22255;48.8564;2.29121;14
12:17:41.673;48.8666;2.25575;48.8785;2.22142;48.8546;2.29008;14
12:17:41.850;48.8649;2.25516;48.8769;2.22083;48.853;2.28949;14
12:17:41.850;48.8641;2.2549;48.876;2.22057;48.8521;2.28923;14
12:17:42.020;48.862;2.25447;48.8739;2.22014;48.85;2.2888;14
12:17:42.951;48.862;2.25464;48.874;2.22031;48.8501;2.28897;14
12:17:42.952;48.8616;2.25447;48.8736;2.22014;48.8497;2.2888;14
12:17:43.182;48.8588;2.25232;48.8707;2.21799;48.8468;2.28665;14
12:17:43.182;48.8571;2.25104;48.869;2.21671;48.8451;2.28537;14
12:17:43.767;48.8535;2.2476;48.8654;2.21327;48.8415;2.28194;14
12:17:43.767;48.8508;2.24554;48.8628;2.21121;48.8389;2.27988;14
12:17:43.767;48.8477;2.24289;48.8597;2.20856;48.8358;2.27722;14
12:17:43.768;48.8471;2.24228;48.8591;2.20795;48.8352;2.27661;14
12:17:44.130;48.8473;2.24297;48.8592;2.20863;48.8354;2.2773;14
12:17:44.130;48.8475;2.24315;48.8594;2.20882;48.8355;2.27748;14
12:17:44.846;48.8489;2.2446;48.8609;2.21027;48.837;2.27893;14
12:17:44.846;48.8497;2.24512;48.8617;2.21078;48.8378;2.27945;14
12:17:44.846;48.8517;2.24649;48.8637;2.21216;48.8398;2.28082;14
12:17:44.846;48.8539;2.24796;48.8658;2.21362;48.842;2.28229;14
12:17:44.951;48.857;2.24983;48.8689;2.2155;48.8451;2.28416;14
12:17:46.511;48.8571;2.25044;48.869;2.21611;48.8451;2.28477;14
12:17:46.644;48.8594;2.25575;48.8713;2.22142;48.8474;2.29008;14
12:17:46.644;48.8603;2.25764;48.8722;2.22331;48.8483;2.29198;14
12:17:47.038;48.8619;2.26082;48.8738;2.22649;48.8499;2.29515;14
12:17:47.038;48.862;2.26117;48.874;2.22684;48.8501;2.2955;14
12:17:47.038;48.8623;2.26193;48.8743;2.2276;48.8504;2.29626;14
12:17:47.038;48.8623;2.26202;48.8743;2.22769;48.8504;2.29636;14
12:17:47.838;48.8625;2.26228;48.8744;2.22795;48.8505;2.29662;14
12:17:47.839;48.8629;2.26212;48.8748;2.22778;48.8509;2.29645;14
12:17:47.945;48.8655;2.26323;48.8775;2.2289;48.8536;2.29756;14
12:17:47.945;48.8664;2.26408;48.8784;2.22975;48.8545;2.29842;14
12:17:48.252;48.868;2.26477;48.8799;2.23044;48.856;2.2991;14
12:17:48.252;48.8686;2.26503;48.8805;2.2307;48.8566;2.29936;14
12:17:48.334;48.8717;2.26614;48.8836;2.23181;48.8597;2.30048;14
12:17:48.334;48.8725;2.26666;48.8845;2.23233;48.8606;2.30099;14
12:17:48.428;48.8736;2.26768;48.8855;2.23335;48.8617;2.30202;14
12:17:57.530;48.8734;2.26778;48.8854;2.23344;48.8615;2.30211;14
12:17:57.531;48.8708;2.26649;48.8828;2.23216;48.8589;2.30083;14
12:17:57.638;48.8669;2.26314;48.8788;2.22881;48.8549;2.29747;14
12:17:57.638;48.8658;2.26212;48.8777;2.22778;48.8538;2.29645;14
12:17:57.818;48.8639;2.26082;48.8759;2.22649;48.852;2.29515;14
12:17:57.818;48.8637;2.26082;48.8756;2.22649;48.8517;2.29515;14
12:17:58.961;48.8637;2.26108;48.8756;2.22675;48.8517;2.29541;14
12:17:58.961;48.8629;2.25987;48.8748;2.22554;48.8509;2.2942;14
12:17:59.202;48.8596;2.25584;48.8715;2.22151;48.8476;2.29018;14
12:17:59.202;48.8572;2.2531;48.8692;2.21877;48.8453;2.28743;14
12:17:59.463;48.8519;2.24907;48.8638;2.21474;48.8399;2.2834;14
12:17:59.464;48.8502;2.24786;48.8622;2.21353;48.8383;2.2822;14
12:18:00.936;48.8503;2.2477;48.8623;2.21336;48.8384;2.28203;14
12:18:00.937;48.851;2.24751;48.8629;2.21318;48.839;2.28185;14
12:18:06.119;48.8512;2.24744;48.8632;2.2131;48.8393;2.28177;14
12:18:06.119;48.8552;2.24718;48.8671;2.21284;48.8433;2.28151;14
12:18:06.349;48.8576;2.24777;48.8696;2.21344;48.8457;2.2821;14
12:18:06.349;48.858;2.24889;48.8699;2.21455;48.846;2.28322;14
12:18:11.325;48.858;2.24907;48.8699;2.21474;48.846;2.2834;14
12:18:11.325;48.8589;2.2513;48.8708;2.21696;48.8469;2.28563;14
12:18:11.455;48.8594;2.25258;48.8714;2.21825;48.8475;2.28691;14
12:18:11.456;48.8598;2.25336;48.8717;2.21902;48.8478;2.28769;14
12:18:11.563;48.8598;2.25378;48.8718;2.21945;48.8479;2.28812;14
12:18:12.527;48.8602;2.25378;48.8721;2.21945;48.8482;2.28812;14
12:18:12.528;48.8616;2.25464;48.8735;2.22031;48.8496;2.28897;14
12:18:12.665;48.8634;2.25551;48.8754;2.22118;48.8515;2.28984;14
12:18:12.665;48.8643;2.25575;48.8762;2.22142;48.8523;2.29008;14
12:18:12.837;48.866;2.25696;48.878;2.22263;48.8541;2.29129;14
12:18:12.838;48.8667;2.25731;48.8787;2.22298;48.8548;2.29164;14
12:18:13.008;48.8673;2.2585;48.8792;2.22417;48.8553;2.29283;14
12:18:17.292;48.8676;2.25868;48.8795;2.22435;48.8556;2.29301;14
12:18:17.292;48.869;2.2598;48.881;2.22546;48.8571;2.29413;14
12:18:17.396;48.8718;2.26306;48.8837;2.22873;48.8599;2.29739;14
12:18:17.397;48.8726;2.26392;48.8845;2.22958;48.8606;2.29825;14
12:18:17.552;48.8732;2.26418;48.8852;2.22984;48.8613;2.29851;14
12:18:17.553;48.8733;2.26418;48.8852;2.22984;48.8613;2.29851;14
12:18:17.651;48.8734;2.26468;48.8854;2.23035;48.8615;2.29901;14
12:18:57.660;48.8734;2.26468;48.8854;2.23035;48.8615;2.29901;14
12:18:57.661;48.8734;2.26486;48.8854;2.23053;48.8615;2.29919;14
12:18:58.893;48.8736;2.26486;48.8855;2.23053;48.8616;2.29919;14
12:18:58.893;48.8737;2.26503;48.8857;2.2307;48.8618;2.29936;14
12:18:58.997;48.8722;2.26451;48.8841;2.23018;48.8602;2.29884;14
12:18:58.997;48.871;2.26503;48.8829;2.2307;48.8591;2.29936;14
12:18:59.138;48.8657;2.26692;48.8776;2.23259;48.8538;2.30125;14
12:18:59.139;48.8649;2.26683;48.8769;2.2325;48.853;2.30116;14
12:19:00.120;48.8658;2.26683;48.8777;2.2325;48.8538;2.30116;14
12:19:00.120;48.8682;2.26614;48.8802;2.23181;48.8563;2.30048;14
12:19:00.708;48.8691;2.2664;48.881;2.23207;48.8572;2.30074;14
12:19:00.708;48.8733;2.26709;48.8853;2.23276;48.8614;2.30142;14
12:19:00.746;48.8777;2.26811;48.8896;2.23378;48.8657;2.30244;14
12:19:04.136;48.8777;2.26804;48.8897;2.2337;48.8658;2.30237;14
12:19:04.136;48.8765;2.2652;48.8884;2.23087;48.8645;2.29953;14
12:19:17.912;48.8763;2.26512;48.8883;2.23079;48.8644;2.29945;14
12:19:17.913;48.8761;2.26494;48.8881;2.23061;48.8642;2.29927;14
12:19:18.045;48.8756;2.26486;48.8875;2.23053;48.8636;2.29919;14
12:19:18.045;48.8755;2.26486;48.8874;2.23053;48.8635;2.29919;14
12:19:18.128;48.8756;2.26503;48.8876;2.2307;48.8637;2.29936;14
12:19:19.078;48.8756;2.26503;48.8876;2.2307;48.8637;2.29936;14
12:19:19.078;48.8748;2.26537;48.8867;2.23103;48.8629;2.2997;14
12:19:19.177;48.869;2.26314;48.881;2.22881;48.8571;2.29747;14
12:19:19.177;48.8663;2.26245;48.8783;2.22812;48.8544;2.29678;14
12:19:19.468;48.8625;2.26202;48.8744;2.22769;48.8505;2.29636;14
12:19:19.468;48.8616;2.26212;48.8735;2.22778;48.8496;2.29645;14
12:19:19.832;48.8616;2.26237;48.8735;2.22804;48.8496;2.29671;14
12:19:19.832;48.8537;2.26022;48.8657;2.22589;48.8418;2.29456;14
12:19:20.122;48.8428;2.25507;48.8547;2.22073;48.8308;2.2894;14
12:19:20.836;48.8419;2.25499;48.8538;2.22066;48.8299;2.28932;14
12:19:20.836;48.8331;2.25182;48.8451;2.21748;48.8212;2.28615;14
12:19:20.836;48.8298;2.25078;48.8418;2.21645;48.8179;2.28511;14
12:19:21.485;48.8298;2.25078;48.8418;2.21645;48.8179;2.28511;14
12:19:21.485;48.8242;2.24983;48.8361;2.2155;48.8122;2.28416;14
12:19:21.867;48.8157;2.24933;48.8276;2.215;48.8037;2.28366;14
12:19:22.918;48.8157;2.24933;48.8396;2.18066;48.7917;2.31799;13
12:19:24.675;48.8157;2.24933;48.8634;2.112;48.7678;2.38666;12
12:19:25.529;48.8157;2.24933;48.8634;2.112;48.7678;2.38666;12
12:19:25.530;48.8179;2.24864;48.8657;2.11131;48.7701;2.38597;12
12:19:25.562;48.8378;2.2476;48.8856;2.11028;48.79;2.38493;12
12:19:25.563;48.8392;2.24796;48.8869;2.11063;48.7913;2.38528;12
12:19:25.677;48.8455;2.24864;48.8932;2.11131;48.7977;2.38597;12
12:19:25.678;48.8475;2.24864;48.8953;2.11131;48.7997;2.38597;12
12:19:25.678;48.8487;2.24864;48.8964;2.11131;48.8008;2.38597;12
12:19:25.811;48.8568;2.2507;48.9045;2.11337;48.809;2.38803;12
12:19:25.811;48.857;2.2507;48.9048;2.11337;48.8092;2.38803;12
12:19:25.893;48.8575;2.2507;48.9052;2.11337;48.8097;2.38803;12
12:19:26.676;48.8575;2.2507;48.9052;2.11337;48.8097;2.38803;12
12:19:26.694;48.8669;2.25241;48.9147;2.11508;48.8192;2.38974;12
12:19:26.802;48.8758;2.25482;48.9235;2.11749;48.828;2.39215;12
12:19:26.892;48.8771;2.25482;48.9248;2.11749;48.8293;2.39215;12
12:19:27.606;48.8758;2.25482;48.9235;2.11749;48.828;2.39215;12
12:19:27.606;48.8749;2.25482;48.9226;2.11749;48.8271;2.39215;12
12:19:27.636;48.8708;2.25516;48.9185;2.11783;48.823;2.39249;12
12:19:27.636;48.869;2.25447;48.9167;2.11714;48.8212;2.3918;12
12:19:27.704;48.8642;2.25345;48.912;2.11612;48.8164;2.39078;12
12:19:27.705;48.8613;2.25208;48.909;2.11475;48.8135;2.3894;12
12:19:27.839;48.8525;2.25002;48.9002;2.11269;48.8047;2.38734;12
12:19:27.983;48.8331;2.24486;48.8808;2.10753;48.7852;2.38219;12
12:19:28.151;48.8274;2.24452;48.8752;2.10719;48.7796;2.38185;12
12:19:28.826;48.8265;2.24486;48.8743;2.10753;48.7787;2.38219;12
12:19:28.827;48.8249;2.24521;48.8727;2.10788;48.7771;2.38254;12
12:19:29.059;48.7994;2.23936;48.8472;2.10204;48.7515;2.37669;12
12:19:29.060;48.7876;2.23491;48.8354;2.09758;48.7397;2.37224;12
12:19:29.198;48.7752;2.23148;48.823;2.09415;48.7273;2.3688;12
12:19:29.198;48.7709;2.23112;48.8187;2.0938;48.723;2.36845;12
12:19:29.943;48.7749;2.23216;48.8228;2.09483;48.7271;2.36949;12
12:19:29.943;48.7971;2.2373;48.8449;2.09998;48.7493;2.37463;12
12:19:30.431;48.7976;2.23799;48.8454;2.10066;48.7497;2.37532;12
12:19:30.432;48.8059;2.24109;48.8537;2.10376;48.7581;2.37842;12
12:19:30.534;48.8396;2.26271;48.8874;2.12538;48.7918;2.40004;12
12:19:30.641;48.8421;2.26477;48.8899;2.12744;48.7943;2.4021;12
12:19:31.144;48.8434;2.26581;48.8912;2.12848;48.7956;2.40314;12
12:19:31.145;48.8471;2.26787;48.8948;2.13054;48.7993;2.4052;12
12:19:31.340;48.8554;2.27473;48.9032;2.13741;48.8076;2.41206;12
12:19:31.341;48.8557;2.27542;48.9034;2.13809;48.8078;2.41275;12
12:19:31.341;48.8586;2.27817;48.9063;2.14084;48.8108;2.4155;12
12:19:31.341;48.8606;2.28091;48.9084;2.14359;48.8128;2.41824;12
12:19:31.341;48.8611;2.28229;48.9088;2.14496;48.8133;2.41962;12
12:19:31.460;48.8629;2.28435;48.9106;2.14702;48.8151;2.42168;12
12:19:31.855;48.8636;2.28537;48.9113;2.14804;48.8158;2.4227;12
12:19:31.885;48.8674;2.29224;48.9151;2.15491;48.8196;2.42957;12
12:19:31.933;48.8683;2.29292;48.916;2.15559;48.8205;2.43025;12
12:19:32.362;48.8681;2.2943;48.9158;2.15697;48.8203;2.43163;12
12:19:33.175;48.8681;2.2943;48.8919;2.22563;48.8442;2.36296;13
12:19:34.042;48.8677;2.29378;48.8916;2.22511;48.8438;2.36244;13
12:19:34.042;48.8672;2.29224;48.891;2.22357;48.8433;2.3609;13
12:19:34.073;48.8638;2.28416;48.8877;2.2155;48.8399;2.35283;13
12:19:34.180;48.8603;2.27576;48.8842;2.20709;48.8364;2.34442;13
12:19:34.180;48.8596;2.27422;48.8835;2.20555;48.8357;2.34288;13
12:19:34.279;48.8588;2.27216;48.8827;2.20349;48.8349;2.34082;13
12:19:34.388;48.8588;2.27216;48.8827;2.20349;48.8349;2.34082;13
12:19:34.934;48.8593;2.2718;48.8831;2.20314;48.8354;2.34047;13
12:19:34.964;48.8615;2.26974;48.8854;2.20108;48.8376;2.33841;13
12:19:35.043;48.8634;2.26804;48.8873;2.19937;48.8396;2.3367;13
12:19:35.043;48.8636;2.26752;48.8874;2.19885;48.8397;2.33618;13
12:19:35.164;48.8674;2.26598;48.8913;2.19731;48.8435;2.33464;13
12:19:35.164;48.8685;2.26581;48.8924;2.19714;48.8446;2.33447;13
12:19:35.316;48.8698;2.26581;48.8936;2.19714;48.8459;2.33447;13
12:19:35.769;48.8747;2.26581;48.8986;2.19714;48.8508;2.33447;13
12:19:35.769;48.8752;2.26562;48.8991;2.19696;48.8513;2.33429;13
12:19:35.853;48.8761;2.26512;48.9;2.19646;48.8522;2.33379;13
12:19:35.944;48.8762;2.26512;48.9001;2.19646;48.8523;2.33379;13
12:19:36.040;48.8763;2.26512;48.9002;2.19646;48.8524;2.33379;13
12:19:36.156;48.8762;2.2646;48.9001;2.19594;48.8523;2.33327;13
12:19:36.156;48.8758;2.26443;48.8996;2.19577;48.8519;2.3331;13
12:19:36.267;48.8754;2.26408;48.8993;2.19542;48.8515;2.33275;13
12:19:36.267;48.8745;2.26392;48.8984;2.19525;48.8506;2.33258;13
12:19:36.367;48.8741;2.26392;48.8979;2.19525;48.8502;2.33258;13
12:19:36.368;48.8738;2.26375;48.8977;2.19508;48.8499;2.33241;13
12:19:36.446;48.8737;2.26375;48.8976;2.19508;48.8498;2.33241;13
12:19:36.543;48.8737;2.26375;48.8976;2.19508;48.8498;2.33241;13
12:19:36.643;48.8735;2.26375;48.8974;2.19508;48.8496;2.33241;13
12:19:36.643;48.8731;2.26357;48.897;2.1949;48.8493;2.33223;13
12:19:36.770;48.8731;2.26357;48.897;2.1949;48.8493;2.33223;13
12:19:36.770;48.8731;2.26375;48.897;2.19508;48.8493;2.33241;13
12:19:36.874;48.8731;2.26408;48.897;2.19542;48.8493;2.33275;13
12:19:36.874;48.8726;2.26408;48.8965;2.19542;48.8487;2.33275;13
12:19:36.970;48.871;2.26392;48.8949;2.19525;48.8471;2.33258;13
12:19:36.970;48.8706;2.26392;48.8944;2.19525;48.8467;2.33258;13
12:19:37.076;48.8694;2.26408;48.8933;2.19542;48.8455;2.33275;13
12:19:37.076;48.8691;2.26408;48.893;2.19542;48.8452;2.33275;13
12:19:37.163;48.8671;2.26425;48.8909;2.19559;48.8432;2.33292;13
12:19:37.163;48.8665;2.26425;48.8904;2.19559;48.8426;2.33292;13
12:19:37.246;48.8648;2.26546;48.8887;2.19679;48.8409;2.33412;13
12:19:37.246;48.8638;2.26631;48.8877;2.19765;48.8399;2.33498;13
12:19:37.310;48.8607;2.26752;48.8846;2.19885;48.8368;2.33618;13
12:19:37.737;48.8609;2.26855;48.8847;2.19989;48.837;2.33722;13
12:19:37.847;48.8553;2.26787;48.8792;2.1992;48.8314;2.33653;13
12:19:37.847;48.8531;2.26735;48.8769;2.19868;48.8292;2.33601;13
12:19:37.992;48.8391;2.26494;48.8629;2.19627;48.8151;2.3336;13
12:19:37.992;48.8364;2.26512;48.8603;2.19646;48.8125;2.33379;13
12:19:38.899;48.8364;2.26529;48.8603;2.19662;48.8125;2.33395;13
12:19:38.899;48.8358;2.26562;48.8597;2.19696;48.8119;2.33429;13
12:19:39.097;48.832;2.26562;48.8559;2.19696;48.8081;2.33429;13
12:19:39.098;48.83;2.26512;48.8539;2.19646;48.8061;2.33379;13
12:19:39.155;48.8253;2.26357;48.8492;2.1949;48.8013;2.33223;13
12:19:40.081;48.8145;2.25996;48.8384;2.1913;48.7906;2.32863;13
12:19:40.081;48.8092;2.25688;48.8331;2.18822;48.7853;2.32555;13
12:19:40.791;48.8086;2.25636;48.8326;2.1877;48.7847;2.32503;13
12:19:40.791;48.806;2.25345;48.8299;2.18478;48.7821;2.32211;13
12:19:40.893;48.7993;2.24881;48.8232;2.18015;48.7753;2.31747;13
12:19:41.707;48.799;2.24881;48.8229;2.18015;48.7751;2.31747;13
12:19:41.707;48.796;2.24915;48.8199;2.18048;48.7721;2.31781;13
12:19:41.909;48.7927;2.24554;48.8166;2.17688;48.7688;2.31421;13
12:19:41.910;48.7946;2.24263;48.8185;2.17397;48.7707;2.31129;13
12:19:42.330;48.7946;2.24315;48.8185;2.17448;48.7707;2.31181;13
12:19:42.331;48.8125;2.24142;48.8364;2.17276;48.7886;2.31009;13
12:19:42.604;48.8125;2.24246;48.8364;2.1738;48.7886;2.31113;13
12:19:42.604;48.835;2.25087;48.8589;2.18221;48.8111;2.31953;13
12:19:42.955;48.8353;2.25139;48.8592;2.18272;48.8114;2.32005;13
12:19:42.955;48.8381;2.25395;48.862;2.18529;48.8142;2.32262;13
12:19:43.085;48.8451;2.25653;48.869;2.18787;48.8213;2.3252;13
12:19:43.085;48.8477;2.25722;48.8716;2.18855;48.8238;2.32588;13
12:19:43.494;48.8512;2.25739;48.8751;2.18872;48.8274;2.32605;13
12:19:43.494;48.8529;2.25722;48.8768;2.18855;48.829;2.32588;13
12:19:43.571;48.8588;2.25757;48.8827;2.1889;48.8349;2.32623;13
12:19:43.939;48.8594;2.2579;48.8833;2.18924;48.8355;2.32657;13
12:19:44.204;48.8689;2.25963;48.8927;2.19096;48.845;2.32829;13
12:19:44.204;48.8703;2.26048;48.8942;2.19182;48.8465;2.32915;13
12:19:44.261;48.8722;2.26151;48.8961;2.19284;48.8484;2.33017;13
12:19:44.482;48.8724;2.26186;48.8962;2.19319;48.8485;2.33052;13
12:19:44.619;48.8755;2.26306;48.8994;2.1944;48.8516;2.33173;13
12:19:45.483;48.8756;2.26306;48.8995;2.1944;48.8517;2.33173;13
12:19:45.483;48.877;2.26375;48.9009;2.19508;48.8531;2.33241;13
12:19:45.622;48.8815;2.26872;48.9054;2.20006;48.8576;2.33739;13
12:19:45.623;48.8816;2.26906;48.9055;2.20039;48.8577;2.33772;13
12:19:45.756;48.8817;2.27026;48.9056;2.2016;48.8578;2.33893;13
12:19:45.757;48.8817;2.27216;48.9056;2.20349;48.8578;2.34082;13
12:19:45.841;48.8821;2.27405;48.9059;2.20538;48.8582;2.34271;13
12:19:46.547;48.8821;2.2737;48.9059;2.20503;48.8582;2.34236;13
12:19:46.548;48.8826;2.27284;48.9065;2.20418;48.8588;2.34151;13
12:19:46.597;48.8958;2.26598;48.9197;2.19731;48.872;2.33464;13
12:19:47.745;48.894;2.26494;48.9179;2.19627;48.8702;2.3336;13
12:19:47.745;48.8925;2.26649;48.9163;2.19783;48.8686;2.33516;13
12:19:47.798;48.8913;2.26718;48.9152;2.19852;48.8675;2.33585;13
12:19:47.960;48.891;2.26752;48.9149;2.19885;48.8671;2.33618;13
12:19:47.960;48.8867;2.26906;48.9106;2.20039;48.8628;2.33772;13
12:19:48.107;48.8835;2.27147;48.9074;2.2028;48.8597;2.34013;13
12:19:48.290;48.8828;2.27232;48.9066;2.20366;48.8589;2.34099;13
12:19:48.291;48.8804;2.27336;48.9043;2.2047;48.8565;2.34203;13
12:19:48.291;48.8804;2.27353;48.9043;2.20486;48.8565;2.34219;13
12:19:48.414;48.8799;2.2737;48.9038;2.20503;48.856;2.34236;13
12:19:48.414;48.8791;2.27405;48.903;2.20538;48.8553;2.34271;13
12:19:48.522;48.8776;2.27473;48.9014;2.20607;48.8537;2.3434;13
12:19:48.522;48.8771;2.27507;48.901;2.20641;48.8532;2.34373;13
12:19:48.675;48.8756;2.27592;48.8995;2.20726;48.8517;2.34459;13
12:19:48.676;48.8756;2.27611;48.8995;2.20744;48.8517;2.34477;13
12:19:48.676;48.8756;2.27644;48.8995;2.20778;48.8517;2.34511;13
12:19:48.781;48.8737;2.27834;48.8976;2.20967;48.8498;2.347;13
12:19:48.782;48.8726;2.27919;48.8965;2.21053;48.8487;2.34785;13
12:19:48.877;48.8707;2.28091;48.8946;2.21225;48.8468;2.34958;13
12:19:48.878;48.8707;2.28125;48.8946;2.21259;48.8468;2.34991;13
12:19:48.973;48.8704;2.28177;48.8943;2.2131;48.8466;2.35043;13
12:19:48.973;48.8704;2.2821;48.8943;2.21344;48.8466;2.35077;13
12:19:49.062;48.8698;2.28348;48.8936;2.21481;48.8459;2.35214;13
12:19:49.174;48.8697;2.28383;48.8935;2.21516;48.8458;2.35249;13
12:19:49.174;48.8688;2.28452;48.8926;2.21585;48.8449;2.35318;13
12:19:49.174;48.8688;2.28468;48.8926;2.21602;48.8449;2.35335;13
12:19:49.262;48.8683;2.28641;48.8922;2.21774;48.8444;2.35507;13
12:19:49.262;48.8683;2.28691;48.8922;2.21825;48.8444;2.35558;13
12:19:49.335;48.8683;2.28726;48.8922;2.2186;48.8444;2.35593;13
12:19:49.805;48.8668;2.28726;48.8907;2.2186;48.8429;2.35593;13
12:19:49.805;48.8649;2.28674;48.8888;2.21808;48.841;2.35541;13
12:19:49.918;48.857;2.28641;48.8809;2.21774;48.8331;2.35507;13
12:19:49.919;48.854;2.2876;48.8778;2.21893;48.8301;2.35626;13
12:19:50.019;48.852;2.28949;48.8759;2.22083;48.8281;2.35815;13
12:19:50.019;48.8517;2.29034;48.8756;2.22168;48.8278;2.35901;13
12:19:50.177;48.8517;2.29053;48.8756;2.22186;48.8278;2.35919;13
12:19:50.177;48.8516;2.29086;48.8755;2.2222;48.8277;2.35953;13
12:19:50.331;48.8517;2.2919;48.8756;2.22324;48.8278;2.36057;13
12:19:50.332;48.8518;2.29224;48.8757;2.22357;48.8279;2.3609;13
12:19:50.423;48.852;2.2924;48.8759;2.22374;48.8281;2.36107;13
12:19:53.211;48.852;2.2924;48.864;2.25807;48.8401;2.32674;14
12:19:54.484;48.8522;2.29309;48.8642;2.25876;48.8403;2.32742;14
12:19:56.475;48.8522;2.29309;48.8582;2.27592;48.8462;2.31026;15
12:19:57.194;48.8524;2.29323;48.8583;2.27606;48.8464;2.31039;15
12:19:57.276;48.8534;2.29297;48.8594;2.2758;48.8475;2.31013;15
12:19:57.830;48.8537;2.29318;48.8597;2.27602;48.8477;2.31035;15
12:19:57.830;48.856;2.29306;48.862;2.27588;48.8501;2.31021;15
12:19:58.545;48.8562;2.29318;48.8622;2.27602;48.8503;2.31035;15
12:20:01.430;48.8566;2.29361;48.8626;2.27644;48.8507;2.31078;15
12:20:01.430;48.8593;2.29378;48.8653;2.27661;48.8534;2.31094;15
12:20:02.079;48.8593;2.29408;48.8653;2.27692;48.8534;2.31125;15
12:20:02.079;48.8593;2.29605;48.8652;2.27888;48.8533;2.31322;15
12:20:02.159;48.8589;2.29709;48.8649;2.27992;48.853;2.31425;15
12:20:02.791;48.8589;2.29742;48.8649;2.28026;48.853;2.31459;15
12:20:02.792;48.8572;2.29752;48.8631;2.28035;48.8512;2.31468;15
12:20:02.873;48.8565;2.29721;48.8625;2.28004;48.8505;2.31438;15
12:20:04.688;48.8569;2.29778;48.8629;2.28061;48.8509;2.31494;15
12:20:06.153;48.857;2.29782;48.863;2.28065;48.851;2.31499;15
12:20:06.154;48.8572;2.29782;48.8631;2.28065;48.8512;2.31499;15
12:20:09.200;48.8572;2.29782;48.8631;2.28065;48.8512;2.31499;15
12:20:09.200;48.8569;2.3018;48.8628;2.28464;48.8509;2.31897;15
12:20:09.289;48.857;2.30289;48.863;2.28572;48.851;2.32005;15
12:20:09.753;48.8569;2.30305;48.8629;2.28589;48.8509;2.32022;15
12:20:09.753;48.8565;2.30455;48.8625;2.28738;48.8506;2.32172;15
12:20:10.067;48.8566;2.30713;48.8625;2.28996;48.8506;2.3243;15
12:20:10.067;48.8567;2.30794;48.8627;2.29077;48.8507;2.3251;15
12:20:15.509;48.8567;2.30798;48.8627;2.29082;48.8507;2.32515;15
12:20:15.509;48.858;2.3085;48.864;2.29134;48.8521;2.32567;15
12:20:16.784;48.858;2.3085;48.861;2.29993;48.855;2.31708;16
12:20:17.588;48.8581;2.30873;48.8611;2.30016;48.8551;2.31731;16
12:20:17.588;48.8578;2.30914;48.8608;2.30057;48.8548;2.31773;16
12:20:18.104;48.8573;2.3096;48.8603;2.30101;48.8544;2.31816;16
12:20:18.104;48.8571;2.30988;48.8601;2.3013;48.8541;2.31845;16
12:20:18.104;48.8571;2.30997;48.8601;2.30138;48.8541;2.31854;16
12:20:18.418;48.8571;2.31004;48.8601;2.30147;48.8541;2.31863;16
12:20:18.418;48.8571;2.31007;48.8601;2.30148;48.8541;2.31863;16
12:20:28.359;48.8571;2.31007;48.8601;2.30148;48.8541;2.31863;16
12:20:28.360;48.8568;2.30994;48.8598;2.30136;48.8538;2.3185;16
12:20:28.865;48.8567;2.30945;48.8597;2.30086;48.8537;2.31802;16
12:20:28.865;48.8566;2.30923;48.8596;2.30064;48.8536;2.31781;16
12:20:28.865;48.8566;2.30919;48.8596;2.3006;48.8536;2.31778;16
12:20:29.930;48.8567;2.30902;48.8596;2.30043;48.8537;2.3176;16
12:20:29.930;48.8559;2.3076;48.8589;2.29901;48.853;2.31618;16
12:20:30.258;48.8552;2.30698;48.8582;2.2984;48.8523;2.31554;16
12:20:30.258;48.8548;2.30667;48.8578;2.2981;48.8518;2.31525;16
12:20:30.389;48.8548;2.30602;48.8578;2.29742;48.8518;2.31459;16
12:20:31.031;48.8548;2.30602;48.8578;2.29742;48.8518;2.31459;16
12:20:31.031;48.8548;2.30412;48.8578;2.29555;48.8518;2.31271;16
12:20:31.254;48.8549;2.30353;48.8579;2.29494;48.8519;2.3121;16
12:20:32.015;48.8549;2.3037;48.8578;2.2951;48.8519;2.31229;16
12:20:32.015;48.8544;2.30685;48.8573;2.29826;48.8514;2.31541;16
12:20:32.782;48.8544;2.30692;48.8573;2.29832;48.8514;2.31549;16
12:20:32.782;48.8547;2.30754;48.8577;2.29895;48.8517;2.3161;16
12:20:32.914;48.856;2.30846;48.859;2.29988;48.853;2.31705;16
12:20:33.640;48.856;2.30855;48.859;2.29996;48.8531;2.31712;16
12:20:33.640;48.8574;2.30913;48.8604;2.30054;48.8544;2.31769;16
12:20:33.859;48.8585;2.30934;48.8615;2.30075;48.8555;2.3179;16
12:20:34.537;48.8586;2.3094;48.8615;2.30083;48.8556;2.31799;16
12:20:34.537;48.859;2.30945;48.8619;2.30086;48.856;2.31802;16
12:20:34.891;48.8592;2.30956;48.8622;2.30096;48.8563;2.31812;16
12:20:34.891;48.8593;2.30962;48.8623;2.30104;48.8563;2.31821;16
12:20:35.538;48.8593;2.30962;48.8623;2.30104;48.8563;2.31821;16
12:20:35.538;48.8598;2.30972;48.8628;2.30115;48.8569;2.31828;16
12:20:35.673;48.8599;2.30968;48.8629;2.3011;48.8569;2.31824;16
12:20:44.421;48.86;2.30968;48.8629;2.3011;48.857;2.31824;16
12:20:44.422;48.8598;2.30936;48.8627;2.30078;48.8568;2.31795;16
12:20:44.717;48.8593;2.30928;48.8622;2.30069;48.8563;2.31786;16
12:20:44.718;48.8588;2.3091;48.8618;2.30052;48.8558;2.31769;16
12:20:45.067;48.8586;2.30907;48.8616;2.30048;48.8556;2.31764;16
12:20:45.068;48.8586;2.30904;48.8615;2.30046;48.8556;2.3176;16
12:20:45.200;48.8586;2.30898;48.8615;2.30038;48.8556;2.31755;16
12:20:47.215;48.8587;2.30898;48.8617;2.30038;48.8557;2.31755;16
12:20:47.216;48.8593;2.3091;48.8623;2.30052;48.8563;2.31769;16
12:21:06.343;48.8593;2.3091;48.8653;2.29193;48.8534;2.32626;15
12:21:07.499;48.8593;2.30888;48.8653;2.29172;48.8534;2.32605;15
12:21:07.499;48.8584;2.30379;48.8644;2.28662;48.8525;2.32095;15
12:21:07.585;48.8578;2.3022;48.8638;2.28503;48.8519;2.31937;15
12:21:08.250;48.8579;2.3022;48.8639;2.28503;48.8519;2.31937;15
12:21:08.251;48.8568;2.30228;48.8628;2.28511;48.8508;2.31944;15
12:21:08.484;48.8546;2.30202;48.8606;2.28485;48.8487;2.31918;15
12:21:11.133;48.8549;2.30202;48.8608;2.28485;48.8489;2.31918;15
12:21:11.133;48.856;2.30249;48.862;2.28532;48.85;2.31966;15
12:21:11.218;48.8581;2.30289;48.8641;2.28572;48.8522;2.32005;15
12:21:13.257;48.8581;2.30289;48.8641;2.28572;48.8522;2.32005;15
12:21:13.258;48.8568;2.30223;48.8628;2.28506;48.8508;2.3194;15
12:21:13.499;48.8552;2.30164;48.8612;2.28447;48.8493;2.3188;15
12:21:13.499;48.8545;2.30142;48.8605;2.28426;48.8485;2.31859;15
12:21:13.615;48.8538;2.30133;48.8598;2.28416;48.8479;2.3185;15
12:21:14.086;48.8538;2.30133;48.8598;2.28416;48.8479;2.3185;15
12:21:14.086;48.8538;2.30138;48.8598;2.28421;48.8479;2.31854;15
12:21:14.319;48.8544;2.30168;48.8604;2.28452;48.8484;2.31885;15
12:21:14.319;48.8548;2.30206;48.8608;2.2849;48.8489;2.31923;15
12:21:14.593;48.8554;2.30232;48.8614;2.28516;48.8494;2.31949;15
12:21:14.593;48.8559;2.30244;48.8618;2.28528;48.8499;2.31961;15
12:21:14.705;48.8561;2.3028;48.8621;2.28563;48.8501;2.31996;15
12:21:15.312;48.8562;2.30284;48.8622;2.28568;48.8502;2.32001;15
12:21:15.313;48.8569;2.30348;48.8629;2.28632;48.8509;2.32065;15
12:21:15.637;48.8578;2.30443;48.8638;2.28726;48.8519;2.32159;15
12:21:15.638;48.859;2.30519;48.865;2.28802;48.8531;2.32236;15
12:21:15.751;48.8591;2.30533;48.865;2.28816;48.8531;2.32249;15
12:21:17.709;48.859;2.30533;48.865;2.28816;48.853;2.32249;15
12:21:17.710;48.8576;2.30447;48.8636;2.28731;48.8517;2.32164;15
12:21:18.863;48.8575;2.30443;48.8635;2.28726;48.8515;2.32159;15
12:21:18.863;48.8559;2.30334;48.8619;2.28619;48.85;2.32053;15
12:21:19.058;48.8544;2.30267;48.8604;2.28549;48.8485;2.31982;15
12:21:19.059;48.8545;2.30267;48.8604;2.28549;48.8485;2.31982;15
12:21:20.226;48.8545;2.30275;48.8605;2.28558;48.8486;2.31992;15
12:21:20.227;48.8547;2.30289;48.8607;2.28572;48.8487;2.32005;15
12:21:21.200;48.8547;2.30289;48.8607;2.28572;48.8487;2.32005;15
12:21:21.201;48.8553;2.30322;48.8613;2.28606;48.8494;2.32039;15
12:21:21.289;48.8558;2.30353;48.8618;2.28636;48.8498;2.32069;15
12:21:21.944;48.8558;2.30353;48.8618;2.28636;48.8498;2.32069;15
12:21:21.944;48.8563;2.30408;48.8623;2.28691;48.8503;2.32124;15
12:21:22.202;48.8581;2.30542;48.8641;2.28824;48.8522;2.32257;15
12:21:22.202;48.8584;2.30559;48.8644;2.28842;48.8524;2.32275;15
12:21:26.615;48.8584;2.30559;48.8644;2.28842;48.8524;2.32275;15
12:21:26.615;48.8584;2.30559;48.8644;2.28842;48.8524;2.32275;15
12:21:26.710;48.8584;2.30559;48.8644;2.28842;48.8524;2.32275;15
12:21:27.084;48.8584;2.30563;48.8644;2.28847;48.8524;2.3228;15
12:21:27.084;48.8584;2.30563;48.8644;2.28847;48.8524;2.3228;15
12:21:27.427;48.8584;2.30566;48.8644;2.2885;48.8525;2.32283;15
12:21:27.427;48.8585;2.30571;48.8644;2.28854;48.8525;2.32288;15
12:21:35.291;48.8585;2.30576;48.8644;2.28859;48.8525;2.32292;15
12:21:35.292;48.8588;2.30597;48.8647;2.2888;48.8528;2.32314;15
12:21:35.558;48.8585;2.30588;48.8644;2.28871;48.8525;2.32304;15
12:21:35.559;48.8584;2.30588;48.8644;2.28871;48.8524;2.32304;15
12:21:35.677;48.8584;2.30592;48.8644;2.28876;48.8524;2.32309;15
12:21:38.732;48.8584;2.3067;48.8644;2.28954;48.8525;2.32387;15
12:21:38.732;48.8562;2.3046;48.8622;2.28743;48.8502;2.32176;15
12:21:38.824;48.8541;2.30173;48.86;2.28456;48.8481;2.31889;15
12:21:41.776;48.8543;2.30185;48.8603;2.28468;48.8483;2.31902;15
12:21:41.776;48.858;2.30241;48.864;2.28525;48.8521;2.31958;15
12:21:42.106;48.861;2.30305;48.8669;2.28589;48.855;2.32022;15
12:21:42.106;48.861;2.30313;48.867;2.28596;48.855;2.3203;15
12:21:42.957;48.861;2.30313;48.867;2.28596;48.855;2.3203;15
12:21:42.957;48.8601;2.30263;48.8661;2.28546;48.8541;2.31979;15
12:21:43.056;48.8599;2.30241;48.8658;2.28525;48.8539;2.31958;15
12:21:51.368;48.8599;2.30241;48.8658;2.28525;48.8539;2.31958;15
12:21:51.368;48.86;2.30241;48.8659;2.28525;48.854;2.31958;15
12:21:54.295;48.8601;2.30263;48.866;2.28546;48.8541;2.31979;15
12:21:54.296;48.8616;2.30289;48.8675;2.28572;48.8556;2.32005;15
12:21:54.596;48.8604;2.30095;48.8664;2.28378;48.8544;2.31812;15
12:21:54.596;48.86;2.30223;48.866;2.28506;48.854;2.3194;15
12:21:54.714;48.8608;2.30344;48.8667;2.28627;48.8548;2.3206;15
12:21:58.381;48.8608;2.30353;48.8667;2.28636;48.8548;2.32069;15
12:21:58.382;48.8609;2.3036;48.8668;2.28644;48.8549;2.32077;15
12:21:58.499;48.8609;2.3036;48.8669;2.28644;48.8549;2.32077;15
12:22:09.824;48.8609;2.3036;48.8669;2.28644;48.8549;2.32077;15
12:22:09.824;48.8594;2.30417;48.8653;2.287;48.8534;2.32133;15
12:22:10.136;48.8572;2.30417;48.8632;2.287;48.8512;2.32133;15
12:22:10.136;48.8562;2.30417;48.8622;2.287;48.8502;2.32133;15
12:22:10.249;48.8557;2.30412;48.8616;2.28696;48.8497;2.32129;15
12:22:18.588;48.8557;2.30412;48.8616;2.28696;48.8497;2.32129;15
12:22:18.588;48.8564;2.3046;48.8624;2.28743;48.8504;2.32176;15
12:22:18.687;48.8575;2.30464;48.8635;2.28748;48.8515;2.32181;15
