12:09:07.757;48.8538;2.34833;48.9016;2.211;48.806;2.48566;12
12:09:07.837;48.8563;2.34352;48.904;2.20619;48.8085;2.48085;12
12:09:07.837;48.8568;2.34283;48.9045;2.20551;48.809;2.48016;12
12:09:07.973;48.8599;2.32567;48.9077;2.18834;48.8121;2.463;12
12:09:08.041;48.8647;2.30197;48.9124;2.16464;48.8169;2.4393;12
12:09:08.121;48.8644;2.30164;48.9122;2.16431;48.8166;2.43896;12
12:09:08.212;48.8644;2.30026;48.9122;2.16293;48.8166;2.43759;12
12:09:08.296;48.8642;2.30026;48.9119;2.16293;48.8164;2.43759;12
12:09:08.296;48.8642;2.30026;48.9119;2.16293;48.8164;2.43759;12
12:09:08.373;48.8642;2.29958;48.9119;2.16225;48.8164;2.4369;12
12:09:08.373;48.8642;2.29855;48.9119;2.16122;48.8164;2.43588;12
12:09:08.436;48.8647;2.2951;48.9124;2.15778;48.8169;2.43243;12
12:09:09.587;48.8644;2.29477;48.9122;2.15744;48.8166;2.4321;12
12:09:09.615;48.8629;2.28722;48.9106;2.14989;48.8151;2.42455;12
12:09:09.615;48.8629;2.28275;48.9106;2.14542;48.8151;2.42007;12
12:09:09.670;48.8626;2.2776;48.9104;2.14027;48.8148;2.41493;12
12:09:09.670;48.8626;2.27658;48.9104;2.13925;48.8148;2.41391;12
12:09:09.742;48.8597;2.27588;48.9074;2.13855;48.8119;2.41321;12
12:09:09.742;48.859;2.27486;48.9068;2.13753;48.8112;2.41219;12
12:09:09.808;48.8561;2.27417;48.9038;2.13684;48.8083;2.4115;12
12:09:09.882;48.8554;2.27383;48.9031;2.13651;48.8076;2.41116;12
12:09:09.883;48.8549;2.27383;48.9027;2.13651;48.8072;2.41116;12
12:09:09.960;48.8565;2.27383;48.9043;2.13651;48.8087;2.41116;12
12:09:10.039;48.8588;2.27142;48.9065;2.13409;48.811;2.40875;12
12:09:10.732;48.8588;2.27142;48.8827;2.20276;48.8349;2.34009;13
12:09:11.295;48.8548;2.28258;48.8787;2.21391;48.8309;2.35124;13
12:09:11.295;48.8545;2.28326;48.8784;2.2146;48.8306;2.35193;13
12:09:11.407;48.8532;2.28516;48.8771;2.21649;48.8294;2.35382;13
12:09:11.526;48.8528;2.28601;48.8767;2.21735;48.8289;2.35468;13
12:09:11.527;48.8528;2.28601;48.8767;2.21735;48.8289;2.35468;13
12:09:11.602;48.8535;2.28447;48.8774;2.21581;48.8296;2.35313;13
12:09:14.673;48.8547;2.28464;48.8786;2.21597;48.8308;2.3533;13
12:09:14.710;48.8577;2.28619;48.8815;2.21753;48.8338;2.35486;13
12:09:14.752;48.8592;2.28687;48.8831;2.2182;48.8354;2.35553;13
12:09:14.753;48.8597;2.28705;48.8836;2.21838;48.8358;2.35571;13
12:09:14.831;48.861;2.28722;48.8849;2.21855;48.8372;2.35588;13
12:09:14.831;48.8613;2.28722;48.8852;2.21855;48.8374;2.35588;13
12:09:14.911;48.8625;2.28757;48.8864;2.2189;48.8386;2.35623;13
12:09:14.911;48.8632;2.28757;48.8871;2.2189;48.8393;2.35623;13
12:09:14.994;48.8651;2.28842;48.889;2.21976;48.8412;2.35709;13
12:09:14.994;48.8656;2.28859;48.8894;2.21992;48.8417;2.35725;13
12:09:15.081;48.8665;2.28894;48.8903;2.22028;48.8426;2.3576;13
12:09:15.081;48.8666;2.28894;48.8905;2.22028;48.8427;2.3576;13
12:09:15.151;48.8669;2.28911;48.8908;2.22044;48.843;2.35777;13
12:09:15.229;48.867;2.28928;48.8909;2.22061;48.8431;2.35794;13
12:09:15.319;48.8675;2.28928;48.8914;2.22061;48.8436;2.35794;13
12:09:15.320;48.8677;2.28944;48.8916;2.22078;48.8438;2.35811;13
12:09:15.411;48.8684;2.28961;48.8923;2.22095;48.8445;2.35828;13
12:09:15.412;48.8685;2.28961;48.8924;2.22095;48.8446;2.35828;13
12:09:15.499;48.8683;2.28979;48.8922;2.22113;48.8444;2.35846;13
12:09:15.499;48.8682;2.28979;48.892;2.22113;48.8443;2.35846;13
12:09:15.573;48.8682;2.28979;48.892;2.22113;48.8443;2.35846;13
12:09:16.351;48.8682;2.28979;48.892;2.22113;48.8443;2.35846;13
12:09:16.352;48.8682;2.28996;48.892;2.2213;48.8443;2.35863;13
12:09:16.381;48.8658;2.29082;48.8897;2.22215;48.8419;2.35948;13
12:09:16.433;48.8638;2.29082;48.8876;2.22215;48.8399;2.35948;13
12:09:16.434;48.8631;2.29082;48.887;2.22215;48.8392;2.35948;13
12:09:16.513;48.8612;2.28996;48.885;2.2213;48.8373;2.35863;13
12:09:16.513;48.8607;2.28979;48.8846;2.22113;48.8368;2.35846;13
12:09:16.594;48.8599;2.28944;48.8838;2.22078;48.836;2.35811;13
12:09:16.594;48.8598;2.28911;48.8837;2.22044;48.8359;2.35777;13
12:09:16.675;48.8591;2.28859;48.883;2.21992;48.8352;2.35725;13
12:09:16.675;48.8591;2.28842;48.883;2.21976;48.8352;2.35709;13
12:09:16.755;48.8589;2.28807;48.8828;2.21941;48.835;2.35674;13
12:09:16.755;48.8589;2.28807;48.8828;2.21941;48.835;2.35674;13
12:09:16.834;48.8587;2.2879;48.8825;2.21924;48.8348;2.35657;13
12:09:16.834;48.8586;2.2879;48.8824;2.21924;48.8347;2.35657;13
12:09:16.904;48.8582;2.2879;48.8821;2.21924;48.8343;2.35657;13
12:09:16.972;48.8593;2.28807;48.8832;2.21941;48.8355;2.35674;13
12:09:17.038;48.8602;2.28705;48.8841;2.21838;48.8364;2.35571;13
12:09:22.272;48.8595;2.28705;48.8833;2.21838;48.8356;2.35571;13
12:09:22.310;48.8547;2.2843;48.8786;2.21564;48.8308;2.35297;13
12:09:22.368;48.8483;2.28052;48.8722;2.21185;48.8244;2.34918;13
12:09:22.368;48.845;2.27863;48.8689;2.20996;48.8211;2.34729;13
12:09:22.487;48.8429;2.27692;48.8667;2.20825;48.819;2.34558;13
12:09:22.487;48.8429;2.27692;48.8667;2.20825;48.819;2.34558;13
12:09:22.572;48.8429;2.27675;48.8667;2.20808;48.819;2.34541;13
12:09:22.656;48.843;2.27571;48.8669;2.20705;48.8191;2.34438;13
12:09:23.491;48.8426;2.27538;48.8665;2.20671;48.8187;2.34404;13
12:09:23.491;48.8438;2.27588;48.8676;2.20721;48.8199;2.34454;13
12:09:23.521;48.8564;2.2807;48.8803;2.21204;48.8325;2.34937;13
12:09:23.521;48.8587;2.28172;48.8825;2.21306;48.8348;2.35039;13
12:09:23.566;48.8632;2.28412;48.8871;2.21545;48.8393;2.35278;13
12:09:23.566;48.864;2.2843;48.8879;2.21564;48.8401;2.35297;13
12:09:23.661;48.8653;2.28601;48.8892;2.21735;48.8414;2.35468;13
12:09:23.661;48.8656;2.28653;48.8894;2.21786;48.8417;2.35519;13
12:09:23.661;48.8657;2.28653;48.8895;2.21786;48.8418;2.35519;13
12:09:23.729;48.8658;2.28705;48.8897;2.21838;48.8419;2.35571;13
12:09:23.800;48.866;2.28705;48.8899;2.21838;48.8421;2.35571;13
12:09:23.880;48.866;2.28653;48.8899;2.21786;48.8421;2.35519;13
12:09:23.880;48.866;2.28601;48.8899;2.21735;48.8421;2.35468;13
12:09:27.779;48.866;2.28653;48.8899;2.21786;48.8421;2.35519;13
12:09:27.779;48.8655;2.28807;48.8893;2.21941;48.8416;2.35674;13
12:09:27.816;48.8608;2.2867;48.8847;2.21803;48.8369;2.35536;13
12:09:27.816;48.8606;2.28619;48.8845;2.21753;48.8367;2.35486;13
12:09:27.874;48.8599;2.28464;48.8838;2.21597;48.836;2.3533;13
12:09:27.874;48.8598;2.28464;48.8837;2.21597;48.8359;2.3533;13
12:09:27.953;48.8588;2.28395;48.8827;2.21529;48.8349;2.35262;13
12:09:27.954;48.8588;2.28395;48.8827;2.21529;48.8349;2.35262;13
12:09:28.027;48.8588;2.28362;48.8827;2.21495;48.8349;2.35228;13
12:09:28.099;48.8586;2.28345;48.8824;2.21478;48.8347;2.35211;13
12:09:28.181;48.8586;2.28326;48.8824;2.2146;48.8347;2.35193;13
12:09:28.181;48.8587;2.28326;48.8825;2.2146;48.8348;2.35193;13
12:09:28.248;48.8597;2.2831;48.8836;2.21443;48.8358;2.35176;13
12:09:28.315;48.8597;2.2831;48.8836;2.21443;48.8358;2.35176;13
12:09:28.392;48.8598;2.28293;48.8837;2.21426;48.8359;2.35159;13
12:09:28.474;48.8602;2.28189;48.8841;2.21323;48.8364;2.35056;13
12:09:28.474;48.8609;2.28189;48.8848;2.21323;48.837;2.35056;13
12:09:29.185;48.8608;2.28137;48.8847;2.21271;48.8369;2.35004;13
12:09:29.215;48.86;2.26988;48.8839;2.20122;48.8361;2.33855;13
12:09:29.299;48.8616;2.26129;48.8855;2.19263;48.8377;2.32996;13
12:09:29.299;48.8619;2.25975;48.8858;2.19109;48.8381;2.32841;13
12:09:29.379;48.863;2.25786;48.8868;2.18919;48.8391;2.32652;13
12:09:29.379;48.8631;2.25752;48.887;2.18886;48.8392;2.32619;13
12:09:29.451;48.8635;2.257;48.8874;2.18834;48.8396;2.32567;13
12:09:29.541;48.8635;2.257;48.8874;2.18834;48.8396;2.32567;13
12:09:29.541;48.8639;2.25665;48.8877;2.18799;48.84;2.32532;13
12:09:29.623;48.8647;2.25632;48.8885;2.18765;48.8408;2.32498;13
12:09:30.005;48.8655;2.25873;48.8893;2.19006;48.8416;2.32739;13
12:09:30.115;48.8708;2.27348;48.8946;2.20482;48.8469;2.34215;13
12:09:30.115;48.8719;2.27658;48.8958;2.20792;48.848;2.34525;13
12:09:30.227;48.8753;2.2831;48.8992;2.21443;48.8514;2.35176;13
12:09:30.227;48.8755;2.28362;48.8994;2.21495;48.8516;2.35228;13
12:09:30.415;48.8762;2.28412;48.9001;2.21545;48.8523;2.35278;13
12:09:30.415;48.8763;2.28412;48.9002;2.21545;48.8524;2.35278;13
12:09:30.580;48.8763;2.28395;48.9002;2.21529;48.8524;2.35262;13
12:09:30.581;48.8764;2.28345;48.9003;2.21478;48.8525;2.35211;13
12:09:31.085;48.8744;2.28412;48.8982;2.21545;48.8505;2.35278;13
12:09:31.085;48.8717;2.28464;48.8955;2.21597;48.8478;2.3533;13
12:09:31.162;48.863;2.28636;48.8868;2.2177;48.8391;2.35503;13
12:09:31.255;48.8609;2.2867;48.8848;2.21803;48.837;2.35536;13
12:09:31.336;48.8602;2.28705;48.8841;2.21838;48.8364;2.35571;13
12:09:31.336;48.8601;2.28705;48.884;2.21838;48.8363;2.35571;13
12:09:31.434;48.8608;2.28636;48.8847;2.2177;48.8369;2.35503;13
12:09:31.435;48.8607;2.28636;48.8846;2.2177;48.8368;2.35503;13
12:09:31.536;48.8607;2.28601;48.8846;2.21735;48.8368;2.35468;13
12:09:31.537;48.8601;2.28619;48.884;2.21753;48.8363;2.35486;13
12:09:31.644;48.8579;2.28842;48.8818;2.21976;48.834;2.35709;13
12:09:31.644;48.8579;2.28859;48.8818;2.21992;48.834;2.35725;13
12:09:31.743;48.8508;2.2915;48.8746;2.22284;48.8269;2.36017;13
12:09:31.743;48.8496;2.29169;48.8735;2.22302;48.8257;2.36035;13
12:09:32.081;48.8493;2.29013;48.8732;2.22147;48.8254;2.3588;13
12:09:32.082;48.849;2.29013;48.8728;2.22147;48.8251;2.3588;13
12:09:32.082;48.849;2.28979;48.8728;2.22113;48.8251;2.35846;13
12:09:32.082;48.8486;2.28961;48.8725;2.22095;48.8247;2.35828;13
12:09:32.082;48.8486;2.28961;48.8725;2.22095;48.8247;2.35828;13
12:09:32.185;48.8483;2.28859;48.8722;2.21992;48.8244;2.35725;13
12:09:36.199;48.8483;2.28894;48.8722;2.22028;48.8244;2.3576;13
12:09:36.199;48.8479;2.29048;48.8718;2.22182;48.824;2.35915;13
12:09:36.259;48.8441;2.28944;48.868;2.22078;48.8202;2.35811;13
12:09:36.259;48.8426;2.28842;48.8665;2.21976;48.8187;2.35709;13
12:09:36.389;48.8406;2.28722;48.8645;2.21855;48.8167;2.35588;13
12:09:36.389;48.8397;2.28636;48.8636;2.2177;48.8158;2.35503;13
12:09:36.518;48.8403;2.28378;48.8642;2.21512;48.8164;2.35245;13
12:09:36.518;48.8404;2.28293;48.8643;2.21426;48.8165;2.35159;13
12:09:36.645;48.8409;2.28104;48.8648;2.21237;48.817;2.3497;13
12:09:36.645;48.8426;2.2807;48.8665;2.21204;48.8187;2.34937;13
12:09:36.758;48.8457;2.28104;48.8696;2.21237;48.8218;2.3497;13
12:09:36.759;48.847;2.28189;48.8709;2.21323;48.8231;2.35056;13
12:09:36.861;48.8501;2.28395;48.874;2.21529;48.8262;2.35262;13
12:09:36.861;48.8505;2.28412;48.8744;2.21545;48.8266;2.35278;13
12:09:36.956;48.8522;2.28412;48.8761;2.21545;48.8283;2.35278;13
12:09:36.956;48.8523;2.28412;48.8762;2.21545;48.8284;2.35278;13
12:09:37.043;48.8545;2.28568;48.8784;2.21701;48.8306;2.35434;13
12:09:37.043;48.8551;2.28653;48.8789;2.21786;48.8312;2.35519;13
12:09:37.130;48.8568;2.28757;48.8806;2.2189;48.8329;2.35623;13
12:09:37.131;48.8572;2.2879;48.8811;2.21924;48.8333;2.35657;13
12:09:37.211;48.8579;2.28859;48.8818;2.21992;48.834;2.35725;13
12:09:37.211;48.8582;2.28876;48.8821;2.22009;48.8343;2.35742;13
12:09:37.293;48.8593;2.28961;48.8832;2.22095;48.8355;2.35828;13
12:09:37.294;48.8597;2.28979;48.8836;2.22113;48.8358;2.35846;13
12:09:37.374;48.8601;2.29031;48.884;2.22165;48.8363;2.35898;13
12:09:37.374;48.8605;2.29065;48.8844;2.22198;48.8366;2.35931;13
12:09:37.450;48.8614;2.29099;48.8853;2.22232;48.8375;2.35965;13
12:09:37.451;48.8617;2.29099;48.8856;2.22232;48.8378;2.35965;13
12:09:37.527;48.8625;2.2915;48.8864;2.22284;48.8386;2.36017;13
12:09:37.528;48.8627;2.29169;48.8866;2.22302;48.8388;2.36035;13
12:09:37.668;48.8631;2.29202;48.887;2.22336;48.8392;2.36069;13
12:09:37.755;48.8635;2.29288;48.8874;2.22421;48.8396;2.36154;13
12:09:37.755;48.8638;2.29306;48.8876;2.2244;48.8399;2.36172;13
12:09:37.822;48.8638;2.29306;48.8876;2.2244;48.8399;2.36172;13
12:09:38.207;48.8635;2.29356;48.8874;2.2249;48.8396;2.36223;13
12:09:38.323;48.8699;2.29013;48.8937;2.22147;48.846;2.3588;13
12:09:38.323;48.8706;2.28961;48.8945;2.22095;48.8468;2.35828;13
12:09:38.431;48.8753;2.28687;48.8992;2.2182;48.8514;2.35553;13
12:09:38.431;48.8758;2.28687;48.8997;2.2182;48.852;2.35553;13
12:09:38.584;48.8773;2.28549;48.9012;2.21683;48.8534;2.35416;13
12:09:38.584;48.8782;2.28532;48.9021;2.21666;48.8543;2.35399;13
12:09:38.900;48.8811;2.28532;48.905;2.21666;48.8573;2.35399;13
12:09:38.900;48.8819;2.28584;48.9058;2.21718;48.8581;2.35451;13
12:09:38.901;48.8827;2.29408;48.9066;2.22542;48.8588;2.36275;13
12:09:38.901;48.8827;2.29494;48.9066;2.22627;48.8588;2.3636;13
12:09:39.000;48.8827;2.29494;48.9066;2.22627;48.8588;2.3636;13
12:09:39.124;48.8826;2.2946;48.9065;2.22594;48.8587;2.36327;13
12:09:39.125;48.882;2.29443;48.9059;2.22577;48.8582;2.3631;13
12:09:39.239;48.8793;2.29271;48.9032;2.22404;48.8554;2.36137;13
12:09:39.239;48.8772;2.2915;48.9011;2.22284;48.8533;2.36017;13
12:09:39.335;48.8714;2.28859;48.8953;2.21992;48.8475;2.35725;13
12:09:39.335;48.8701;2.2879;48.894;2.21924;48.8462;2.35657;13
12:09:39.421;48.8671;2.28532;48.891;2.21666;48.8433;2.35399;13
12:09:39.421;48.8665;2.28532;48.8903;2.21666;48.8426;2.35399;13
12:09:39.503;48.8647;2.28447;48.8885;2.21581;48.8408;2.35313;13
12:09:39.504;48.8641;2.28412;48.888;2.21545;48.8402;2.35278;13
12:09:39.581;48.8626;2.28362;48.8865;2.21495;48.8387;2.35228;13
12:09:39.582;48.8619;2.28378;48.8858;2.21512;48.8381;2.35245;13
12:09:39.724;48.8598;2.28395;48.8837;2.21529;48.8359;2.35262;13
12:09:39.725;48.859;2.28395;48.8829;2.21529;48.8351;2.35262;13
12:09:39.838;48.8577;2.28412;48.8815;2.21545;48.8338;2.35278;13
12:09:39.838;48.8574;2.28412;48.8813;2.21545;48.8335;2.35278;13
12:09:39.966;48.8577;2.28395;48.8815;2.21529;48.8338;2.35262;13
12:09:40.323;48.857;2.28362;48.8809;2.21495;48.8331;2.35228;13
12:09:40.353;48.8583;2.2831;48.8822;2.21443;48.8344;2.35176;13
12:09:41.452;48.8583;2.2831;48.8703;2.24876;48.8464;2.31743;14
12:09:42.021;48.8557;2.28362;48.8677;2.24928;48.8438;2.31795;14
12:09:42.021;48.8553;2.28362;48.8672;2.24928;48.8433;2.31795;14
12:09:42.165;48.854;2.28369;48.8659;2.24936;48.842;2.31802;14
12:09:42.166;48.8537;2.28369;48.8657;2.24936;48.8418;2.31802;14
12:09:42.297;48.8535;2.28362;48.8654;2.24928;48.8415;2.31795;14
12:09:42.298;48.8538;2.28345;48.8658;2.24911;48.8419;2.31778;14
12:09:42.384;48.8542;2.28258;48.8661;2.24825;48.8423;2.31691;14
12:09:44.387;48.8542;2.28258;48.8661;2.24825;48.8423;2.31691;14
12:09:44.388;48.854;2.28258;48.866;2.24825;48.8421;2.31691;14
12:09:44.443;48.8541;2.28241;48.866;2.24808;48.8422;2.31674;14
12:09:44.443;48.8543;2.28224;48.8662;2.24791;48.8423;2.31657;14
12:09:44.574;48.8546;2.28224;48.8666;2.24791;48.8427;2.31657;14
12:09:44.575;48.8547;2.28224;48.8666;2.24791;48.8427;2.31657;14
12:09:44.707;48.855;2.28241;48.8669;2.24808;48.8431;2.31674;14
12:09:44.707;48.8551;2.2825;48.8671;2.24817;48.8432;2.31683;14
12:09:44.838;48.8552;2.2825;48.8671;2.24817;48.8432;2.31683;14
12:09:44.838;48.8552;2.28258;48.8672;2.24825;48.8433;2.31691;14
12:09:44.928;48.8552;2.28258;48.8672;2.24825;48.8433;2.31691;14
12:09:45.808;48.8552;2.28258;48.8672;2.24825;48.8433;2.31691;14
12:09:45.808;48.8554;2.28319;48.8674;2.24886;48.8435;2.31752;14
12:09:45.872;48.8558;2.28549;48.8677;2.25116;48.8438;2.31982;14
12:09:45.872;48.8558;2.2861;48.8677;2.25177;48.8438;2.32043;14
12:09:46.017;48.856;2.28687;48.8679;2.25253;48.844;2.3212;14
12:09:46.018;48.856;2.28705;48.8679;2.25272;48.844;2.32138;14
12:09:46.106;48.856;2.28722;48.8679;2.25288;48.844;2.32155;14
12:09:46.241;48.8559;2.28705;48.8679;2.25272;48.844;2.32138;14
12:09:46.242;48.8559;2.2867;48.8679;2.25237;48.844;2.32103;14
12:09:48.705;48.8559;2.2867;48.8679;2.25237;48.844;2.32103;14
12:09:48.705;48.8559;2.28722;48.8679;2.25288;48.844;2.32155;14
12:09:48.747;48.8561;2.28885;48.8681;2.25452;48.8442;2.32318;14
12:09:48.748;48.8562;2.28937;48.8681;2.25504;48.8442;2.3237;14
12:09:48.878;48.8562;2.2897;48.8681;2.25537;48.8442;2.32404;14
12:09:48.878;48.8562;2.28979;48.8681;2.25546;48.8442;2.32413;14
12:09:48.967;48.8562;2.28954;48.8681;2.2552;48.8442;2.32387;14
12:09:55.594;48.8555;2.28979;48.8675;2.25546;48.8436;2.32413;14
12:09:55.595;48.8544;2.29031;48.8664;2.25598;48.8425;2.32465;14
12:09:55.659;48.8536;2.29134;48.8656;2.257;48.8417;2.32567;14
12:09:55.659;48.8536;2.29143;48.8656;2.2571;48.8417;2.32576;14
12:09:55.748;48.8539;2.29124;48.8658;2.25691;48.8419;2.32558;14
12:09:56.731;48.8539;2.29124;48.8598;2.27408;48.8479;2.30841;15
12:09:58.097;48.8539;2.29124;48.8599;2.27408;48.8479;2.30841;15
12:09:58.097;48.8544;2.29112;48.8603;2.27396;48.8484;2.30829;15
12:09:58.351;48.8553;2.29056;48.8613;2.27339;48.8493;2.30772;15
12:09:58.351;48.8554;2.29039;48.8614;2.27322;48.8495;2.30756;15
12:09:58.426;48.8555;2.29018;48.8615;2.27301;48.8495;2.30734;15
12:09:59.422;48.8555;2.29018;48.8615;2.27301;48.8495;2.30734;15
12:09:59.422;48.8545;2.29134;48.8605;2.27417;48.8486;2.3085;15
12:09:59.671;48.854;2.29211;48.8599;2.27495;48.848;2.30928;15
12:09:59.672;48.8538;2.29224;48.8598;2.27507;48.8478;2.3094;15
12:09:59.914;48.8538;2.29233;48.8597;2.27516;48.8478;2.30949;15
12:09:59.914;48.8538;2.2924;48.8598;2.27524;48.8479;2.30957;15
12:10:00.172;48.8536;2.29233;48.8596;2.27516;48.8477;2.30949;15
12:10:00.172;48.8536;2.29236;48.8596;2.27521;48.8476;2.30954;15
12:10:00.438;48.8536;2.29236;48.8596;2.27521;48.8477;2.30954;15
12:10:00.438;48.8537;2.29219;48.8597;2.27502;48.8477;2.30936;15
12:10:01.148;48.8537;2.29224;48.8597;2.27507;48.8477;2.3094;15
12:10:01.148;48.8553;2.29181;48.8613;2.27464;48.8493;2.30898;15
12:10:01.398;48.8562;2.29176;48.8622;2.2746;48.8503;2.30893;15
12:10:01.399;48.8567;2.29207;48.8627;2.2749;48.8507;2.30923;15
12:10:01.663;48.8568;2.29202;48.8628;2.27486;48.8509;2.30919;15
12:10:01.664;48.8558;2.2924;48.8617;2.27524;48.8498;2.30957;15
12:10:01.921;48.8545;2.29254;48.8604;2.27538;48.8485;2.30971;15
12:10:01.921;48.8541;2.29259;48.8601;2.27542;48.8482;2.30975;15
12:10:02.187;48.8539;2.2925;48.8598;2.27533;48.8479;2.30966;15
12:10:02.187;48.8538;2.2925;48.8597;2.27533;48.8478;2.30966;15
12:10:02.381;48.8537;2.2928;48.8597;2.27563;48.8477;2.30997;15
12:10:02.382;48.8536;2.29283;48.8596;2.27567;48.8477;2.31;15
12:10:02.617;48.8536;2.29283;48.8596;2.27567;48.8476;2.31;15
12:10:02.617;48.8535;2.29276;48.8595;2.27559;48.8476;2.30992;15
12:10:07.373;48.8534;2.2928;48.8594;2.27563;48.8475;2.30997;15
12:10:07.374;48.8525;2.29309;48.8584;2.27592;48.8465;2.31026;15
12:10:07.703;48.8522;2.29306;48.8582;2.27588;48.8462;2.31021;15
12:10:07.704;48.8522;2.29301;48.8582;2.27585;48.8462;2.31018;15
12:10:07.912;48.8522;2.29297;48.8582;2.2758;48.8462;2.31013;15
12:10:07.912;48.8523;2.29276;48.8583;2.27559;48.8464;2.30992;15
12:10:08.154;48.8526;2.29259;48.8586;2.27542;48.8466;2.30975;15
12:10:08.154;48.8526;2.29254;48.8586;2.27538;48.8466;2.30971;15
12:10:08.217;48.8526;2.29233;48.8586;2.27516;48.8467;2.30949;15
12:10:12.326;48.8527;2.29228;48.8587;2.27512;48.8468;2.30945;15
12:10:12.326;48.8535;2.29214;48.8594;2.27498;48.8475;2.30931;15
12:10:12.544;48.8536;2.29214;48.8596;2.27498;48.8477;2.30931;15
12:10:12.545;48.8537;2.29214;48.8596;2.27498;48.8477;2.30931;15
12:10:12.778;48.8537;2.29214;48.8597;2.27498;48.8478;2.30931;15
12:10:12.778;48.8538;2.29228;48.8597;2.27512;48.8478;2.30945;15
12:10:12.858;48.8536;2.29219;48.8596;2.27502;48.8476;2.30936;15
12:10:14.583;48.8536;2.2924;48.8596;2.27524;48.8476;2.30957;15
12:10:14.583;48.854;2.29271;48.86;2.27554;48.848;2.30988;15
12:10:14.801;48.8543;2.29301;48.8603;2.27585;48.8484;2.31018;15
12:10:14.802;48.8547;2.2934;48.8607;2.27623;48.8487;2.31056;15
12:10:15.083;48.8552;2.2933;48.8612;2.27614;48.8493;2.31047;15
12:10:15.083;48.8553;2.29292;48.8613;2.27576;48.8494;2.31009;15
12:10:15.325;48.8555;2.29271;48.8615;2.27554;48.8496;2.30988;15
12:10:15.325;48.8555;2.29245;48.8615;2.27528;48.8495;2.30962;15
12:10:15.552;48.8557;2.29193;48.8617;2.27477;48.8498;2.3091;15
12:10:15.552;48.8558;2.29143;48.8618;2.27426;48.8498;2.30859;15
12:10:15.794;48.8559;2.29124;48.8618;2.27408;48.8499;2.30841;15
12:10:15.794;48.8559;2.29117;48.8618;2.274;48.8499;2.30833;15
12:10:16.026;48.8546;2.29034;48.8606;2.27318;48.8487;2.30751;15
12:10:16.026;48.8535;2.29065;48.8594;2.27348;48.8475;2.30782;15
12:10:16.314;48.8528;2.29074;48.8588;2.27357;48.8468;2.30791;15
12:10:16.315;48.8527;2.2907;48.8587;2.27353;48.8467;2.30786;15
12:10:16.481;48.8527;2.2907;48.8587;2.27353;48.8467;2.30786;15
12:10:16.481;48.8527;2.2907;48.8587;2.27353;48.8468;2.30786;15
12:10:16.703;48.8527;2.29065;48.8587;2.27348;48.8467;2.30782;15
12:10:16.704;48.8527;2.29065;48.8587;2.27348;48.8467;2.30782;15
12:10:16.937;48.8527;2.29074;48.8587;2.27357;48.8467;2.30791;15
12:10:16.937;48.8525;2.29086;48.8585;2.2737;48.8465;2.30803;15
12:10:17.145;48.8525;2.2906;48.8585;2.27344;48.8465;2.30777;15
12:10:17.145;48.8526;2.29044;48.8586;2.27327;48.8466;2.3076;15
12:10:17.387;48.8527;2.29034;48.8587;2.27318;48.8468;2.30751;15
12:10:17.387;48.8527;2.29034;48.8587;2.27318;48.8468;2.30751;15
12:10:17.629;48.8527;2.29034;48.8587;2.27318;48.8468;2.30751;15
12:10:17.630;48.8528;2.29027;48.8588;2.2731;48.8469;2.30743;15
12:10:17.864;48.853;2.29018;48.8589;2.27301;48.847;2.30734;15
12:10:17.864;48.853;2.29018;48.8589;2.27301;48.847;2.30734;15
12:10:18.131;48.853;2.29008;48.8589;2.27292;48.847;2.30725;15
12:10:18.131;48.853;2.29005;48.859;2.27289;48.847;2.30722;15
12:10:18.340;48.853;2.29005;48.859;2.27289;48.847;2.30722;15
12:10:18.340;48.853;2.29005;48.859;2.27289;48.847;2.30722;15
12:10:18.574;48.853;2.29005;48.859;2.27289;48.847;2.30722;15
12:10:18.574;48.853;2.29005;48.859;2.27289;48.847;2.30722;15
12:10:18.829;48.8531;2.29005;48.859;2.27289;48.8471;2.30722;15
12:10:18.829;48.8532;2.29001;48.8591;2.27284;48.8472;2.30717;15
12:10:19.044;48.8534;2.28979;48.8594;2.27263;48.8474;2.30696;15
12:10:19.044;48.8535;2.28954;48.8595;2.27237;48.8475;2.3067;15
12:10:19.293;48.8536;2.2894;48.8596;2.27223;48.8476;2.30656;15
12:10:19.294;48.8537;2.28923;48.8596;2.27206;48.8477;2.3064;15
12:10:19.519;48.8538;2.28911;48.8597;2.27194;48.8478;2.30627;15
12:10:19.519;48.8538;2.28902;48.8597;2.27185;48.8478;2.30618;15
12:10:19.754;48.8537;2.28902;48.8597;2.27185;48.8478;2.30618;15
12:10:19.754;48.8537;2.28911;48.8597;2.27194;48.8478;2.30627;15
12:10:20.488;48.8537;2.28911;48.8597;2.27194;48.8478;2.30627;15
12:10:20.733;48.8546;2.28799;48.8606;2.27083;48.8486;2.30516;15
12:10:20.733;48.8547;2.28786;48.8607;2.27069;48.8487;2.30502;15
12:10:20.996;48.8547;2.28778;48.8607;2.27061;48.8488;2.30495;15
12:10:20.996;48.8548;2.2876;48.8607;2.27043;48.8488;2.30476;15
12:10:21.238;48.8548;2.2876;48.8607;2.27043;48.8488;2.30476;15
12:10:21.239;48.8548;2.28743;48.8608;2.27026;48.8489;2.3046;15
12:10:23.973;48.855;2.28743;48.861;2.27026;48.849;2.3046;15
12:10:23.973;48.8553;2.28764;48.8613;2.27048;48.8493;2.30481;15
12:10:24.029;48.8557;2.28824;48.8616;2.27109;48.8497;2.30542;15
12:10:24.858;48.8557;2.28824;48.8616;2.27109;48.8497;2.30542;15
12:10:24.859;48.8556;2.28816;48.8616;2.271;48.8497;2.30533;15
12:10:26.168;48.8556;2.28816;48.8616;2.271;48.8496;2.30533;15
12:10:26.169;48.8556;2.28781;48.8616;2.27065;48.8497;2.30498;15
12:10:26.432;48.8557;2.28738;48.8616;2.27022;48.8497;2.30455;15
12:10:26.433;48.8557;2.28717;48.8616;2.27;48.8497;2.30434;15
12:10:26.530;48.8556;2.28705;48.8616;2.26988;48.8497;2.30421;15
12:10:26.649;48.8556;2.287;48.8616;2.26984;48.8496;2.30417;15
12:10:26.841;48.8556;2.28696;48.8616;2.26979;48.8496;2.30412;15
12:10:27.168;48.8556;2.28691;48.8616;2.26974;48.8496;2.30408;15
12:10:27.168;48.8556;2.28674;48.8616;2.26958;48.8496;2.30391;15
12:10:29.900;48.8553;2.28687;48.8613;2.26971;48.8493;2.30405;15
12:10:29.901;48.855;2.28705;48.861;2.26988;48.849;2.30421;15
12:10:30.104;48.855;2.28705;48.861;2.26988;48.849;2.30421;15
12:10:30.104;48.855;2.28705;48.861;2.26988;48.849;2.30421;15
12:10:31.884;48.8549;2.28712;48.8609;2.26996;48.849;2.30429;15
12:10:31.885;48.8551;2.28824;48.8611;2.27109;48.8491;2.30542;15
12:10:31.947;48.8552;2.28859;48.8612;2.27142;48.8493;2.30576;15
12:10:32.240;48.8552;2.28859;48.8612;2.27142;48.8493;2.30576;15
12:10:32.549;48.8552;2.28864;48.8612;2.27147;48.8493;2.3058;15
12:10:32.550;48.8553;2.2888;48.8613;2.27164;48.8494;2.30597;15
12:10:32.790;48.8554;2.28915;48.8614;2.27199;48.8494;2.30632;15
12:10:32.791;48.8554;2.28923;48.8614;2.27206;48.8494;2.3064;15
12:10:32.894;48.8554;2.28923;48.8614;2.27206;48.8494;2.3064;15
12:10:35.938;48.8553;2.28923;48.8613;2.27206;48.8494;2.3064;15
12:10:35.938;48.8558;2.29018;48.8617;2.27301;48.8498;2.30734;15
12:10:36.157;48.8565;2.2916;48.8624;2.27443;48.8505;2.30876;15
12:10:36.157;48.8567;2.29198;48.8627;2.27481;48.8507;2.30914;15
12:10:36.262;48.8568;2.29193;48.8628;2.27477;48.8508;2.3091;15
12:10:37.087;48.8568;2.29193;48.8687;2.2576;48.8448;2.32626;14
12:10:38.064;48.8568;2.29193;48.8807;2.22327;48.8329;2.3606;13
12:10:39.236;48.8568;2.29193;48.8687;2.2576;48.8448;2.32626;14
12:10:39.852;48.8568;2.29219;48.8687;2.25786;48.8448;2.32652;14
12:10:39.852;48.8566;2.29219;48.8685;2.25786;48.8447;2.32652;14
12:10:39.911;48.8566;2.29169;48.8685;2.25735;48.8447;2.32602;14
12:10:39.912;48.8563;2.29134;48.8682;2.257;48.8443;2.32567;14
12:10:40.038;48.856;2.29022;48.8679;2.25589;48.844;2.32455;14
12:10:40.038;48.8559;2.28987;48.8679;2.25554;48.844;2.3242;14
12:10:40.184;48.8559;2.28961;48.8678;2.25528;48.8439;2.32394;14
12:10:40.185;48.8558;2.28937;48.8678;2.25504;48.8439;2.3237;14
12:10:40.316;48.8558;2.28894;48.8678;2.25461;48.8439;2.32327;14
12:10:40.317;48.8558;2.28885;48.8678;2.25452;48.8439;2.32318;14
12:10:40.451;48.8558;2.28885;48.8678;2.25452;48.8439;2.32318;14
12:10:40.452;48.8563;2.28876;48.8683;2.25443;48.8444;2.32309;14
12:10:41.941;48.8561;2.28902;48.868;2.25468;48.8442;2.32335;14
12:10:42.030;48.855;2.28868;48.8669;2.25435;48.843;2.32301;14
12:10:42.030;48.8537;2.28764;48.8656;2.25331;48.8417;2.32198;14
12:10:42.031;48.8532;2.28748;48.8652;2.25314;48.8413;2.32181;14
12:10:42.123;48.8531;2.28748;48.8651;2.25314;48.8412;2.32181;14
12:10:42.269;48.8532;2.28748;48.8652;2.25314;48.8413;2.32181;14
12:10:42.269;48.8533;2.28738;48.8652;2.25305;48.8413;2.32172;14
12:10:42.360;48.8536;2.28722;48.8656;2.25288;48.8417;2.32155;14
12:10:44.008;48.8536;2.28712;48.8656;2.25279;48.8417;2.32146;14
12:10:44.008;48.8535;2.28644;48.8654;2.25211;48.8415;2.32077;14
12:10:44.049;48.8534;2.28352;48.8653;2.24919;48.8414;2.31786;14
12:10:44.049;48.8535;2.2831;48.8654;2.24876;48.8415;2.31743;14
12:10:44.181;48.8537;2.28258;48.8656;2.24825;48.8417;2.31691;14
12:10:44.181;48.854;2.28258;48.8659;2.24825;48.842;2.31691;14
12:10:44.270;48.8541;2.28258;48.866;2.24825;48.8421;2.31691;14
12:10:45.721;48.8541;2.28267;48.866;2.24834;48.8421;2.317;14
12:10:45.721;48.854;2.28267;48.866;2.24834;48.8421;2.317;14
12:10:45.749;48.854;2.28275;48.866;2.24841;48.8421;2.31708;14
12:10:47.336;48.854;2.28275;48.866;2.24841;48.8421;2.31708;14
12:10:47.336;48.8541;2.28362;48.8661;2.24928;48.8422;2.31795;14
12:10:47.392;48.8545;2.28584;48.8664;2.25151;48.8425;2.32018;14
12:10:47.392;48.8545;2.28627;48.8665;2.25194;48.8426;2.3206;14
12:10:47.484;48.8546;2.2867;48.8665;2.25237;48.8426;2.32103;14
12:10:47.615;48.8546;2.28636;48.8665;2.25203;48.8426;2.32069;14
12:10:47.616;48.8549;2.28627;48.8669;2.25194;48.843;2.3206;14
12:10:48.663;48.8549;2.28627;48.8788;2.21761;48.831;2.35493;13
12:10:49.616;48.8549;2.28627;48.8669;2.25194;48.843;2.3206;14
12:10:50.437;48.8549;2.28627;48.8609;2.2691;48.8489;2.30344;15
12:10:51.248;48.8549;2.28636;48.8609;2.2692;48.8489;2.30353;15
12:10:51.248;48.8551;2.287;48.8611;2.26984;48.8491;2.30417;15
12:10:51.315;48.8551;2.28705;48.8611;2.26988;48.8491;2.30421;15
12:10:51.639;48.8551;2.287;48.8611;2.26984;48.8491;2.30417;15
12:10:51.640;48.8551;2.28687;48.8611;2.26971;48.8492;2.30405;15
12:10:53.568;48.855;2.28738;48.861;2.27022;48.849;2.30455;15
12:10:53.568;48.8549;2.28752;48.8609;2.27036;48.8489;2.30469;15
12:10:53.639;48.8549;2.28738;48.8609;2.27022;48.8489;2.30455;15
12:10:56.132;48.8549;2.28786;48.8609;2.27069;48.8489;2.30502;15
12:10:56.133;48.8552;2.28854;48.8612;2.27138;48.8492;2.30571;15
12:10:56.395;48.8554;2.28885;48.8613;2.27168;48.8494;2.30602;15
12:10:56.395;48.8554;2.28889;48.8614;2.27173;48.8494;2.30606;15
12:10:56.666;48.8554;2.28889;48.8614;2.27173;48.8494;2.30606;15
12:10:56.667;48.8554;2.28885;48.8614;2.27168;48.8494;2.30602;15
12:10:56.895;48.8552;2.28885;48.8612;2.27168;48.8493;2.30602;15
12:10:56.895;48.8549;2.28889;48.8609;2.27173;48.8489;2.30606;15
12:10:57.130;48.8546;2.28894;48.8606;2.27176;48.8487;2.30609;15
12:10:57.131;48.8549;2.28876;48.8609;2.27159;48.8489;2.30592;15
12:11:04.379;48.8549;2.28876;48.8669;2.25443;48.843;2.32309;14
12:11:05.021;48.8549;2.28876;48.8788;2.22009;48.831;2.35742;13
12:11:06.132;48.8549;2.28824;48.8788;2.21957;48.831;2.3569;13
12:11:06.228;48.8554;2.28807;48.8792;2.21941;48.8315;2.35674;13
12:11:06.228;48.8562;2.28807;48.88;2.21941;48.8323;2.35674;13
12:11:06.297;48.8572;2.28773;48.8811;2.21907;48.8333;2.3564;13
12:11:07.088;48.8572;2.28773;48.9049;2.15041;48.8094;2.42506;12
12:11:27.843;48.8572;2.28773;48.8811;2.21907;48.8333;2.3564;13
12:11:28.601;48.8572;2.28773;48.8691;2.2534;48.8452;2.32207;14
12:11:29.292;48.8572;2.28773;48.8632;2.27057;48.8512;2.3049;15
12:11:29.811;48.8572;2.28773;48.8632;2.27057;48.8512;2.3049;15
12:11:29.811;48.8559;2.28833;48.8619;2.27116;48.8499;2.3055;15
12:11:30.061;48.8546;2.2888;48.8605;2.27164;48.8486;2.30597;15
12:11:30.061;48.8543;2.28885;48.8602;2.27168;48.8483;2.30602;15
12:11:30.315;48.8542;2.2888;48.8602;2.27164;48.8483;2.30597;15
12:11:30.315;48.8542;2.28885;48.8601;2.27168;48.8482;2.30602;15
12:11:30.382;48.8543;2.28854;48.8603;2.27138;48.8483;2.30571;15
12:11:38.086;48.8543;2.28854;48.8602;2.27138;48.8483;2.30571;15
12:11:38.086;48.8545;2.28906;48.8605;2.2719;48.8485;2.30623;15
12:11:38.352;48.8546;2.28961;48.8606;2.27246;48.8486;2.30679;15
12:11:38.352;48.8546;2.28975;48.8606;2.27258;48.8487;2.30692;15
12:11:38.576;48.8546;2.28944;48.8605;2.27228;48.8486;2.30661;15
12:11:38.576;48.8546;2.2894;48.8605;2.27223;48.8486;2.30656;15
12:11:38.664;48.8545;2.28937;48.8605;2.2722;48.8485;2.30653;15
12:11:42.832;48.8545;2.28937;48.8605;2.2722;48.8485;2.30653;15
12:11:42.833;48.8545;2.28911;48.8605;2.27194;48.8485;2.30627;15
12:11:43.082;48.8545;2.28894;48.8604;2.27176;48.8485;2.30609;15
12:11:43.082;48.8545;2.28894;48.8604;2.27176;48.8485;2.30609;15
12:11:43.155;48.8546;2.28894;48.8605;2.27176;48.8486;2.30609;15
12:11:44.279;48.8545;2.28894;48.8605;2.27176;48.8486;2.30609;15
12:11:44.280;48.8544;2.28889;48.8604;2.27173;48.8485;2.30606;15
12:11:44.527;48.8546;2.28876;48.8606;2.27159;48.8486;2.30592;15
12:11:44.528;48.8547;2.2885;48.8606;2.27133;48.8487;2.30566;15
12:11:44.773;48.8547;2.28842;48.8606;2.27126;48.8487;2.30559;15
12:11:44.773;48.8547;2.28824;48.8607;2.27109;48.8487;2.30542;15
12:11:45.050;48.8547;2.28802;48.8607;2.27086;48.8488;2.30519;15
12:11:45.051;48.8548;2.28802;48.8607;2.27086;48.8488;2.30519;15
12:11:45.277;48.8548;2.28802;48.8607;2.27086;48.8488;2.30519;15
12:11:45.278;48.8548;2.28799;48.8607;2.27083;48.8488;2.30516;15
12:11:45.675;48.8548;2.28799;48.8607;2.27083;48.8488;2.30516;15
12:11:45.676;48.8548;2.28799;48.8608;2.27083;48.8488;2.30516;15
12:11:45.894;48.8548;2.2879;48.8607;2.27074;48.8488;2.30507;15
12:11:45.894;48.8548;2.28781;48.8607;2.27065;48.8488;2.30498;15
12:11:46.121;48.8548;2.28773;48.8607;2.27057;48.8488;2.3049;15
12:11:46.122;48.8548;2.28769;48.8607;2.27052;48.8488;2.30486;15
12:11:46.365;48.8548;2.28769;48.8607;2.27052;48.8488;2.30486;15
12:11:46.365;48.8548;2.28769;48.8608;2.27052;48.8488;2.30486;15
12:11:46.597;48.8548;2.28764;48.8608;2.27048;48.8489;2.30481;15
12:11:46.597;48.8549;2.28764;48.8608;2.27048;48.8489;2.30481;15
12:11:46.711;48.855;2.28769;48.861;2.27052;48.8491;2.30486;15
12:11:49.167;48.8549;2.28773;48.8609;2.27057;48.849;2.3049;15
12:11:49.167;48.8548;2.28859;48.8607;2.27142;48.8488;2.30576;15
12:11:49.401;48.8548;2.28897;48.8607;2.2718;48.8488;2.30614;15
12:11:49.402;48.8548;2.28889;48.8607;2.27173;48.8488;2.30606;15
