14:24:52.889;48.8547;2.34662;48.8786;2.27795;48.8308;2.41528;13
14:24:54.850;48.8547;2.34662;48.8667;2.31229;48.8428;2.38095;14
14:24:55.945;48.8547;2.34618;48.8667;2.31184;48.8428;2.38051;14
14:24:56.063;48.8542;2.33888;48.8661;2.30455;48.8422;2.37321;14
14:24:56.063;48.8545;2.33485;48.8664;2.30052;48.8425;2.36919;14
14:24:56.307;48.8569;2.33005;48.8689;2.29572;48.845;2.36438;14
14:24:56.307;48.8573;2.32893;48.8692;2.2946;48.8453;2.36327;14
14:24:56.307;48.8573;2.32773;48.8693;2.2934;48.8454;2.36206;14
14:24:56.814;48.8573;2.3279;48.8693;2.29356;48.8454;2.36223;14
14:24:56.814;48.8574;2.32773;48.8694;2.2934;48.8455;2.36206;14
14:24:56.884;48.8619;2.32669;48.8739;2.29236;48.85;2.36102;14
14:24:56.884;48.8631;2.32602;48.8751;2.29169;48.8512;2.36035;14
14:24:57.029;48.8642;2.32275;48.8761;2.28842;48.8522;2.35709;14
14:24:57.029;48.8644;2.3212;48.8764;2.28687;48.8525;2.35553;14
14:24:57.207;48.8652;2.31845;48.8772;2.28412;48.8533;2.35278;14
14:24:57.207;48.8655;2.31786;48.8774;2.28352;48.8535;2.35219;14
14:24:57.386;48.8655;2.31743;48.8774;2.2831;48.8536;2.35176;14
14:24:57.387;48.8656;2.31674;48.8775;2.28241;48.8536;2.35107;14
14:24:58.677;48.8656;2.31674;48.8715;2.29958;48.8596;2.33391;15
14:24:59.478;48.8656;2.31674;48.8685;2.30817;48.8626;2.32532;16
14:25:00.188;48.8657;2.3152;48.8687;2.30661;48.8628;2.32378;16
14:25:00.188;48.866;2.31342;48.869;2.30484;48.863;2.32198;16
14:25:00.488;48.8667;2.31221;48.8697;2.30363;48.8637;2.32077;16
14:25:00.488;48.867;2.31221;48.8699;2.30363;48.864;2.32077;16
14:25:01.227;48.867;2.3123;48.87;2.30371;48.864;2.32086;16
14:25:01.227;48.8676;2.31247;48.8706;2.30389;48.8646;2.32103;16
14:25:01.669;48.8682;2.31226;48.8712;2.30368;48.8652;2.32082;16
14:25:01.670;48.8682;2.31224;48.8712;2.30365;48.8652;2.32082;16
14:25:01.670;48.8682;2.3121;48.8712;2.30353;48.8652;2.32069;16
14:25:01.670;48.8682;2.31192;48.8712;2.30333;48.8652;2.32048;16
14:25:01.851;48.8682;2.31178;48.8712;2.30321;48.8652;2.32034;16
14:25:01.852;48.8682;2.31184;48.8711;2.30327;48.8652;2.32043;16
14:25:12.439;48.8681;2.31189;48.8711;2.30331;48.8651;2.32048;16
14:25:12.440;48.8674;2.31213;48.8704;2.30354;48.8644;2.32069;16
14:25:12.689;48.867;2.31216;48.87;2.30359;48.8641;2.32074;16
14:25:12.689;48.867;2.31216;48.87;2.30359;48.864;2.32074;16
14:25:12.902;48.867;2.31216;48.87;2.30359;48.864;2.32074;16
14:25:12.902;48.867;2.31216;48.8699;2.30359;48.864;2.32074;16
14:25:13.276;48.867;2.31219;48.8699;2.3036;48.864;2.32077;16
14:26:09.126;48.867;2.31219;48.8699;2.3036;48.864;2.32077;16
14:26:09.127;48.867;2.31187;48.87;2.30328;48.864;2.32043;16
14:26:09.345;48.8664;2.3111;48.8694;2.30252;48.8634;2.31966;16
14:26:09.345;48.8662;2.31084;48.8692;2.30226;48.8633;2.3194;16
14:26:09.674;48.8661;2.31044;48.869;2.30185;48.8631;2.31902;16
14:26:09.674;48.8658;2.31013;48.8688;2.30154;48.8628;2.31871;16
14:26:09.957;48.8655;2.31009;48.8685;2.30151;48.8625;2.31868;16
14:26:09.957;48.8655;2.31009;48.8685;2.30151;48.8625;2.31868;16
14:26:10.179;48.8655;2.31009;48.8685;2.30151;48.8625;2.31868;16
14:26:10.179;48.8655;2.31003;48.8685;2.30144;48.8625;2.31859;16
14:26:10.360;48.8655;2.30997;48.8685;2.30138;48.8625;2.31854;16
14:26:10.553;48.8655;2.30997;48.8685;2.30138;48.8625;2.31854;16
14:26:10.748;48.8655;2.30997;48.8685;2.30138;48.8625;2.31854;16
14:26:11.048;48.8655;2.30997;48.8685;2.30138;48.8625;2.31854;16
14:26:11.049;48.8657;2.31013;48.8686;2.30154;48.8627;2.31871;16
14:26:11.291;48.8661;2.31067;48.8691;2.30209;48.8631;2.31923;16
14:26:11.291;48.8665;2.31137;48.8694;2.3028;48.8635;2.31996;16
14:26:11.534;48.8664;2.31285;48.8694;2.30428;48.8634;2.32143;16
14:26:11.535;48.8664;2.31322;48.8694;2.30464;48.8634;2.32181;16
14:26:12.174;48.8664;2.31325;48.8694;2.30466;48.8634;2.32181;16
14:26:12.495;48.867;2.31525;48.87;2.30666;48.864;2.32382;16
14:26:12.495;48.8671;2.31642;48.8701;2.30783;48.8641;2.32498;16
14:26:12.879;48.8672;2.31792;48.8702;2.30934;48.8642;2.32648;16
14:26:12.880;48.8673;2.31842;48.8703;2.30983;48.8643;2.327;16
14:26:12.880;48.8673;2.31879;48.8703;2.3102;48.8643;2.32735;16
14:26:57.383;48.8673;2.3187;48.8703;2.3101;48.8643;2.32726;16
14:26:57.383;48.8671;2.31691;48.87;2.30833;48.8641;2.3255;16
14:26:57.574;48.8668;2.31433;48.8698;2.30576;48.8638;2.32292;16
14:26:57.574;48.8667;2.31378;48.8697;2.30519;48.8637;2.32236;16
14:26:58.306;48.8667;2.31361;48.8697;2.30502;48.8637;2.32219;16
14:26:58.306;48.8667;2.31253;48.8697;2.30396;48.8637;2.32112;16
14:26:58.523;48.8669;2.31221;48.8699;2.30363;48.864;2.32077;16
14:26:58.524;48.8669;2.31219;48.8699;2.3036;48.864;2.32077;16
14:26:58.782;48.867;2.31204;48.87;2.30347;48.864;2.3206;16
14:26:58.782;48.867;2.31203;48.87;2.30344;48.864;2.3206;16
14:27:13.667;48.867;2.31216;48.87;2.30359;48.864;2.32074;16
14:27:13.667;48.8666;2.31245;48.8695;2.30386;48.8636;2.32103;16
14:27:13.916;48.8659;2.31267;48.8689;2.30408;48.8629;2.32124;16
14:27:13.917;48.8657;2.31285;48.8687;2.30428;48.8627;2.32143;16
14:27:14.151;48.8654;2.31299;48.8684;2.3044;48.8624;2.32155;16
14:27:14.151;48.8652;2.31308;48.8682;2.30449;48.8622;2.32164;16
14:27:14.408;48.865;2.3131;48.868;2.3045;48.862;2.32167;16
14:27:14.409;48.8648;2.31308;48.8678;2.30449;48.8618;2.32164;16
14:27:14.690;48.8647;2.31308;48.8677;2.30449;48.8618;2.32164;16
14:27:14.690;48.8647;2.3131;48.8677;2.3045;48.8618;2.32167;16
14:27:14.964;48.8647;2.3131;48.8677;2.3045;48.8618;2.32167;16
14:27:14.964;48.8647;2.31305;48.8677;2.30447;48.8618;2.32164;16
14:27:15.214;48.8647;2.31305;48.8677;2.30447;48.8618;2.32164;16
14:27:15.214;48.8647;2.31305;48.8677;2.30447;48.8618;2.32164;16
14:27:15.457;48.8647;2.3131;48.8677;2.3045;48.8618;2.32167;16
14:27:15.457;48.8648;2.31329;48.8677;2.3047;48.8618;2.32185;16
14:27:15.575;48.8648;2.31331;48.8677;2.30472;48.8618;2.3219;16
14:27:15.738;48.8648;2.31331;48.8677;2.30472;48.8618;2.3219;16
14:27:16.113;48.8648;2.31331;48.8677;2.30472;48.8618;2.3219;16
14:27:16.113;48.8647;2.31329;48.8677;2.3047;48.8618;2.32185;16
14:27:16.362;48.8647;2.31329;48.8677;2.3047;48.8618;2.32185;16
14:27:16.362;48.8647;2.31329;48.8677;2.3047;48.8617;2.32185;16
14:27:16.620;48.8646;2.31329;48.8676;2.3047;48.8617;2.32185;16
14:27:16.620;48.8646;2.31326;48.8675;2.30469;48.8616;2.32185;16
14:27:18.653;48.8646;2.31326;48.8705;2.2961;48.8586;2.33043;15
14:27:20.102;48.8646;2.31326;48.8765;2.27893;48.8526;2.3476;14
14:27:22.723;48.8645;2.3131;48.8765;2.27876;48.8526;2.34743;14
14:27:22.723;48.8638;2.31181;48.8758;2.27748;48.8519;2.34615;14
14:27:22.891;48.8612;2.30838;48.8732;2.27405;48.8493;2.34271;14
14:27:22.891;48.8602;2.30708;48.8721;2.27275;48.8482;2.34142;14
14:27:23.047;48.859;2.30519;48.8709;2.27086;48.847;2.33952;14
14:27:23.048;48.8587;2.30486;48.8706;2.27052;48.8467;2.33919;14
14:27:23.236;48.858;2.30417;48.8699;2.26984;48.846;2.3385;14
14:27:23.236;48.8578;2.30417;48.8698;2.26984;48.8459;2.3385;14
14:27:23.434;48.8577;2.30391;48.8697;2.26958;48.8458;2.33824;14
14:27:23.434;48.8577;2.30382;48.8696;2.26949;48.8457;2.33815;14
14:27:23.547;48.8575;2.30365;48.8695;2.26932;48.8456;2.33798;14
14:27:26.575;48.8572;2.30331;48.8692;2.26898;48.8453;2.33765;14
14:27:26.575;48.8563;2.30237;48.8683;2.26804;48.8444;2.3367;14
14:27:26.777;48.8548;2.30057;48.8667;2.26624;48.8429;2.3349;14
14:27:26.778;48.8541;2.30005;48.866;2.26572;48.8421;2.33438;14
14:27:26.778;48.8537;2.29945;48.8657;2.26512;48.8418;2.33379;14
14:27:26.901;48.8528;2.29825;48.8647;2.26392;48.8408;2.33258;14
14:27:26.901;48.8524;2.29773;48.8643;2.2634;48.8404;2.33206;14
14:27:27.207;48.8518;2.29678;48.8638;2.26245;48.8399;2.33112;14
14:27:27.207;48.8514;2.29636;48.8634;2.26202;48.8395;2.33069;14
14:27:27.302;48.8508;2.29584;48.8627;2.26151;48.8388;2.33017;14
14:27:27.302;48.8507;2.29558;48.8626;2.26125;48.8387;2.32991;14
14:27:27.615;48.8505;2.29507;48.8624;2.26074;48.8385;2.32941;14
14:27:27.616;48.8503;2.29489;48.8623;2.26056;48.8384;2.32922;14
14:27:27.616;48.8499;2.29439;48.8618;2.26006;48.8379;2.32872;14
14:27:27.763;48.8499;2.2943;48.8618;2.25996;48.8379;2.32863;14
14:27:27.958;48.8498;2.2943;48.8617;2.25996;48.8378;2.32863;14
14:27:27.958;48.8497;2.29413;48.8617;2.2598;48.8378;2.32846;14
14:27:28.162;48.8496;2.29404;48.8615;2.2597;48.8377;2.32837;14
14:27:28.162;48.8493;2.29378;48.8612;2.25945;48.8373;2.32811;14
14:27:28.362;48.8488;2.29318;48.8607;2.25885;48.8368;2.32751;14
14:27:28.362;48.8487;2.29318;48.8606;2.25885;48.8368;2.32751;14
14:27:28.486;48.8487;2.29309;48.8606;2.25876;48.8367;2.32742;14
14:27:28.605;48.8486;2.29309;48.8605;2.25876;48.8366;2.32742;14
14:27:28.794;48.8484;2.29309;48.8604;2.25876;48.8365;2.32742;14
14:27:28.794;48.8484;2.29309;48.8604;2.25876;48.8365;2.32742;14
14:27:29.084;48.8485;2.29327;48.8604;2.25894;48.8365;2.32761;14
14:27:29.085;48.8485;2.29352;48.8605;2.25919;48.8366;2.32785;14
14:27:29.085;48.8485;2.29335;48.8605;2.25902;48.8366;2.32768;14
14:27:30.137;48.849;2.29387;48.8609;2.25954;48.837;2.3282;14
14:27:30.137;48.8507;2.29482;48.8627;2.26048;48.8388;2.32915;14
14:27:30.268;48.8512;2.29515;48.8632;2.26082;48.8393;2.32948;14
14:27:30.268;48.8515;2.29515;48.8634;2.26082;48.8395;2.32948;14
14:27:30.447;48.8521;2.29567;48.864;2.26134;48.8401;2.33;14
14:27:30.447;48.8523;2.29576;48.8642;2.26143;48.8403;2.33009;14
14:27:30.624;48.8523;2.29584;48.8642;2.26151;48.8403;2.33017;14
14:27:30.624;48.8523;2.29584;48.8642;2.26151;48.8403;2.33017;14
14:27:30.738;48.8521;2.2955;48.864;2.26117;48.8401;2.32983;14
14:27:33.615;48.8523;2.29567;48.8642;2.26134;48.8403;2.33;14
14:27:33.615;48.8532;2.29678;48.8651;2.26245;48.8412;2.33112;14
14:27:33.876;48.8558;2.30074;48.8677;2.2664;48.8438;2.33507;14
14:27:33.877;48.8567;2.30244;48.8687;2.26811;48.8448;2.33678;14
14:27:33.877;48.8583;2.30537;48.8703;2.27104;48.8464;2.33971;14
14:27:33.877;48.8587;2.30675;48.8706;2.27242;48.8468;2.34108;14
14:27:34.030;48.8592;2.30838;48.8712;2.27405;48.8473;2.34271;14
14:27:35.439;48.8592;2.30846;48.8712;2.27412;48.8473;2.34279;14
14:27:35.439;48.859;2.3094;48.8709;2.27507;48.847;2.34373;14
14:27:35.515;48.8584;2.31267;48.8703;2.27834;48.8464;2.347;14
14:27:35.516;48.8584;2.3143;48.8703;2.27997;48.8464;2.34863;14
14:27:35.702;48.8584;2.31705;48.8704;2.28271;48.8465;2.35138;14
14:27:35.702;48.8584;2.31747;48.8703;2.28314;48.8464;2.35181;14
14:27:35.842;48.8575;2.32013;48.8694;2.2858;48.8455;2.35446;14
14:27:35.843;48.8573;2.32098;48.8692;2.28665;48.8453;2.35532;14
14:27:35.991;48.8563;2.32323;48.8683;2.28889;48.8444;2.35756;14
14:27:35.991;48.8563;2.32425;48.8682;2.28992;48.8443;2.35858;14
14:27:36.102;48.8559;2.32674;48.8678;2.2924;48.8439;2.36107;14
14:27:37.496;48.8559;2.32709;48.8678;2.29276;48.8439;2.36142;14
14:27:37.496;48.8559;2.32785;48.8678;2.29352;48.8439;2.36218;14
14:27:37.529;48.8558;2.32974;48.8677;2.29541;48.8438;2.36407;14
14:27:37.529;48.8553;2.33138;48.8673;2.29704;48.8434;2.36571;14
14:27:37.674;48.8545;2.33566;48.8664;2.30133;48.8425;2.37;14
14:27:37.674;48.8544;2.33653;48.8663;2.3022;48.8424;2.37086;14
14:27:37.820;48.8542;2.33772;48.8662;2.30339;48.8423;2.37206;14
14:27:37.820;48.8543;2.33772;48.8662;2.30339;48.8424;2.37206;14
14:27:42.850;48.8544;2.33781;48.8663;2.30348;48.8424;2.37215;14
14:27:42.851;48.855;2.33867;48.867;2.30434;48.8431;2.373;14
14:27:43.100;48.8576;2.34004;48.8695;2.30571;48.8456;2.37437;14
14:27:43.100;48.859;2.34099;48.8709;2.30666;48.847;2.37532;14
14:27:43.534;48.8603;2.34184;48.8722;2.30751;48.8483;2.37617;14
14:27:43.535;48.8603;2.34193;48.8723;2.3076;48.8484;2.37627;14
14:27:43.535;48.8609;2.34245;48.8728;2.30812;48.8489;2.37679;14
14:27:43.535;48.8609;2.34253;48.8728;2.3082;48.849;2.37686;14
14:27:43.535;48.8613;2.34296;48.8732;2.30862;48.8493;2.37729;14
14:27:43.535;48.8613;2.34305;48.8732;2.30872;48.8493;2.37738;14
14:27:43.728;48.8613;2.34373;48.8732;2.3094;48.8493;2.37807;14
14:27:43.728;48.8612;2.3439;48.8732;2.30957;48.8493;2.37823;14
14:27:44.054;48.8609;2.34409;48.8728;2.30975;48.849;2.37842;14
14:27:44.054;48.8606;2.34425;48.8725;2.30992;48.8486;2.37859;14
14:27:44.054;48.8604;2.34425;48.8723;2.30992;48.8484;2.37859;14
14:27:44.143;48.8602;2.34442;48.8721;2.31009;48.8482;2.37875;14
14:27:44.144;48.8599;2.34451;48.8719;2.31018;48.848;2.37885;14
14:27:44.252;48.8599;2.34451;48.8718;2.31018;48.8479;2.37885;14
14:27:54.864;48.8599;2.34451;48.8659;2.32735;48.8539;2.36168;15
14:27:56.055;48.8599;2.34451;48.8659;2.32735;48.8539;2.36168;15
14:27:56.055;48.8591;2.34433;48.865;2.32716;48.8531;2.3615;15
14:27:56.354;48.8582;2.3443;48.8642;2.32713;48.8522;2.36147;15
14:27:56.355;48.858;2.3443;48.864;2.32713;48.8521;2.36147;15
14:27:56.641;48.8577;2.3443;48.8637;2.32713;48.8518;2.36147;15
14:27:56.641;48.8577;2.3443;48.8637;2.32713;48.8517;2.36147;15
14:27:56.938;48.8576;2.3443;48.8636;2.32713;48.8516;2.36147;15
14:27:56.938;48.8576;2.34433;48.8636;2.32716;48.8517;2.3615;15
14:28:02.438;48.8576;2.34433;48.8636;2.32716;48.8517;2.3615;15
14:28:02.438;48.8582;2.34416;48.8641;2.327;48.8522;2.36133;15
14:28:02.712;48.8584;2.34395;48.8643;2.32678;48.8524;2.36111;15
14:28:02.712;48.8584;2.34387;48.8644;2.32669;48.8524;2.36102;15
14:28:03.016;48.8587;2.34364;48.8646;2.32648;48.8527;2.36081;15
14:28:03.017;48.8587;2.34361;48.8647;2.32645;48.8527;2.36078;15
14:28:03.353;48.859;2.34331;48.865;2.32614;48.853;2.36047;15
14:28:03.353;48.859;2.34331;48.865;2.32614;48.853;2.36047;15
14:28:03.643;48.8585;2.34373;48.8644;2.32657;48.8525;2.3609;15
14:28:03.643;48.8583;2.34383;48.8643;2.32666;48.8524;2.36099;15
14:28:03.932;48.8582;2.3439;48.8642;2.32674;48.8522;2.36107;15
14:28:03.932;48.8581;2.34409;48.864;2.32692;48.8521;2.36125;15
14:28:04.235;48.8577;2.3443;48.8637;2.32713;48.8518;2.36147;15
14:28:04.236;48.8577;2.34433;48.8637;2.32716;48.8517;2.3615;15
14:28:04.533;48.8577;2.34433;48.8637;2.32716;48.8517;2.3615;15
14:28:04.533;48.8576;2.34433;48.8636;2.32716;48.8517;2.3615;15
14:28:07.104;48.8576;2.34433;48.8606;2.33575;48.8546;2.35292;16
14:28:08.002;48.8576;2.34433;48.8606;2.33575;48.8546;2.35292;16
14:28:08.002;48.8576;2.34442;48.8605;2.33585;48.8546;2.35301;16
14:28:08.330;48.857;2.34464;48.86;2.33606;48.854;2.35323;16
14:28:08.330;48.8567;2.3448;48.8597;2.33623;48.8537;2.35339;16
14:28:08.566;48.8564;2.34489;48.8594;2.3363;48.8534;2.35349;16
14:28:08.566;48.8563;2.34488;48.8593;2.33629;48.8533;2.35344;16
14:28:08.680;48.8562;2.3448;48.8592;2.33623;48.8532;2.35339;16
14:28:10.940;48.8562;2.34483;48.8592;2.33624;48.8533;2.35339;16
14:28:10.940;48.8566;2.34489;48.8596;2.3363;48.8536;2.35349;16
14:28:11.182;48.8572;2.34506;48.8601;2.33649;48.8542;2.35365;16
14:28:11.182;48.8574;2.34517;48.8604;2.33659;48.8544;2.35373;16
14:28:11.431;48.8575;2.34517;48.8605;2.33659;48.8545;2.35373;16
14:28:11.432;48.8576;2.34526;48.8606;2.33667;48.8547;2.35382;16
14:28:11.539;48.8578;2.34528;48.8608;2.3367;48.8548;2.35387;16
14:28:13.476;48.8578;2.34528;48.8593;2.34099;48.8563;2.34958;17
14:28:28.122;48.8578;2.34528;48.8585;2.34314;48.857;2.34743;18
14:28:29.559;48.8578;2.34528;48.8585;2.34314;48.857;2.34743;18
14:28:29.676;48.8578;2.34532;48.8585;2.34317;48.8571;2.34747;18
14:28:29.676;48.8578;2.34549;48.8586;2.34335;48.8571;2.34764;18
14:28:29.870;48.8578;2.3456;48.8586;2.34346;48.8571;2.34775;18
14:28:29.871;48.8578;2.34563;48.8586;2.34348;48.8571;2.34776;18
14:28:30.059;48.8578;2.34567;48.8586;2.34352;48.8571;2.34781;18
14:28:30.059;48.8578;2.34569;48.8586;2.34354;48.8571;2.34784;18
14:28:30.241;48.8579;2.34575;48.8586;2.34361;48.8571;2.3479;18
14:28:30.241;48.8579;2.34575;48.8586;2.34361;48.8571;2.3479;18
14:28:31.643;48.8579;2.34575;48.8586;2.34361;48.8571;2.3479;18
14:28:34.032;48.8579;2.34575;48.8586;2.34361;48.8571;2.3479;18
14:28:34.033;48.8579;2.34581;48.8586;2.34367;48.8571;2.34796;18
14:28:34.279;48.8577;2.3461;48.8585;2.34395;48.8569;2.34824;18
14:28:34.279;48.8577;2.34618;48.8584;2.34404;48.8569;2.34833;18
14:28:34.797;48.8575;2.34631;48.8583;2.34416;48.8568;2.34845;18
14:28:34.797;48.8575;2.34633;48.8582;2.34419;48.8567;2.34845;18
14:28:34.797;48.8574;2.34631;48.8582;2.34416;48.8567;2.34845;18
14:28:34.797;48.8574;2.34636;48.8581;2.34421;48.8566;2.34848;18
14:28:34.797;48.8574;2.34636;48.8581;2.34421;48.8566;2.3485;18
14:28:34.797;48.8574;2.34636;48.8581;2.34421;48.8566;2.3485;18
14:28:35.071;48.8574;2.34636;48.8581;2.34421;48.8566;2.3485;18
14:28:35.071;48.8573;2.34637;48.8581;2.34422;48.8566;2.3485;18
14:28:35.214;48.8573;2.34637;48.8581;2.34422;48.8566;2.3485;18
14:28:35.552;48.8573;2.34637;48.8581;2.34422;48.8566;2.3485;18
14:28:35.552;48.8573;2.34637;48.8581;2.34422;48.8566;2.3485;18
14:28:35.688;48.8573;2.34637;48.8581;2.34422;48.8566;2.3485;18
14:28:35.688;48.8573;2.34637;48.8581;2.34422;48.8566;2.34853;18
14:28:36.055;48.8573;2.34637;48.858;2.34422;48.8566;2.34853;18
14:28:36.055;48.8573;2.34639;48.858;2.34425;48.8565;2.34853;18
14:28:36.268;48.8573;2.34639;48.858;2.34425;48.8565;2.34854;18
14:28:36.268;48.8573;2.34639;48.858;2.34425;48.8565;2.34854;18
14:28:36.530;48.8573;2.34639;48.858;2.34425;48.8565;2.34854;18
14:28:36.530;48.8573;2.34639;48.858;2.34425;48.8565;2.34854;18
14:28:36.598;48.8573;2.34639;48.858;2.34425;48.8565;2.34854;18
14:28:36.873;48.8573;2.34639;48.858;2.34425;48.8565;2.34854;18
14:28:36.873;48.8573;2.34639;48.858;2.34425;48.8565;2.34854;18
14:28:37.968;48.8573;2.34639;48.8587;2.3421;48.8558;2.35069;17
14:28:41.009;48.8573;2.34639;48.8602;2.33781;48.8543;2.35498;16
14:28:53.039;48.8573;2.34639;48.8587;2.3421;48.8558;2.35069;17
14:28:54.641;48.8572;2.34639;48.8587;2.3421;48.8557;2.35069;17
14:28:54.641;48.857;2.34636;48.8585;2.34206;48.8555;2.35065;17
14:28:54.844;48.8563;2.34618;48.8578;2.34189;48.8548;2.35048;17
14:28:54.845;48.8562;2.34618;48.8577;2.34189;48.8548;2.35045;17
14:28:54.999;48.8562;2.34618;48.8577;2.34189;48.8547;2.35045;17
14:28:54.999;48.8561;2.34618;48.8576;2.34189;48.8546;2.35045;17
14:29:01.798;48.8561;2.34618;48.8576;2.34189;48.8546;2.35048;17
14:29:01.798;48.8563;2.34639;48.8578;2.3421;48.8548;2.35066;17
14:29:02.017;48.8565;2.34659;48.858;2.3423;48.855;2.35088;17
14:29:02.017;48.8566;2.34665;48.8581;2.34236;48.8551;2.35092;17
14:29:02.259;48.8566;2.34673;48.8581;2.34242;48.8551;2.35101;17
14:29:02.259;48.8567;2.34679;48.8582;2.3425;48.8552;2.35107;17
14:29:02.318;48.8567;2.34683;48.8582;2.34253;48.8552;2.35112;17
14:29:18.870;48.8567;2.34683;48.8582;2.34253;48.8552;2.35112;17
14:29:18.871;48.8566;2.34685;48.8581;2.34256;48.8552;2.35114;17
14:29:19.120;48.8563;2.34669;48.8578;2.34241;48.8548;2.35098;17
14:29:19.121;48.8562;2.34668;48.8577;2.34238;48.8548;2.35097;17
14:29:19.332;48.8562;2.34668;48.8577;2.34238;48.8548;2.35097;17
14:29:19.332;48.8562;2.34668;48.8577;2.34238;48.8547;2.35097;17
14:29:19.543;48.8562;2.34665;48.8577;2.34236;48.8547;2.35095;17
14:29:19.543;48.8562;2.34665;48.8577;2.34236;48.8547;2.35092;17
14:29:19.614;48.8562;2.34665;48.8577;2.34236;48.8547;2.35092;17
14:29:19.809;48.8562;2.34665;48.8577;2.34236;48.8547;2.35092;17
14:29:19.809;48.8562;2.34663;48.8577;2.34235;48.8547;2.35092;17
14:29:32.391;48.8562;2.34663;48.8592;2.33804;48.8532;2.35521;16
14:29:33.139;48.8562;2.34663;48.8622;2.32947;48.8502;2.3638;15
14:29:39.438;48.8562;2.3465;48.8622;2.32933;48.8503;2.36366;15
14:29:39.439;48.858;2.34126;48.864;2.3241;48.8521;2.35843;15
14:29:39.819;48.8596;2.33539;48.8656;2.31822;48.8536;2.35255;15
14:29:39.820;48.8596;2.33406;48.8656;2.31689;48.8536;2.35123;15
14:29:39.929;48.8596;2.33354;48.8656;2.31638;48.8536;2.35071;15
14:29:41.280;48.8596;2.33368;48.8656;2.31651;48.8536;2.35085;15
14:29:41.280;48.859;2.33543;48.8649;2.31827;48.853;2.3526;15
14:29:41.606;48.8578;2.33852;48.8638;2.32135;48.8518;2.35568;15
14:29:41.606;48.8571;2.34055;48.8631;2.32338;48.8512;2.35771;15
14:29:42.006;48.8563;2.34221;48.8622;2.32504;48.8503;2.35938;15
14:29:42.006;48.8558;2.34325;48.8617;2.32608;48.8498;2.36041;15
14:29:42.093;48.8557;2.34325;48.8617;2.32608;48.8498;2.36041;15
14:30:01.384;48.8557;2.34325;48.8617;2.32608;48.8498;2.36041;15
14:30:01.384;48.8544;2.34238;48.8604;2.32521;48.8484;2.35954;15
14:30:01.626;48.8532;2.34161;48.8591;2.32445;48.8472;2.35878;15
14:30:01.626;48.8529;2.3414;48.8589;2.32423;48.8469;2.35857;15
14:30:01.947;48.8528;2.34135;48.8587;2.32419;48.8468;2.35852;15
14:30:01.947;48.8523;2.34123;48.8583;2.32407;48.8463;2.3584;15
14:30:02.191;48.8521;2.34109;48.8581;2.32393;48.8461;2.35826;15
14:30:02.191;48.8521;2.34109;48.8581;2.32393;48.8461;2.35826;15
14:30:02.485;48.8521;2.34109;48.8581;2.32393;48.8461;2.35826;15
14:30:02.485;48.8518;2.341;48.8578;2.32384;48.8459;2.35817;15
14:30:02.776;48.8512;2.34036;48.8572;2.3232;48.8452;2.35753;15
14:30:02.776;48.8511;2.34029;48.857;2.32312;48.8451;2.35745;15
14:30:03.564;48.8511;2.34029;48.857;2.32312;48.8451;2.35745;15
14:30:03.565;48.8508;2.3401;48.8568;2.32294;48.8449;2.35727;15
14:30:03.677;48.8501;2.33981;48.8561;2.32265;48.8442;2.35698;15
14:30:05.057;48.85;2.33968;48.8559;2.32251;48.844;2.35684;15
14:30:05.291;48.8493;2.33929;48.8553;2.32213;48.8433;2.35646;15
14:30:05.291;48.8491;2.33913;48.8551;2.32196;48.8431;2.35629;15
14:30:05.588;48.8491;2.3392;48.8551;2.32204;48.8431;2.35637;15
14:30:05.588;48.8491;2.3392;48.8551;2.32204;48.8431;2.35637;15
14:30:33.091;48.8491;2.33917;48.8551;2.32201;48.8431;2.35634;15
14:30:33.092;48.8498;2.33719;48.8558;2.32002;48.8438;2.35435;15
14:30:33.341;48.8516;2.33354;48.8575;2.31638;48.8456;2.35071;15
14:30:33.341;48.8525;2.33221;48.8585;2.31505;48.8466;2.34938;15
14:30:33.608;48.8532;2.32964;48.8592;2.31247;48.8472;2.3468;15
14:30:33.608;48.8537;2.32909;48.8597;2.31192;48.8477;2.34625;15
14:30:34.373;48.8538;2.32916;48.8598;2.312;48.8478;2.34633;15
14:30:34.373;48.8555;2.32809;48.8615;2.31093;48.8496;2.34526;15
14:30:34.693;48.8579;2.32582;48.8638;2.30865;48.8519;2.34299;15
14:30:34.693;48.8589;2.32483;48.8649;2.30766;48.8529;2.342;15
14:30:34.928;48.8596;2.3241;48.8656;2.30693;48.8536;2.34126;15
14:30:35.458;48.8606;2.32346;48.8666;2.30629;48.8547;2.34062;15
14:30:35.458;48.8627;2.31998;48.8686;2.30281;48.8567;2.33714;15
14:30:35.848;48.8641;2.31792;48.87;2.30075;48.8581;2.33508;15
14:30:35.849;48.8647;2.31715;48.8707;2.29999;48.8587;2.33432;15
14:30:36.043;48.8647;2.31702;48.8707;2.29985;48.8588;2.33418;15
14:30:38.234;48.8648;2.31694;48.8708;2.29977;48.8588;2.33411;15
14:30:38.234;48.866;2.31573;48.872;2.29857;48.8601;2.3329;15
14:30:38.564;48.8672;2.31458;48.8731;2.29741;48.8612;2.33174;15
14:30:38.565;48.8672;2.31448;48.8732;2.29732;48.8612;2.33165;15
14:30:38.695;48.8673;2.31441;48.8733;2.29724;48.8613;2.33157;15
14:30:39.155;48.8673;2.31441;48.8733;2.29724;48.8613;2.33157;15
14:30:39.156;48.8673;2.31441;48.8733;2.29724;48.8613;2.33157;15
14:30:39.436;48.8672;2.31445;48.8732;2.29729;48.8613;2.33162;15
14:30:48.844;48.8672;2.31448;48.8732;2.29732;48.8613;2.33165;15
14:30:48.844;48.8663;2.31625;48.8723;2.29909;48.8604;2.33342;15
14:30:49.180;48.8623;2.32492;48.8683;2.30775;48.8563;2.34209;15
14:30:49.180;48.8615;2.32608;48.8675;2.30891;48.8555;2.34325;15
14:30:49.984;48.8615;2.3262;48.8675;2.30904;48.8555;2.34337;15
14:30:49.985;48.8602;2.32779;48.8661;2.31062;48.8542;2.34496;15
14:30:50.235;48.8574;2.33324;48.8634;2.31607;48.8515;2.3504;15
14:30:50.235;48.8567;2.3338;48.8627;2.31664;48.8507;2.35097;15
14:30:51.070;48.8566;2.33406;48.8625;2.31689;48.8506;2.35123;15
14:30:51.070;48.8552;2.33629;48.8612;2.31912;48.8492;2.35345;15
14:30:51.165;48.8516;2.34036;48.8575;2.3232;48.8456;2.35753;15
14:30:52.542;48.8515;2.34055;48.8575;2.32338;48.8455;2.35771;15
14:30:52.542;48.8502;2.34029;48.8562;2.32312;48.8442;2.35745;15
14:30:52.862;48.8482;2.33955;48.8542;2.32239;48.8422;2.35672;15
14:30:52.863;48.8474;2.33908;48.8534;2.32191;48.8414;2.35625;15
14:30:52.953;48.8467;2.33887;48.8527;2.3217;48.8408;2.35603;15
14:30:55.687;48.8467;2.33887;48.8497;2.33028;48.8438;2.34744;16
14:31:24.192;48.8466;2.33887;48.8496;2.33028;48.8436;2.34744;16
14:31:24.616;48.8457;2.33852;48.8487;2.32994;48.8427;2.34711;16
14:31:24.616;48.8452;2.33833;48.8482;2.32974;48.8422;2.34691;16
14:31:24.617;48.8451;2.33826;48.848;2.32968;48.8421;2.34685;16
14:31:24.849;48.8446;2.33797;48.8476;2.32938;48.8416;2.34654;16
14:31:24.850;48.8446;2.33794;48.8476;2.32936;48.8416;2.34653;16
14:31:28.576;48.8446;2.33798;48.8476;2.32941;48.8416;2.34657;16
14:31:28.577;48.8447;2.33823;48.8477;2.32964;48.8417;2.3468;16
14:31:28.888;48.8453;2.3385;48.8483;2.32991;48.8424;2.34708;16
14:31:28.888;48.8457;2.33862;48.8487;2.33005;48.8427;2.34721;16
14:31:29.161;48.8459;2.3387;48.8489;2.33011;48.8429;2.34727;16
14:31:29.161;48.8461;2.33861;48.8491;2.33002;48.8431;2.34718;16
14:31:29.380;48.8463;2.33856;48.8493;2.32999;48.8433;2.34715;16
14:31:29.380;48.8463;2.33856;48.8493;2.32999;48.8433;2.34715;16
14:31:29.677;48.8465;2.33852;48.8494;2.32994;48.8435;2.34711;16
14:31:29.677;48.8465;2.33852;48.8494;2.32994;48.8435;2.34711;16
14:31:29.805;48.8465;2.33852;48.8495;2.32994;48.8435;2.34711;16
14:32:19.106;48.8465;2.33852;48.8495;2.32994;48.8435;2.34711;16
14:32:19.106;48.8482;2.33592;48.8512;2.32735;48.8452;2.34451;16
14:32:19.326;48.8493;2.33322;48.8523;2.32465;48.8464;2.3418;16
14:32:19.326;48.8493;2.33318;48.8523;2.3246;48.8464;2.34177;16
14:32:20.078;48.849;2.33258;48.852;2.32399;48.846;2.34116;16
14:32:20.078;48.8501;2.33002;48.8531;2.32144;48.8471;2.33861;16
14:32:20.428;48.8517;2.3275;48.8547;2.31891;48.8487;2.33607;16
14:32:20.428;48.8518;2.32704;48.8548;2.31845;48.8489;2.33563;16
14:32:20.624;48.8518;2.32704;48.8548;2.31845;48.8489;2.33563;16
14:32:21.388;48.8518;2.32704;48.8548;2.31845;48.8489;2.33563;16
14:32:21.388;48.8531;2.32515;48.8561;2.31657;48.8501;2.33374;16
14:32:21.796;48.8543;2.32324;48.8573;2.31467;48.8513;2.33183;16
14:32:21.796;48.8544;2.32303;48.8574;2.31445;48.8514;2.33162;16
14:32:21.797;48.8544;2.32298;48.8574;2.31441;48.8514;2.33157;16
14:32:22.513;48.8544;2.32303;48.8574;2.31445;48.8514;2.33162;16
14:32:22.514;48.8549;2.32224;48.8579;2.31366;48.8519;2.33081;16
14:32:23.068;48.8558;2.32117;48.8587;2.31258;48.8528;2.32974;16
14:32:23.068;48.8567;2.31996;48.8597;2.31137;48.8537;2.32854;16
14:32:23.068;48.8572;2.31917;48.8602;2.31058;48.8543;2.32774;16
14:32:23.966;48.8572;2.31926;48.8602;2.31067;48.8542;2.32784;16
14:32:23.966;48.859;2.31647;48.862;2.30788;48.856;2.32504;16
14:32:24.317;48.8603;2.31448;48.8633;2.30591;48.8573;2.32307;16
14:32:24.317;48.8604;2.31432;48.8634;2.30574;48.8574;2.32291;16
14:32:25.040;48.8609;2.31432;48.8639;2.30574;48.8579;2.32291;16
14:32:25.040;48.8623;2.31421;48.8652;2.30563;48.8593;2.3228;16
14:32:25.388;48.8629;2.31412;48.8659;2.30554;48.8599;2.32271;16
14:32:25.388;48.8633;2.31393;48.8663;2.30534;48.8603;2.32251;16
14:32:25.563;48.8634;2.31393;48.8663;2.30534;48.8604;2.32251;16
14:32:26.068;48.8634;2.31393;48.8664;2.30534;48.8604;2.32251;16
14:32:26.068;48.8648;2.31348;48.8678;2.3049;48.8618;2.32207;16
14:32:26.397;48.8654;2.31303;48.8684;2.30444;48.8624;2.32161;16
14:32:26.398;48.8656;2.31294;48.8686;2.30437;48.8626;2.32153;16
14:32:26.498;48.8657;2.31288;48.8687;2.30429;48.8628;2.32146;16
14:32:27.185;48.8658;2.3129;48.8688;2.30432;48.8628;2.32149;16
14:32:27.185;48.8665;2.31258;48.8695;2.304;48.8635;2.32117;16
14:32:27.404;48.8669;2.31226;48.8699;2.30368;48.8639;2.32085;16
14:32:27.404;48.867;2.31224;48.87;2.30365;48.864;2.32082;16
14:32:27.669;48.8671;2.31221;48.8701;2.30363;48.8641;2.3208;16
14:32:27.670;48.8671;2.31216;48.8701;2.30359;48.8641;2.32076;16
14:33:02.720;48.8671;2.31216;48.8701;2.30359;48.8641;2.32076;16
14:33:02.963;48.866;2.31204;48.869;2.30347;48.863;2.32063;16
14:33:02.963;48.8657;2.31192;48.8687;2.30333;48.8627;2.3205;16
14:33:03.213;48.8652;2.31177;48.8682;2.30318;48.8622;2.32034;16
14:33:03.213;48.8649;2.31178;48.8679;2.30321;48.8619;2.32037;16
14:33:03.502;48.8648;2.31177;48.8678;2.30318;48.8619;2.32034;16
14:33:03.502;48.8648;2.31177;48.8678;2.30318;48.8618;2.32034;16
14:33:03.713;48.8646;2.31171;48.8676;2.30312;48.8616;2.32028;16
14:33:03.713;48.8645;2.31148;48.8675;2.3029;48.8615;2.32007;16
14:33:04.416;48.8645;2.31148;48.8675;2.3029;48.8615;2.32007;16
14:33:04.417;48.8636;2.31187;48.8666;2.30328;48.8606;2.32045;16
14:33:04.666;48.8627;2.31194;48.8657;2.30334;48.8597;2.32053;16
14:33:04.666;48.8624;2.31192;48.8654;2.30333;48.8594;2.3205;16
14:33:05.596;48.8623;2.31194;48.8653;2.30334;48.8593;2.32053;16
14:33:05.596;48.8618;2.31215;48.8648;2.30357;48.8588;2.32074;16
14:33:05.885;48.8615;2.31219;48.8645;2.3036;48.8586;2.32077;16
14:33:05.886;48.8615;2.31213;48.8645;2.30354;48.8586;2.32071;16
14:33:06.004;48.8615;2.31213;48.8645;2.30354;48.8585;2.32071;16
14:33:12.566;48.8615;2.31213;48.8645;2.30354;48.8585;2.32071;16
14:33:12.566;48.861;2.3121;48.864;2.30353;48.858;2.32069;16
14:33:12.976;48.8605;2.3121;48.8634;2.30353;48.8575;2.32069;16
14:33:12.977;48.8601;2.3121;48.8631;2.30353;48.8571;2.32069;16
14:33:13.264;48.8598;2.3121;48.8627;2.30353;48.8568;2.32069;16
14:33:13.265;48.8596;2.3121;48.8626;2.30353;48.8567;2.32069;16
14:33:18.903;48.8595;2.3121;48.8625;2.30353;48.8565;2.32069;16
14:33:18.903;48.8587;2.312;48.8616;2.30342;48.8557;2.32059;16
14:33:19.153;48.8581;2.31192;48.8611;2.30333;48.8551;2.3205;16
14:33:19.153;48.858;2.31192;48.861;2.30333;48.855;2.3205;16
14:33:19.435;48.858;2.31192;48.861;2.30333;48.855;2.3205;16
14:33:19.435;48.858;2.31189;48.861;2.30331;48.855;2.32048;16
14:33:19.917;48.858;2.31187;48.861;2.30328;48.855;2.32045;16
14:33:19.917;48.8579;2.31183;48.8609;2.30324;48.8549;2.3204;16
14:33:20.238;48.8577;2.31181;48.8607;2.30322;48.8547;2.32039;16
14:33:20.239;48.8576;2.31178;48.8606;2.30321;48.8547;2.32037;16
14:33:20.504;48.8576;2.31178;48.8606;2.30321;48.8546;2.32037;16
14:33:20.504;48.8576;2.31174;48.8606;2.30316;48.8546;2.32033;16
14:33:32.147;48.8577;2.31177;48.8607;2.30318;48.8547;2.32034;16
14:33:32.147;48.8584;2.31184;48.8614;2.30327;48.8554;2.32043;16
14:33:32.438;48.8593;2.31177;48.8623;2.30318;48.8563;2.32034;16
14:33:32.438;48.8596;2.31174;48.8626;2.30316;48.8566;2.32033;16
14:33:32.573;48.8598;2.31172;48.8628;2.30313;48.8568;2.3203;16
14:33:33.530;48.8598;2.31172;48.8628;2.30313;48.8568;2.3203;16
14:33:33.530;48.8605;2.31171;48.8635;2.30312;48.8576;2.32028;16
14:33:33.811;48.8609;2.31163;48.8639;2.30305;48.8579;2.32022;16
14:33:33.811;48.861;2.31161;48.864;2.30302;48.858;2.32019;16
14:33:33.935;48.861;2.31161;48.864;2.30302;48.858;2.32019;16
14:33:39.772;48.861;2.31163;48.864;2.30305;48.858;2.32022;16
14:33:39.773;48.8624;2.31171;48.8654;2.30312;48.8594;2.32028;16
14:33:40.007;48.8639;2.31181;48.8669;2.30322;48.8609;2.32039;16
14:33:40.007;48.8643;2.31181;48.8672;2.30322;48.8613;2.32039;16
14:33:40.929;48.8643;2.31181;48.8673;2.30322;48.8614;2.32039;16
14:33:40.929;48.8657;2.31177;48.8687;2.30318;48.8627;2.32034;16
14:33:41.148;48.8664;2.31181;48.8694;2.30322;48.8634;2.32039;16
14:33:41.149;48.8665;2.31181;48.8695;2.30322;48.8635;2.32039;16
14:33:41.253;48.8666;2.31181;48.8696;2.30322;48.8636;2.32039;16
14:33:41.545;48.8666;2.31181;48.8696;2.30322;48.8636;2.32039;16
14:33:41.545;48.8666;2.31181;48.8696;2.30322;48.8636;2.32039;16
14:33:41.937;48.8666;2.31181;48.8696;2.30322;48.8636;2.32039;16
14:33:41.937;48.8666;2.31181;48.8696;2.30322;48.8636;2.32039;16
14:33:42.203;48.8666;2.31181;48.8695;2.30322;48.8636;2.32039;16
14:33:42.203;48.8666;2.31181;48.8695;2.30322;48.8636;2.32039;16
14:33:42.485;48.8666;2.31181;48.8695;2.30322;48.8636;2.32039;16
14:33:42.485;48.8666;2.31181;48.8695;2.30322;48.8636;2.32039;16
14:33:42.645;48.8665;2.31183;48.8695;2.30324;48.8635;2.3204;16
14:33:42.787;48.8665;2.31184;48.8695;2.30327;48.8635;2.32043;16
14:33:43.101;48.8665;2.31184;48.8695;2.30327;48.8635;2.32043;16
14:33:43.102;48.8665;2.31187;48.8694;2.30328;48.8635;2.32045;16
14:33:43.351;48.8657;2.31215;48.8687;2.30357;48.8628;2.32074;16
14:33:43.351;48.8652;2.31232;48.8682;2.30374;48.8622;2.32091;16
14:33:43.601;48.8645;2.31253;48.8675;2.30396;48.8615;2.32112;16
14:33:43.602;48.8643;2.31252;48.8673;2.30392;48.8614;2.32109;16
14:33:44.424;48.8643;2.31252;48.8673;2.30392;48.8613;2.32109;16
14:33:44.424;48.8636;2.31242;48.8666;2.30385;48.8607;2.32101;16
14:33:44.672;48.8633;2.31232;48.8663;2.30374;48.8603;2.32091;16
14:33:44.672;48.8633;2.3123;48.8663;2.30371;48.8603;2.32088;16
14:34:05.035;48.8633;2.31235;48.8663;2.30376;48.8603;2.32092;16
14:34:05.036;48.8618;2.31247;48.8647;2.30389;48.8588;2.32106;16
14:34:05.377;48.861;2.31215;48.8639;2.30357;48.858;2.32074;16
14:34:05.378;48.8604;2.31219;48.8634;2.3036;48.8574;2.32077;16
14:34:05.501;48.8602;2.31216;48.8632;2.30359;48.8573;2.32076;16
14:34:06.354;48.8602;2.31216;48.8632;2.30359;48.8572;2.32076;16
14:34:06.355;48.8594;2.31229;48.8624;2.3037;48.8564;2.32086;16
14:34:06.636;48.859;2.31221;48.8619;2.30363;48.856;2.3208;16
14:34:06.636;48.8586;2.31235;48.8616;2.30376;48.8556;2.32092;16
14:34:15.567;48.8586;2.31235;48.8646;2.29518;48.8526;2.32951;15
14:34:17.216;48.8586;2.31235;48.8706;2.27802;48.8467;2.34668;14
