14:24:57.470;48.8547;2.34662;48.8786;2.27795;48.8308;2.41528;13
14:24:58.107;48.8547;2.34662;48.8667;2.31229;48.8428;2.38095;14
14:25:00.062;48.8547;2.34662;48.8607;2.32944;48.8488;2.36377;15
14:25:00.599;48.8547;2.34662;48.8577;2.33803;48.8517;2.35519;16
14:25:01.771;48.8547;2.34662;48.8562;2.34232;48.8532;2.35091;17
14:25:02.776;48.8546;2.34633;48.8561;2.34204;48.8531;2.35062;17
14:25:02.776;48.8548;2.34512;48.8563;2.34084;48.8533;2.34943;17
14:25:03.111;48.8549;2.3441;48.8564;2.33981;48.8534;2.34839;17
14:25:03.111;48.8547;2.34384;48.8562;2.33955;48.8532;2.34811;17
14:25:03.228;48.8547;2.34373;48.8562;2.33945;48.8532;2.34802;17
14:25:03.851;48.8549;2.34346;48.8564;2.33917;48.8534;2.34775;17
14:25:03.851;48.8552;2.34236;48.8567;2.33807;48.8537;2.34665;17
14:25:04.126;48.8551;2.34161;48.8566;2.33733;48.8536;2.3459;17
14:25:04.925;48.8552;2.34155;48.8567;2.33725;48.8537;2.34584;17
14:25:04.925;48.8556;2.3405;48.8571;2.3362;48.8541;2.34479;17
14:25:04.956;48.8556;2.34029;48.8571;2.33598;48.8541;2.34454;17
14:25:05.337;48.8557;2.34019;48.8572;2.33591;48.8542;2.34448;17
14:25:05.337;48.8564;2.33908;48.8579;2.33479;48.8549;2.34337;17
14:25:05.466;48.8566;2.33844;48.8581;2.33414;48.8551;2.34273;17
14:25:07.658;48.8566;2.3382;48.8581;2.33391;48.8551;2.3425;17
14:25:07.658;48.8568;2.3365;48.8583;2.33221;48.8554;2.34079;17
14:25:08.454;48.8569;2.33644;48.8584;2.33215;48.8554;2.34073;17
14:25:08.455;48.8574;2.33507;48.8589;2.33078;48.8559;2.33936;17
14:25:09.208;48.8574;2.33505;48.8589;2.33075;48.8559;2.33934;17
14:25:09.208;48.8584;2.33334;48.8599;2.32906;48.8569;2.33765;17
14:25:09.368;48.8586;2.3327;48.86;2.32841;48.8571;2.33701;17
14:25:09.723;48.8586;2.33269;48.8601;2.3284;48.8571;2.33696;17
14:25:09.724;48.8592;2.33159;48.8607;2.3273;48.8577;2.33588;17
14:25:09.872;48.8594;2.33069;48.8609;2.3264;48.8579;2.33498;17
14:25:10.484;48.8595;2.33058;48.861;2.32629;48.858;2.33487;17
14:25:10.484;48.8601;2.3289;48.8616;2.32462;48.8586;2.33318;17
14:25:11.556;48.8602;2.32887;48.8617;2.32457;48.8587;2.33313;17
14:25:11.556;48.8609;2.32793;48.8624;2.32362;48.8594;2.33218;17
14:25:12.853;48.8609;2.32788;48.8624;2.32359;48.8594;2.33215;17
14:25:13.752;48.8609;2.32788;48.8639;2.31929;48.8579;2.33644;16
14:25:14.473;48.8609;2.32788;48.8669;2.31071;48.855;2.34502;15
14:25:17.184;48.8609;2.32771;48.8668;2.31055;48.8549;2.34485;15
14:25:17.184;48.8626;2.32109;48.8686;2.30392;48.8566;2.33824;15
14:25:17.799;48.8636;2.3105;48.8695;2.29333;48.8576;2.32764;15
14:25:17.799;48.8638;2.30852;48.8697;2.29135;48.8578;2.32567;15
14:25:17.799;48.8639;2.30882;48.8699;2.29166;48.858;2.32597;15
14:25:19.198;48.864;2.30873;48.87;2.29156;48.8581;2.32588;15
14:25:19.198;48.8642;2.3084;48.8702;2.29123;48.8583;2.32555;15
14:25:19.612;48.8643;2.3083;48.8703;2.29114;48.8584;2.32545;15
14:25:19.612;48.8644;2.30809;48.8704;2.29092;48.8585;2.32524;15
14:25:19.846;48.8645;2.30788;48.8704;2.29071;48.8585;2.32503;15
14:25:35.723;48.8645;2.30792;48.8705;2.29076;48.8586;2.32507;15
14:25:35.724;48.8658;2.30766;48.8718;2.2905;48.8598;2.32481;15
14:25:36.169;48.8666;2.30724;48.8725;2.29007;48.8606;2.32439;15
14:25:36.169;48.8668;2.30719;48.8727;2.29002;48.8608;2.32434;15
14:25:36.571;48.8668;2.30714;48.8728;2.28998;48.8608;2.3243;15
14:25:36.571;48.8668;2.30711;48.8728;2.28995;48.8608;2.32425;15
14:25:36.751;48.8668;2.30711;48.8728;2.28995;48.8608;2.32425;15
14:25:40.018;48.8668;2.30711;48.8728;2.28995;48.8609;2.32425;15
14:25:40.018;48.8687;2.30664;48.8746;2.28947;48.8627;2.32378;15
14:25:40.335;48.87;2.3065;48.8759;2.28934;48.864;2.32365;15
14:25:40.335;48.8702;2.30646;48.8762;2.28929;48.8643;2.32361;15
14:25:41.569;48.8702;2.30643;48.8762;2.28926;48.8643;2.32356;15
14:25:41.569;48.8694;2.30608;48.8754;2.28891;48.8634;2.32323;15
14:25:41.946;48.8687;2.30612;48.8747;2.28896;48.8628;2.32327;15
14:25:41.946;48.8681;2.30617;48.8741;2.289;48.8621;2.3233;15
14:25:42.334;48.8678;2.30617;48.8738;2.289;48.8619;2.3233;15
14:25:42.334;48.8677;2.30621;48.8737;2.28905;48.8617;2.32335;15
14:25:42.701;48.8676;2.30621;48.8736;2.28905;48.8617;2.32335;15
14:25:42.701;48.8676;2.30621;48.8736;2.28905;48.8617;2.32335;15
14:25:50.452;48.8676;2.3065;48.8736;2.28934;48.8617;2.32365;15
14:25:50.452;48.8675;2.31076;48.8735;2.29359;48.8615;2.3279;15
14:25:50.827;48.8677;2.31157;48.8737;2.2944;48.8618;2.32872;15
14:25:50.827;48.8676;2.31145;48.8736;2.29428;48.8617;2.32858;15
14:26:31.988;48.8676;2.3114;48.8736;2.29424;48.8617;2.32854;15
14:26:31.988;48.8678;2.30882;48.8738;2.29166;48.8619;2.32597;15
14:26:32.363;48.8678;2.30759;48.8738;2.29042;48.8619;2.32472;15
14:26:32.363;48.8678;2.30745;48.8738;2.29028;48.8619;2.3246;15
14:26:32.581;48.8678;2.30745;48.8738;2.29028;48.8619;2.3246;15
14:26:32.792;48.8678;2.3074;48.8738;2.29024;48.8618;2.32455;15
14:26:58.057;48.8678;2.3074;48.8797;2.27307;48.8559;2.34172;14
14:27:20.298;48.8675;2.3074;48.8794;2.27307;48.8555;2.34172;14
14:27:20.298;48.866;2.30707;48.878;2.27274;48.8541;2.34137;14
14:27:20.436;48.8646;2.30655;48.8766;2.27222;48.8527;2.34087;14
14:27:20.436;48.8645;2.30664;48.8764;2.27231;48.8525;2.34094;14
14:27:20.546;48.8643;2.30664;48.8762;2.27231;48.8523;2.34094;14
14:27:20.868;48.8642;2.30664;48.8762;2.27231;48.8523;2.34094;14
14:27:20.868;48.864;2.30664;48.8759;2.27231;48.8521;2.34094;14
14:27:20.984;48.8639;2.30655;48.8758;2.27222;48.852;2.34087;14
14:27:29.605;48.8637;2.30629;48.8756;2.27196;48.8517;2.34061;14
14:27:29.606;48.8627;2.30423;48.8746;2.2699;48.8508;2.33855;14
14:27:29.862;48.8605;2.29857;48.8724;2.26424;48.8485;2.33289;14
14:27:29.862;48.8594;2.29471;48.8714;2.26038;48.8475;2.32901;14
14:27:30.167;48.8583;2.28938;48.8703;2.25505;48.8464;2.3237;14
14:27:30.168;48.8581;2.2887;48.8701;2.25436;48.8462;2.32301;14
14:27:30.503;48.8581;2.28844;48.87;2.2541;48.8461;2.32275;14
14:27:30.504;48.858;2.28836;48.87;2.25403;48.8461;2.32266;14
14:27:30.771;48.858;2.28818;48.8699;2.25385;48.846;2.32249;14
14:27:30.772;48.858;2.28818;48.8699;2.25385;48.846;2.32249;14
14:27:30.951;48.858;2.28818;48.8699;2.25385;48.846;2.32249;14
14:27:31.214;48.858;2.28818;48.8699;2.25385;48.846;2.32249;14
14:27:31.604;48.8579;2.28818;48.8699;2.25385;48.846;2.32249;14
14:27:31.901;48.8579;2.28818;48.8699;2.25385;48.846;2.32249;14
14:27:31.901;48.8578;2.2881;48.8698;2.25377;48.8459;2.3224;14
14:27:34.080;48.8578;2.2881;48.8817;2.21944;48.834;2.35674;13
14:27:35.019;48.8578;2.2881;48.8698;2.25377;48.8459;2.3224;14
14:27:35.565;48.8578;2.2881;48.8638;2.27094;48.8519;2.30524;15
14:27:37.464;48.8575;2.28789;48.8635;2.27072;48.8516;2.30502;15
14:27:37.464;48.8551;2.28448;48.8611;2.26732;48.8491;2.30164;15
14:27:37.851;48.8551;2.28458;48.8611;2.26741;48.8491;2.30173;15
14:27:37.851;48.8551;2.28462;48.8611;2.26746;48.8491;2.30176;15
14:27:38.284;48.8551;2.2847;48.8611;2.26753;48.8491;2.30185;15
14:27:38.284;48.8555;2.28526;48.8615;2.2681;48.8495;2.30241;15
14:27:38.538;48.8582;2.28969;48.8641;2.27252;48.8522;2.30682;15
14:27:39.208;48.8582;2.2899;48.8642;2.27274;48.8523;2.30704;15
14:27:39.209;48.8608;2.29385;48.8668;2.27669;48.8548;2.31099;15
14:27:39.653;48.8633;2.29921;48.8693;2.28204;48.8573;2.31636;15
14:27:39.653;48.8642;2.30084;48.8701;2.28368;48.8582;2.31799;15
14:27:41.230;48.8642;2.30089;48.8701;2.28372;48.8582;2.31802;15
14:27:41.230;48.864;2.30278;48.87;2.28561;48.8581;2.31992;15
14:27:41.653;48.8641;2.30548;48.87;2.28831;48.8581;2.32262;15
14:27:41.653;48.8641;2.30617;48.87;2.289;48.8581;2.3233;15
14:27:42.449;48.8641;2.30617;48.87;2.289;48.8581;2.3233;15
14:27:42.449;48.864;2.30617;48.8699;2.289;48.858;2.3233;15
14:27:42.449;48.8642;2.30891;48.8701;2.29175;48.8582;2.32605;15
14:27:42.449;48.8642;2.31187;48.8702;2.29471;48.8582;2.32901;15
14:27:45.653;48.8642;2.312;48.8702;2.29483;48.8582;2.32915;15
14:27:45.654;48.8647;2.31445;48.8707;2.29729;48.8587;2.33159;15
14:27:45.974;48.8648;2.31715;48.8708;2.29999;48.8589;2.33429;15
14:27:45.974;48.8649;2.31818;48.8709;2.30101;48.8589;2.33533;15
14:27:46.444;48.8651;2.31921;48.871;2.30205;48.8591;2.33635;15
14:27:46.445;48.8652;2.31995;48.8712;2.30278;48.8592;2.33708;15
14:27:46.445;48.8652;2.32007;48.8711;2.3029;48.8592;2.33722;15
14:27:48.989;48.8651;2.32007;48.871;2.3029;48.8591;2.33722;15
14:27:48.989;48.8629;2.32007;48.8689;2.3029;48.857;2.33722;15
14:27:49.271;48.8621;2.32011;48.8681;2.30295;48.8562;2.33725;15
14:27:49.271;48.8621;2.32016;48.868;2.30299;48.8561;2.3373;15
14:27:49.862;48.862;2.32024;48.868;2.30307;48.856;2.33739;15
14:27:49.862;48.862;2.32028;48.868;2.30312;48.856;2.33743;15
14:27:49.862;48.8619;2.32054;48.8679;2.30338;48.8559;2.33768;15
14:27:49.863;48.8619;2.32054;48.8679;2.30338;48.8559;2.33768;15
14:27:52.646;48.8618;2.32059;48.8678;2.30342;48.8559;2.33772;15
14:27:52.646;48.8602;2.32088;48.8662;2.30371;48.8542;2.33803;15
14:27:52.919;48.8583;2.32127;48.8643;2.30411;48.8523;2.33841;15
14:27:52.919;48.8576;2.3214;48.8636;2.30423;48.8517;2.33855;15
14:27:53.216;48.8574;2.32153;48.8634;2.30437;48.8515;2.33867;15
14:27:53.216;48.8574;2.32156;48.8634;2.3044;48.8514;2.33871;15
14:27:53.512;48.8575;2.32175;48.8635;2.30458;48.8515;2.33888;15
14:27:53.513;48.8581;2.32204;48.8641;2.30487;48.8521;2.33919;15
14:27:53.928;48.8593;2.32265;48.8653;2.30548;48.8534;2.33978;15
14:27:53.928;48.8598;2.32298;48.8657;2.30582;48.8538;2.34013;15
14:27:54.413;48.8601;2.32315;48.866;2.30598;48.8541;2.3403;15
14:27:54.414;48.8602;2.32324;48.8661;2.30608;48.8542;2.34039;15
14:27:54.414;48.8605;2.32359;48.8665;2.30643;48.8545;2.34073;15
14:27:54.771;48.8607;2.32419;48.8666;2.30702;48.8547;2.34134;15
14:27:54.771;48.8607;2.32436;48.8666;2.30719;48.8547;2.34151;15
14:27:55.076;48.8607;2.32462;48.8667;2.30745;48.8548;2.34177;15
14:27:55.076;48.8609;2.32518;48.8669;2.30801;48.8549;2.34232;15
14:27:55.216;48.861;2.32561;48.8669;2.30844;48.855;2.34274;15
14:27:55.966;48.861;2.32568;48.8669;2.30852;48.855;2.34283;15
14:27:56.247;48.8603;2.32887;48.8662;2.31171;48.8543;2.34601;15
14:27:56.247;48.86;2.33096;48.866;2.3138;48.854;2.34811;15
14:27:56.537;48.8594;2.33162;48.8654;2.31445;48.8534;2.34875;15
14:27:56.537;48.8591;2.3317;48.8651;2.31453;48.8532;2.34885;15
14:27:56.817;48.8591;2.33174;48.8651;2.31458;48.8531;2.34889;15
14:27:56.818;48.859;2.33186;48.865;2.3147;48.8531;2.34901;15
14:27:56.968;48.859;2.33195;48.865;2.31479;48.853;2.34911;15
14:27:57.802;48.859;2.33208;48.865;2.31491;48.853;2.34923;15
14:27:57.803;48.8587;2.33406;48.8647;2.31689;48.8528;2.3512;15
14:27:58.099;48.8587;2.33719;48.8646;2.32002;48.8527;2.35434;15
14:27:58.100;48.8587;2.33823;48.8646;2.32106;48.8527;2.35536;15
14:27:58.394;48.8585;2.33917;48.8644;2.32201;48.8525;2.35631;15
14:27:58.395;48.8582;2.33934;48.8642;2.32217;48.8522;2.35648;15
14:27:58.849;48.8581;2.33939;48.8641;2.32222;48.8522;2.35652;15
14:27:59.248;48.8566;2.33989;48.8626;2.32272;48.8506;2.35704;15
14:27:59.248;48.8561;2.34007;48.8621;2.32291;48.8501;2.35721;15
14:27:59.847;48.8558;2.34029;48.8617;2.32312;48.8498;2.35742;15
14:27:59.847;48.8557;2.34036;48.8616;2.3232;48.8497;2.35751;15
14:27:59.847;48.8556;2.34079;48.8616;2.32362;48.8497;2.35794;15
14:27:59.847;48.8556;2.34084;48.8616;2.32367;48.8497;2.35799;15
14:28:28.544;48.8556;2.34062;48.8616;2.32346;48.8497;2.35777;15
14:28:28.544;48.8557;2.33968;48.8617;2.32251;48.8498;2.35683;15
14:28:29.253;48.8559;2.33882;48.8618;2.32166;48.8499;2.35597;15
14:28:29.254;48.8559;2.3387;48.8618;2.32153;48.8499;2.35583;15
14:28:29.254;48.8559;2.3387;48.8618;2.32153;48.8499;2.35583;15
14:28:29.254;48.8559;2.3387;48.8618;2.32153;48.8499;2.35583;15
14:28:29.399;48.8557;2.3387;48.8616;2.32153;48.8497;2.35583;15
14:28:29.400;48.8555;2.33878;48.8615;2.32161;48.8496;2.35593;15
14:28:29.577;48.8554;2.33882;48.8614;2.32166;48.8495;2.35597;15
14:29:29.579;48.8554;2.3387;48.8613;2.32153;48.8494;2.35583;15
14:29:29.579;48.8553;2.33238;48.8613;2.31522;48.8493;2.34953;15
14:29:30.563;48.8546;2.32333;48.8606;2.30617;48.8486;2.34047;15
14:29:30.563;48.8545;2.32191;48.8605;2.30475;48.8485;2.33905;15
14:29:30.564;48.8545;2.32201;48.8604;2.30484;48.8485;2.33914;15
14:29:30.564;48.856;2.32182;48.862;2.30466;48.85;2.33897;15
14:29:30.564;48.8596;2.31912;48.8655;2.30196;48.8536;2.33627;15
14:29:30.726;48.8614;2.31792;48.8673;2.30075;48.8554;2.33507;15
14:29:38.455;48.8615;2.31792;48.8675;2.30075;48.8555;2.33507;15
14:29:38.455;48.8656;2.31775;48.8715;2.30058;48.8596;2.3349;15
14:29:38.793;48.8675;2.31702;48.8734;2.29985;48.8615;2.33417;15
14:29:38.793;48.8675;2.31702;48.8734;2.29985;48.8615;2.33417;15
14:29:39.470;48.8674;2.31706;48.8734;2.2999;48.8615;2.33421;15
14:29:39.470;48.8674;2.31706;48.8734;2.2999;48.8615;2.33421;15
14:29:39.470;48.8673;2.31711;48.8733;2.29994;48.8613;2.33426;15
14:29:39.470;48.8672;2.31715;48.8732;2.29999;48.8613;2.33429;15
14:29:39.853;48.8672;2.3172;48.8732;2.30003;48.8612;2.33434;15
14:29:39.853;48.8671;2.31728;48.873;2.30011;48.8611;2.33443;15
14:29:40.214;48.8666;2.31744;48.8726;2.30028;48.8606;2.33459;15
14:29:40.214;48.8658;2.31763;48.8718;2.30046;48.8599;2.33476;15
14:29:40.494;48.8648;2.31964;48.8707;2.30247;48.8588;2.33678;15
14:29:40.495;48.8643;2.32109;48.8703;2.30392;48.8583;2.33824;15
14:29:40.665;48.8642;2.32092;48.8701;2.30376;48.8582;2.33807;15
14:29:41.311;48.8642;2.32118;48.8701;2.30402;48.8582;2.33833;15
14:29:41.311;48.864;2.32535;48.8699;2.30818;48.858;2.3425;15
14:29:41.637;48.8638;2.33264;48.8697;2.31548;48.8578;2.34979;15
14:29:41.637;48.8638;2.33643;48.8698;2.31926;48.8579;2.35356;15
14:29:41.721;48.8635;2.34019;48.8694;2.32303;48.8575;2.35735;15
14:29:42.425;48.8625;2.34058;48.8685;2.32341;48.8565;2.35773;15
14:29:42.425;48.8597;2.34093;48.8656;2.32376;48.8537;2.35806;15
14:29:42.737;48.8576;2.34105;48.8636;2.32388;48.8517;2.3582;15
14:29:42.737;48.8572;2.34097;48.8631;2.32381;48.8512;2.35811;15
14:29:43.033;48.857;2.34093;48.8629;2.32376;48.851;2.35806;15
14:29:43.034;48.857;2.34093;48.8629;2.32376;48.851;2.35806;15
14:29:43.231;48.8567;2.34097;48.8626;2.32381;48.8507;2.35811;15
14:29:44.402;48.8567;2.341;48.8626;2.32384;48.8507;2.35815;15
14:29:44.402;48.8566;2.34261;48.8626;2.32544;48.8507;2.35974;15
14:29:44.745;48.8565;2.34419;48.8625;2.32703;48.8506;2.36133;15
14:29:44.745;48.8565;2.34517;48.8625;2.328;48.8505;2.36232;15
14:29:45.152;48.8564;2.3465;48.8624;2.32933;48.8504;2.36365;15
14:29:45.153;48.8562;2.34685;48.8621;2.32968;48.8502;2.364;15
14:29:46.153;48.8555;2.34706;48.8615;2.3299;48.8496;2.36421;15
14:29:46.154;48.8548;2.34706;48.8608;2.3299;48.8489;2.36421;15
14:29:46.154;48.8542;2.34697;48.8602;2.3298;48.8482;2.36412;15
14:29:46.154;48.854;2.34697;48.86;2.3298;48.848;2.36412;15
14:29:46.154;48.8538;2.34697;48.8598;2.3298;48.8479;2.36412;15
14:29:46.154;48.8538;2.34689;48.8597;2.32973;48.8478;2.36403;15
14:29:53.324;48.8534;2.34702;48.8593;2.32985;48.8474;2.36417;15
14:29:53.324;48.8502;2.34557;48.8562;2.3284;48.8442;2.3627;15
14:29:53.774;48.8476;2.34431;48.8536;2.32715;48.8416;2.36147;15
14:29:53.774;48.8471;2.34415;48.8531;2.32698;48.8411;2.36128;15
14:29:53.774;48.8471;2.34415;48.853;2.32698;48.8411;2.36128;15
14:29:54.132;48.847;2.34415;48.853;2.32698;48.8411;2.36128;15
14:29:54.132;48.8471;2.34427;48.8531;2.3271;48.8411;2.36142;15
14:29:54.464;48.8471;2.34431;48.8531;2.32715;48.8412;2.36147;15
14:29:54.464;48.8472;2.34444;48.8531;2.32727;48.8412;2.36159;15
14:29:54.738;48.8473;2.34453;48.8532;2.32736;48.8413;2.36168;15
14:29:54.738;48.8473;2.34457;48.8532;2.32741;48.8413;2.36172;15
14:29:55.004;48.8473;2.34457;48.8533;2.32741;48.8413;2.36172;15
14:29:55.005;48.8474;2.34448;48.8533;2.32732;48.8414;2.36163;15
14:30:04.306;48.8474;2.34448;48.8533;2.32732;48.8414;2.36163;15
14:30:04.306;48.8473;2.34427;48.8533;2.3271;48.8414;2.36142;15
14:30:04.559;48.8472;2.34384;48.8531;2.32668;48.8412;2.36099;15
14:30:04.559;48.8471;2.34354;48.8531;2.32637;48.8411;2.36069;15
14:30:04.693;48.847;2.34337;48.853;2.3262;48.8411;2.36052;15
14:30:05.005;48.847;2.34332;48.853;2.32616;48.8411;2.36047;15
14:30:05.005;48.847;2.34329;48.853;2.32613;48.8411;2.36043;15
14:30:05.139;48.847;2.34329;48.853;2.32613;48.8411;2.36043;15
14:30:05.427;48.8471;2.34332;48.853;2.32616;48.8411;2.36047;15
14:30:05.427;48.8471;2.34337;48.853;2.3262;48.8411;2.36052;15
14:30:12.771;48.8471;2.34346;48.853;2.32629;48.8411;2.3606;15
14:30:12.771;48.85;2.34599;48.856;2.32883;48.844;2.36313;15
14:30:13.092;48.8516;2.34697;48.8575;2.3298;48.8456;2.36412;15
14:30:13.092;48.8516;2.34697;48.8576;2.3298;48.8456;2.36412;15
14:30:13.251;48.8516;2.34702;48.8576;2.32985;48.8456;2.36417;15
14:30:14.140;48.8516;2.34702;48.8576;2.32985;48.8456;2.36417;15
14:30:14.289;48.8516;2.34702;48.8576;2.32985;48.8456;2.36417;15
14:30:14.623;48.8516;2.34706;48.8576;2.3299;48.8456;2.36421;15
14:30:14.912;48.8516;2.34711;48.8576;2.32994;48.8456;2.36424;15
14:30:14.912;48.8516;2.34715;48.8576;2.32999;48.8456;2.36429;15
14:30:15.193;48.8515;2.34718;48.8575;2.33002;48.8456;2.36433;15
14:30:15.194;48.8515;2.34723;48.8575;2.33006;48.8456;2.36438;15
14:30:16.084;48.8515;2.34723;48.8575;2.33006;48.8456;2.36438;15
14:30:16.350;48.8515;2.34723;48.8575;2.33006;48.8456;2.36438;15
14:30:16.350;48.8516;2.34723;48.8575;2.33006;48.8456;2.36438;15
14:30:16.654;48.8516;2.34732;48.8576;2.33015;48.8456;2.36447;15
14:30:16.655;48.8517;2.34744;48.8577;2.33028;48.8457;2.36459;15
14:30:16.951;48.8518;2.34744;48.8577;2.33028;48.8458;2.36459;15
14:30:16.951;48.8518;2.34741;48.8577;2.33025;48.8458;2.36455;15
14:30:17.098;48.8518;2.34741;48.8577;2.33025;48.8458;2.36455;15
14:30:27.117;48.8517;2.34741;48.8577;2.33025;48.8457;2.36455;15
14:30:27.117;48.8502;2.34659;48.8562;2.32942;48.8443;2.36374;15
14:30:27.390;48.8489;2.34505;48.8548;2.32788;48.8429;2.36218;15
14:30:27.390;48.8485;2.34479;48.8545;2.32762;48.8425;2.36194;15
14:30:27.664;48.8484;2.34474;48.8543;2.32758;48.8424;2.36189;15
14:30:27.664;48.8483;2.34474;48.8543;2.32758;48.8424;2.36189;15
14:30:27.968;48.8483;2.34474;48.8543;2.32758;48.8424;2.36189;15
14:30:27.968;48.8483;2.34474;48.8543;2.32758;48.8423;2.36189;15
14:30:28.398;48.8483;2.34474;48.8543;2.32758;48.8423;2.36189;15
14:30:29.743;48.8483;2.34474;48.8543;2.32758;48.8423;2.36189;15
14:30:29.743;48.8483;2.34474;48.8543;2.32758;48.8423;2.36189;15
14:30:30.078;48.8483;2.34474;48.8543;2.32758;48.8423;2.36189;15
14:30:30.078;48.8484;2.34488;48.8544;2.32771;48.8424;2.36201;15
14:30:47.401;48.8487;2.345;48.8547;2.32784;48.8427;2.36215;15
14:30:47.401;48.851;2.34564;48.8569;2.32848;48.845;2.36279;15
14:30:47.689;48.8521;2.34599;48.858;2.32883;48.8461;2.36313;15
14:30:47.689;48.8521;2.3459;48.8581;2.32874;48.8462;2.36305;15
14:30:47.964;48.8521;2.3459;48.8581;2.32874;48.8462;2.36305;15
14:30:47.964;48.8522;2.3459;48.8582;2.32874;48.8462;2.36305;15
14:30:48.164;48.8522;2.3459;48.8582;2.32874;48.8462;2.36305;15
14:30:48.875;48.8522;2.34581;48.8582;2.32864;48.8462;2.36296;15
14:30:48.875;48.8522;2.34578;48.8582;2.32861;48.8462;2.36292;15
14:30:49.464;48.8522;2.34578;48.8582;2.32861;48.8462;2.36292;15
14:30:49.752;48.8522;2.34578;48.8582;2.32861;48.8462;2.36292;15
14:30:50.792;48.8522;2.34578;48.8582;2.32861;48.8462;2.36292;15
14:30:50.936;48.8522;2.34578;48.8582;2.32861;48.8462;2.36292;15
14:30:51.245;48.852;2.3456;48.8579;2.32843;48.846;2.36275;15
14:30:51.245;48.8512;2.34483;48.8572;2.32767;48.8453;2.36197;15
14:30:51.520;48.8492;2.34161;48.8552;2.32445;48.8432;2.35875;15
14:30:51.520;48.8492;2.34161;48.8552;2.32445;48.8432;2.35875;15
14:30:51.644;48.8492;2.34161;48.8551;2.32445;48.8432;2.35875;15
14:30:52.237;48.849;2.34161;48.855;2.32445;48.8431;2.35875;15
14:30:52.512;48.8458;2.34076;48.8518;2.32359;48.8399;2.35789;15
14:30:52.513;48.845;2.34041;48.851;2.32324;48.839;2.35756;15
14:30:52.831;48.8444;2.34032;48.8504;2.32315;48.8384;2.35747;15
14:30:52.832;48.8444;2.34032;48.8503;2.32315;48.8384;2.35747;15
14:30:53.095;48.8443;2.34032;48.8503;2.32315;48.8383;2.35747;15
14:30:53.095;48.8443;2.34032;48.8503;2.32315;48.8383;2.35747;15
14:30:54.058;48.8443;2.34032;48.8503;2.32315;48.8383;2.35747;15
14:30:54.581;48.8443;2.34032;48.8503;2.32315;48.8383;2.35747;15
14:30:54.581;48.8446;2.34041;48.8506;2.32324;48.8386;2.35756;15
14:30:54.831;48.8451;2.34067;48.8511;2.3235;48.8391;2.35782;15
14:30:54.831;48.8458;2.34109;48.8518;2.32393;48.8398;2.35825;15
14:30:55.104;48.8467;2.34152;48.8527;2.32436;48.8408;2.35867;15
14:30:55.104;48.8474;2.34192;48.8534;2.32475;48.8414;2.35905;15
14:30:55.385;48.8481;2.34235;48.8541;2.32518;48.8421;2.35948;15
14:30:55.385;48.8484;2.34238;48.8543;2.32521;48.8424;2.35953;15
14:30:55.513;48.8485;2.34242;48.8545;2.32526;48.8425;2.35957;15
14:30:55.670;48.8485;2.34242;48.8545;2.32526;48.8425;2.35957;15
14:30:56.130;48.8485;2.34242;48.8545;2.32526;48.8425;2.35957;15
14:30:56.130;48.8486;2.34242;48.8545;2.32526;48.8426;2.35957;15
14:30:56.769;48.849;2.34251;48.8549;2.32535;48.843;2.35965;15
14:30:56.769;48.8502;2.34294;48.8562;2.32578;48.8442;2.36009;15
14:30:57.105;48.8512;2.34341;48.8572;2.32625;48.8453;2.36057;15
14:30:57.105;48.8516;2.34358;48.8576;2.32642;48.8457;2.36073;15
14:30:57.394;48.852;2.34375;48.858;2.32658;48.846;2.3609;15
14:30:57.394;48.8521;2.34375;48.8581;2.32658;48.8461;2.3609;15
14:30:57.694;48.8523;2.3438;48.8582;2.32663;48.8463;2.36095;15
14:30:57.694;48.853;2.34422;48.859;2.32706;48.847;2.36137;15
14:30:58.217;48.8534;2.34444;48.8593;2.32727;48.8474;2.36159;15
14:30:58.217;48.8537;2.34462;48.8597;2.32745;48.8477;2.36176;15
14:30:58.217;48.8537;2.34462;48.8597;2.32745;48.8477;2.36176;15
14:30:58.526;48.8537;2.34457;48.8597;2.32741;48.8477;2.36172;15
14:30:58.526;48.8537;2.34448;48.8597;2.32732;48.8477;2.36163;15
14:30:59.214;48.8539;2.34453;48.8599;2.32736;48.8479;2.36168;15
14:30:59.550;48.8571;2.34628;48.8631;2.32912;48.8512;2.36343;15
14:30:59.551;48.8575;2.34659;48.8635;2.32942;48.8516;2.36374;15
14:30:59.708;48.8575;2.34659;48.8635;2.32942;48.8515;2.36374;15
14:31:15.404;48.8574;2.34659;48.8634;2.32942;48.8515;2.36374;15
14:31:15.404;48.8544;2.34436;48.8603;2.32719;48.8484;2.3615;15
14:31:15.662;48.8516;2.3423;48.8576;2.32513;48.8456;2.35944;15
14:31:15.662;48.8508;2.34192;48.8568;2.32475;48.8448;2.35905;15
14:31:15.935;48.85;2.34174;48.856;2.32457;48.844;2.35889;15
14:31:15.935;48.8498;2.34169;48.8558;2.32452;48.8439;2.35884;15
14:31:16.529;48.8498;2.34187;48.8558;2.32471;48.8439;2.35901;15
14:31:16.529;48.848;2.34152;48.8539;2.32436;48.842;2.35867;15
14:31:16.795;48.8445;2.33994;48.8505;2.32277;48.8386;2.35709;15
14:31:16.795;48.8438;2.3396;48.8497;2.32243;48.8378;2.35674;15
14:31:17.081;48.8431;2.33951;48.849;2.32234;48.8371;2.35666;15
14:31:17.082;48.8426;2.33939;48.8485;2.32222;48.8366;2.35652;15
14:31:17.379;48.8425;2.33939;48.8484;2.32222;48.8365;2.35652;15
14:31:17.379;48.8424;2.33939;48.8484;2.32222;48.8365;2.35652;15
14:31:17.694;48.8424;2.33929;48.8484;2.32213;48.8365;2.35645;15
14:31:17.694;48.8424;2.33913;48.8484;2.32196;48.8364;2.35626;15
14:31:18.556;48.8423;2.33917;48.8483;2.32201;48.8363;2.35631;15
14:31:18.873;48.8401;2.33797;48.846;2.3208;48.8341;2.3551;15
14:31:18.873;48.8391;2.33745;48.8451;2.32028;48.8332;2.3546;15
14:31:19.147;48.8391;2.33745;48.8451;2.32028;48.8332;2.3546;15
14:31:19.147;48.8391;2.33745;48.8451;2.32028;48.8331;2.3546;15
14:31:19.630;48.8391;2.33745;48.8451;2.32028;48.8331;2.3546;15
14:31:19.630;48.8391;2.33745;48.8451;2.32028;48.8331;2.3546;15
14:31:19.630;48.8392;2.33749;48.8451;2.32033;48.8332;2.35463;15
14:31:20.195;48.8392;2.33749;48.8451;2.32033;48.8332;2.35463;15
14:31:20.195;48.8392;2.33749;48.8452;2.32033;48.8332;2.35463;15
14:31:20.312;48.8394;2.33749;48.8453;2.32033;48.8334;2.35463;15
14:31:20.951;48.8397;2.3378;48.8457;2.32063;48.8338;2.35493;15
14:31:20.952;48.8411;2.33865;48.8471;2.32149;48.8351;2.35579;15
14:31:21.218;48.843;2.34003;48.849;2.32286;48.8371;2.35716;15
14:31:21.219;48.8436;2.34041;48.8496;2.32324;48.8376;2.35756;15
14:31:21.609;48.844;2.34055;48.85;2.32338;48.8381;2.35768;15
14:31:21.610;48.8445;2.34084;48.8505;2.32367;48.8386;2.35799;15
14:31:21.706;48.8451;2.34119;48.8511;2.32402;48.8391;2.35832;15
14:31:22.538;48.8452;2.34123;48.8512;2.32407;48.8393;2.35837;15
14:31:22.538;48.8462;2.34174;48.8522;2.32457;48.8403;2.35889;15
14:31:22.805;48.8475;2.34256;48.8535;2.32539;48.8415;2.3597;15
14:31:22.806;48.8482;2.34294;48.8542;2.32578;48.8423;2.36009;15
14:31:23.084;48.8484;2.34311;48.8544;2.32594;48.8425;2.36026;15
14:31:23.084;48.8485;2.34315;48.8545;2.32599;48.8426;2.36031;15
14:31:23.967;48.8487;2.34325;48.8546;2.32608;48.8427;2.36038;15
14:31:23.967;48.8501;2.34389;48.856;2.32672;48.8441;2.36102;15
14:31:24.371;48.8514;2.34436;48.8573;2.32719;48.8454;2.3615;15
14:31:24.371;48.852;2.34491;48.858;2.32774;48.8461;2.36206;15
14:31:25.327;48.8522;2.34517;48.8582;2.328;48.8462;2.36232;15
14:31:25.327;48.8521;2.34505;48.8581;2.32788;48.8462;2.36218;15
14:31:25.327;48.852;2.34491;48.858;2.32774;48.8461;2.36206;15
14:31:25.327;48.852;2.34491;48.858;2.32774;48.8461;2.36206;15
14:31:25.327;48.852;2.34496;48.858;2.32779;48.8461;2.36211;15
14:31:25.328;48.852;2.345;48.858;2.32784;48.8461;2.36215;15
14:31:35.179;48.8519;2.345;48.8579;2.32784;48.846;2.36215;15
14:31:35.430;48.8506;2.34431;48.8566;2.32715;48.8447;2.36147;15
14:31:35.430;48.8503;2.34431;48.8563;2.32715;48.8444;2.36147;15
14:31:35.587;48.8503;2.34431;48.8563;2.32715;48.8443;2.36147;15
14:31:35.906;48.8503;2.34431;48.8563;2.32715;48.8443;2.36147;15
14:31:35.906;48.8503;2.34431;48.8563;2.32715;48.8443;2.36147;15
14:31:36.187;48.8503;2.34431;48.8563;2.32715;48.8443;2.36147;15
14:31:36.187;48.8503;2.34431;48.8563;2.32715;48.8443;2.36147;15
14:31:36.477;48.8502;2.34422;48.8562;2.32706;48.8442;2.36137;15
14:31:36.477;48.85;2.34422;48.856;2.32706;48.8441;2.36137;15
14:31:36.765;48.8499;2.34419;48.8559;2.32703;48.8439;2.36133;15
14:31:36.766;48.8499;2.34419;48.8559;2.32703;48.8439;2.36133;15
14:31:36.903;48.8497;2.34406;48.8557;2.32689;48.8438;2.36121;15
14:31:48.054;48.8497;2.34398;48.8556;2.32681;48.8437;2.36111;15
14:31:48.054;48.8491;2.34384;48.8551;2.32668;48.8432;2.36099;15
14:31:48.353;48.8491;2.34389;48.8551;2.32672;48.8431;2.36102;15
14:31:48.354;48.8491;2.34401;48.8551;2.32684;48.8431;2.36116;15
14:31:48.751;48.849;2.34406;48.855;2.32689;48.8431;2.36121;15
14:31:48.752;48.8488;2.34427;48.8547;2.3271;48.8428;2.36142;15
14:31:48.855;48.8489;2.34415;48.8549;2.32698;48.843;2.36128;15
14:31:50.392;48.8489;2.34415;48.8549;2.32698;48.8429;2.36128;15
14:31:50.393;48.8489;2.34415;48.8548;2.32698;48.8429;2.36128;15
14:31:52.127;48.8488;2.34415;48.8548;2.32698;48.8428;2.36128;15
14:31:55.705;48.8488;2.34415;48.8548;2.32698;48.8428;2.36128;15
14:31:55.705;48.8524;2.34612;48.8584;2.32895;48.8464;2.36327;15
14:31:56.010;48.8544;2.34737;48.8603;2.3302;48.8484;2.3645;15
14:31:56.011;48.8551;2.34784;48.8611;2.33067;48.8491;2.36497;15
14:31:56.338;48.855;2.34775;48.861;2.33058;48.849;2.3649;15
14:31:56.339;48.8548;2.34758;48.8607;2.33041;48.8488;2.36472;15
14:31:56.674;48.8548;2.34758;48.8607;2.33041;48.8488;2.36472;15
14:31:56.674;48.8548;2.34758;48.8607;2.33041;48.8488;2.36472;15
14:31:56.987;48.8546;2.34784;48.8606;2.33067;48.8487;2.36497;15
14:31:56.987;48.8545;2.34784;48.8605;2.33067;48.8486;2.36497;15
14:31:57.990;48.8544;2.3477;48.8604;2.33054;48.8484;2.36485;15
14:31:58.284;48.8534;2.34715;48.8594;2.32999;48.8475;2.36429;15
14:31:58.284;48.8532;2.34711;48.8592;2.32994;48.8473;2.36424;15
14:31:58.596;48.8532;2.34711;48.8592;2.32994;48.8473;2.36424;15
14:31:58.596;48.8532;2.34711;48.8592;2.32994;48.8473;2.36424;15
14:31:58.754;48.8532;2.34711;48.8592;2.32994;48.8472;2.36424;15
14:32:07.269;48.8532;2.34723;48.8592;2.33006;48.8472;2.36438;15
14:32:07.269;48.8512;2.34727;48.8572;2.33011;48.8452;2.36443;15
14:32:07.582;48.8499;2.34715;48.8559;2.32999;48.8439;2.36429;15
14:32:07.582;48.8488;2.34711;48.8548;2.32994;48.8428;2.36424;15
14:32:08.158;48.8482;2.34718;48.8542;2.33002;48.8423;2.36433;15
14:32:08.158;48.8482;2.34718;48.8542;2.33002;48.8423;2.36433;15
14:32:08.158;48.8481;2.34718;48.8541;2.33002;48.8421;2.36433;15
14:32:08.158;48.8481;2.34718;48.8541;2.33002;48.8421;2.36433;15
14:32:08.417;48.8482;2.34723;48.8542;2.33006;48.8422;2.36438;15
14:32:09.480;48.8483;2.34723;48.8543;2.33006;48.8424;2.36438;15
14:32:09.746;48.8498;2.34647;48.8558;2.3293;48.8439;2.3636;15
14:32:09.746;48.8499;2.34621;48.8559;2.32904;48.844;2.36334;15
14:32:10.043;48.8501;2.34552;48.8561;2.32835;48.8441;2.36266;15
14:32:10.043;48.8501;2.34496;48.8561;2.32779;48.8441;2.36211;15
14:32:10.178;48.8501;2.34474;48.8561;2.32758;48.8441;2.36189;15
14:32:10.506;48.8501;2.3447;48.8561;2.32753;48.8441;2.36185;15
14:32:10.506;48.8499;2.34453;48.8559;2.32736;48.8439;2.36168;15
14:32:10.645;48.8499;2.34453;48.8559;2.32736;48.8439;2.36168;15
14:32:20.272;48.8499;2.34467;48.8559;2.3275;48.8439;2.3618;15
14:32:20.272;48.8524;2.33852;48.8584;2.32135;48.8464;2.35567;15
14:32:20.536;48.8553;2.33115;48.8613;2.31398;48.8493;2.34828;15
14:32:20.536;48.8553;2.32909;48.8613;2.31192;48.8493;2.34622;15
14:32:20.715;48.8549;2.32895;48.8609;2.31178;48.849;2.3461;15
14:32:21.195;48.8551;2.32878;48.8611;2.31161;48.8491;2.34592;15
14:32:21.195;48.8584;2.32307;48.8644;2.30591;48.8524;2.34021;15
14:32:21.601;48.8599;2.31874;48.8659;2.30157;48.8539;2.33588;15
14:32:21.602;48.8601;2.31763;48.8661;2.30046;48.8542;2.33476;15
14:32:21.926;48.8601;2.31749;48.8661;2.30032;48.8542;2.33464;15
14:32:21.926;48.8598;2.3172;48.8658;2.30003;48.8538;2.33434;15
14:32:22.834;48.8601;2.31706;48.866;2.2999;48.8541;2.33421;15
14:32:22.834;48.863;2.31441;48.869;2.29724;48.8571;2.33154;15
14:32:23.216;48.8647;2.31303;48.8707;2.29587;48.8587;2.33017;15
14:32:23.217;48.8647;2.31299;48.8707;2.29582;48.8587;2.33014;15
14:32:23.646;48.8647;2.31294;48.8707;2.29578;48.8587;2.33009;15
14:32:23.646;48.8647;2.31294;48.8706;2.29578;48.8587;2.33009;15
14:32:24.053;48.8646;2.31294;48.8706;2.29578;48.8587;2.33009;15
14:32:24.053;48.8646;2.31294;48.8706;2.29578;48.8587;2.33009;15
14:32:24.287;48.8646;2.31299;48.8706;2.29582;48.8586;2.33014;15
14:32:24.702;48.8646;2.31299;48.8706;2.29582;48.8587;2.33014;15
14:32:24.702;48.8647;2.31299;48.8707;2.29582;48.8587;2.33014;15
14:33:05.776;48.8645;2.31303;48.8705;2.29587;48.8586;2.33017;15
14:33:05.776;48.8626;2.31282;48.8685;2.29565;48.8566;2.32996;15
14:33:06.448;48.8618;2.31325;48.8678;2.29608;48.8559;2.33038;15
14:33:06.448;48.8618;2.31329;48.8678;2.29613;48.8558;2.33043;15
14:33:06.449;48.8618;2.31337;48.8678;2.2962;48.8558;2.33052;15
14:33:06.449;48.8617;2.31436;48.8677;2.2972;48.8558;2.33151;15
14:33:06.667;48.8617;2.31448;48.8677;2.29732;48.8558;2.33163;15
14:33:07.112;48.8617;2.31448;48.8677;2.29732;48.8557;2.33163;15
14:33:07.113;48.8616;2.31453;48.8676;2.29736;48.8557;2.33168;15
14:33:07.433;48.8612;2.31467;48.8672;2.2975;48.8552;2.3318;15
14:33:07.433;48.8605;2.31488;48.8665;2.29771;48.8545;2.33202;15
14:33:07.782;48.8593;2.31535;48.8653;2.29819;48.8534;2.33249;15
14:33:07.782;48.8588;2.31535;48.8648;2.29819;48.8529;2.33249;15
14:33:08.066;48.8588;2.31535;48.8648;2.29819;48.8528;2.33249;15
14:33:08.066;48.8588;2.31535;48.8648;2.29819;48.8528;2.33249;15
14:33:08.217;48.8586;2.31548;48.8646;2.29831;48.8526;2.33263;15
14:33:08.620;48.8586;2.31548;48.8646;2.29831;48.8526;2.33263;15
14:33:08.621;48.8586;2.31552;48.8646;2.29836;48.8526;2.33266;15
14:33:21.380;48.8588;2.31557;48.8648;2.2984;48.8528;2.3327;15
14:33:21.380;48.8622;2.31538;48.8682;2.29822;48.8563;2.33253;15
14:33:21.731;48.8641;2.31491;48.8701;2.29774;48.8582;2.33206;15
14:33:21.731;48.8642;2.31488;48.8701;2.29771;48.8582;2.33202;15
14:33:22.060;48.8642;2.31488;48.8702;2.29771;48.8582;2.33202;15
14:33:22.060;48.8642;2.31488;48.8702;2.29771;48.8582;2.33202;15
14:33:22.411;48.8642;2.315;48.8702;2.29784;48.8583;2.33215;15
14:33:22.412;48.8642;2.31514;48.8702;2.29797;48.8583;2.33228;15
14:33:22.577;48.8643;2.31517;48.8702;2.298;48.8583;2.33232;15
14:33:29.740;48.8643;2.31526;48.8703;2.2981;48.8584;2.33241;15
14:33:29.740;48.8688;2.31548;48.8747;2.29831;48.8628;2.33263;15
14:33:30.155;48.8716;2.31514;48.8776;2.29797;48.8657;2.33228;15
14:33:30.155;48.8717;2.31517;48.8777;2.298;48.8658;2.33232;15
14:33:30.330;48.8718;2.31543;48.8777;2.29826;48.8658;2.33258;15
14:33:30.724;48.8718;2.31548;48.8777;2.29831;48.8658;2.33263;15
14:33:30.724;48.8718;2.31552;48.8777;2.29836;48.8658;2.33266;15
14:33:31.451;48.8718;2.31552;48.8777;2.29836;48.8658;2.33266;15
14:33:32.123;48.8718;2.31552;48.8777;2.29836;48.8658;2.33266;15
14:33:32.422;48.8718;2.31552;48.8777;2.29836;48.8658;2.33266;15
14:33:32.422;48.8712;2.31586;48.8772;2.29869;48.8652;2.33301;15
14:33:32.717;48.8693;2.31607;48.8753;2.2989;48.8634;2.33322;15
14:33:32.717;48.8681;2.31595;48.8741;2.29878;48.8621;2.3331;15
14:33:33.045;48.868;2.31595;48.8739;2.29878;48.862;2.3331;15
14:33:33.045;48.868;2.31578;48.8739;2.29861;48.862;2.33292;15
14:33:34.069;48.868;2.31578;48.8709;2.30719;48.865;2.32434;16
14:33:35.234;48.868;2.31578;48.8709;2.30719;48.865;2.32434;16
14:33:35.234;48.8679;2.31453;48.8708;2.30595;48.8649;2.32309;16
14:33:35.522;48.8675;2.31326;48.8705;2.30469;48.8645;2.32185;16
14:33:35.523;48.8668;2.31343;48.8698;2.30486;48.8638;2.32202;16
14:33:36.072;48.866;2.31384;48.869;2.30527;48.8631;2.3224;16
14:33:36.073;48.8657;2.31387;48.8687;2.30528;48.8627;2.32245;16
14:33:36.073;48.8655;2.3139;48.8685;2.30533;48.8625;2.32249;16
14:33:36.073;48.8654;2.31389;48.8683;2.3053;48.8624;2.32245;16
14:33:36.272;48.8653;2.31387;48.8683;2.30528;48.8624;2.32245;16
14:33:36.452;48.8653;2.31387;48.8683;2.30528;48.8624;2.32245;16
14:33:36.609;48.8653;2.31384;48.8683;2.30527;48.8623;2.3224;16
14:33:37.726;48.8652;2.31389;48.8682;2.3053;48.8623;2.32245;16
14:33:38.092;48.8641;2.31415;48.867;2.30556;48.8611;2.32271;16
14:33:38.093;48.8636;2.31448;48.8665;2.30591;48.8606;2.32304;16
14:33:38.390;48.863;2.31456;48.866;2.30597;48.8601;2.32314;16
14:33:38.390;48.8628;2.31453;48.8657;2.30595;48.8598;2.32309;16
14:33:38.563;48.8627;2.31453;48.8657;2.30595;48.8597;2.32309;16
14:33:38.784;48.8627;2.31453;48.8657;2.30595;48.8597;2.32309;16
14:33:39.212;48.8627;2.31453;48.8657;2.30595;48.8597;2.32309;16
14:33:39.212;48.8627;2.31459;48.8657;2.30602;48.8597;2.32318;16
14:33:39.506;48.8627;2.31459;48.8657;2.30602;48.8597;2.32318;16
14:33:39.507;48.8627;2.31459;48.8657;2.30602;48.8597;2.32318;16
14:33:39.819;48.8627;2.31456;48.8657;2.30597;48.8597;2.32314;16
14:33:39.820;48.8626;2.31448;48.8656;2.30591;48.8596;2.32304;16
14:33:40.167;48.8626;2.31451;48.8656;2.30592;48.8596;2.32309;16
14:33:40.167;48.8626;2.31451;48.8656;2.30592;48.8596;2.32309;16
14:33:40.452;48.8626;2.31458;48.8656;2.30598;48.8596;2.32314;16
14:33:40.452;48.8626;2.31458;48.8656;2.30598;48.8596;2.32314;16
14:33:40.603;48.8626;2.31458;48.8656;2.30598;48.8596;2.32314;16
14:33:40.960;48.8626;2.31459;48.8656;2.30602;48.8596;2.32318;16
14:33:40.961;48.8626;2.31459;48.8656;2.30602;48.8596;2.32318;16
14:34:03.925;48.8626;2.31473;48.8656;2.30614;48.8596;2.3233;16
14:34:03.925;48.8611;2.31474;48.864;2.30617;48.8581;2.3233;16
14:34:04.307;48.8598;2.31458;48.8628;2.30598;48.8568;2.32314;16
14:34:04.308;48.8591;2.31442;48.8621;2.30585;48.8561;2.32301;16
14:34:04.652;48.8584;2.31447;48.8614;2.30588;48.8554;2.32304;16
14:34:04.653;48.8581;2.31447;48.8611;2.30588;48.8551;2.32304;16
14:34:30.342;48.8582;2.31445;48.8612;2.30586;48.8552;2.32301;16
14:34:30.343;48.8598;2.31416;48.8628;2.30559;48.8569;2.32275;16
14:34:30.678;48.8605;2.31383;48.8635;2.30524;48.8575;2.3224;16
14:34:30.679;48.8611;2.31354;48.8641;2.30496;48.8582;2.32211;16
14:34:30.838;48.8612;2.31343;48.8642;2.30486;48.8582;2.32202;16
