17:05:15.877;48.8547;2.34662;48.8786;2.27795;48.8308;2.41528;13
17:05:17.092;48.8547;2.34662;48.8667;2.31229;48.8428;2.38095;14
17:05:20.089;48.8547;2.34662;48.8607;2.32944;48.8488;2.36377;15
17:05:21.020;48.8564;2.34601;48.8624;2.32884;48.8504;2.36317;15
17:05:21.020;48.8577;2.34584;48.8637;2.32867;48.8518;2.36301;15
17:05:21.086;48.8584;2.34525;48.8644;2.32806;48.8524;2.3624;15
17:05:23.637;48.8584;2.34532;48.8643;2.32816;48.8524;2.36249;15
17:05:23.637;48.8592;2.34752;48.8652;2.33035;48.8532;2.36469;15
17:05:23.845;48.8612;2.35048;48.8671;2.33331;48.8552;2.36765;15
17:05:23.846;48.8621;2.35185;48.868;2.33469;48.8561;2.36902;15
17:05:23.985;48.8629;2.35335;48.8688;2.33618;48.8569;2.37051;15
17:05:23.986;48.8629;2.35339;48.8688;2.33623;48.8569;2.37056;15
17:05:25.145;48.8627;2.35304;48.8687;2.33588;48.8567;2.37021;15
17:05:25.145;48.8627;2.35262;48.8687;2.33545;48.8567;2.36978;15
17:05:25.363;48.8629;2.35219;48.8689;2.33502;48.8569;2.36935;15
17:05:25.364;48.8629;2.35219;48.8689;2.33502;48.8569;2.36935;15
17:05:25.422;48.8629;2.35219;48.8689;2.33502;48.857;2.36935;15
17:05:34.236;48.8624;2.34824;48.8684;2.33107;48.8565;2.3654;15
17:05:34.236;48.8623;2.34811;48.8683;2.33095;48.8563;2.36528;15
17:05:34.809;48.8625;2.34752;48.8684;2.33035;48.8565;2.36469;15
17:05:34.809;48.8626;2.34721;48.8685;2.33005;48.8566;2.36438;15
17:05:57.488;48.8624;2.34721;48.8684;2.33005;48.8564;2.36438;15
17:05:57.489;48.8614;2.34734;48.8674;2.33017;48.8554;2.3645;15
17:05:57.723;48.8605;2.34764;48.8665;2.33047;48.8545;2.36481;15
17:05:57.724;48.8602;2.34769;48.8662;2.33052;48.8543;2.36485;15
17:05:57.789;48.8602;2.3476;48.8661;2.33043;48.8542;2.36476;15
17:05:57.988;48.8602;2.34769;48.8661;2.33052;48.8542;2.36485;15
17:05:57.988;48.8601;2.3476;48.8661;2.33043;48.8542;2.36476;15
17:05:58.324;48.86;2.34764;48.8659;2.33047;48.854;2.36481;15
17:05:58.325;48.8599;2.3476;48.8659;2.33043;48.854;2.36476;15
17:05:58.544;48.8599;2.34764;48.8658;2.33047;48.8539;2.36481;15
17:05:58.544;48.8598;2.34755;48.8658;2.33038;48.8538;2.36472;15
17:05:58.650;48.8598;2.34747;48.8658;2.33031;48.8538;2.36464;15
17:05:58.651;48.8597;2.34752;48.8657;2.33035;48.8537;2.36469;15
17:05:58.957;48.8595;2.34729;48.8655;2.33014;48.8535;2.36447;15
17:05:58.957;48.8599;2.34721;48.8658;2.33005;48.8539;2.36438;15
17:05:59.193;48.8603;2.34729;48.8663;2.33014;48.8544;2.36447;15
17:05:59.193;48.8604;2.34734;48.8663;2.33017;48.8544;2.3645;15
17:05:59.363;48.8604;2.34738;48.8664;2.33022;48.8544;2.36455;15
17:05:59.363;48.8604;2.34747;48.8664;2.33031;48.8544;2.36464;15
17:05:59.566;48.8604;2.34747;48.8664;2.33031;48.8544;2.36464;15
17:05:59.566;48.8604;2.34747;48.8663;2.33031;48.8544;2.36464;15
17:05:59.770;48.8603;2.34752;48.8662;2.33035;48.8543;2.36469;15
17:05:59.770;48.8603;2.34764;48.8662;2.33047;48.8543;2.36481;15
17:05:59.981;48.8603;2.34738;48.8663;2.33022;48.8544;2.36455;15
17:05:59.982;48.8604;2.34734;48.8664;2.33017;48.8544;2.3645;15
17:06:00.067;48.8604;2.34729;48.8664;2.33014;48.8544;2.36447;15
17:06:00.332;48.8604;2.34729;48.8664;2.33014;48.8544;2.36447;15
17:06:00.332;48.8603;2.34781;48.8663;2.33064;48.8543;2.36497;15
17:06:00.406;48.8603;2.34785;48.8662;2.33069;48.8543;2.36502;15
17:06:04.730;48.8604;2.34691;48.8664;2.32974;48.8545;2.36407;15
17:06:04.731;48.8608;2.34584;48.8667;2.32867;48.8548;2.36301;15
17:06:05.017;48.8612;2.34378;48.8672;2.32661;48.8552;2.36095;15
17:06:05.018;48.8612;2.34253;48.8672;2.32536;48.8553;2.3597;15
17:06:05.018;48.8614;2.34129;48.8673;2.32413;48.8554;2.35846;15
17:06:07.684;48.8613;2.34129;48.8673;2.32413;48.8554;2.35846;15
17:06:07.684;48.861;2.34082;48.867;2.32365;48.8551;2.35799;15
17:06:07.887;48.8604;2.33897;48.8663;2.32181;48.8544;2.35614;15
17:06:07.887;48.8602;2.33846;48.8661;2.32129;48.8542;2.35562;15
17:06:07.961;48.8599;2.33867;48.8659;2.3215;48.854;2.35583;15
17:06:09.527;48.8599;2.33871;48.8658;2.32155;48.8539;2.35588;15
17:06:09.528;48.8592;2.33859;48.8652;2.32143;48.8532;2.35576;15
17:06:09.582;48.8591;2.33846;48.8651;2.32129;48.8531;2.35562;15
17:06:13.059;48.8589;2.33846;48.8649;2.32129;48.853;2.35562;15
17:06:13.059;48.8588;2.33691;48.8648;2.31975;48.8528;2.35408;15
17:06:13.332;48.8581;2.3354;48.8641;2.31824;48.8521;2.35257;15
17:06:13.332;48.8578;2.33459;48.8637;2.31743;48.8518;2.35176;15
17:06:13.587;48.8575;2.33369;48.8634;2.31653;48.8515;2.35086;15
17:06:13.587;48.8574;2.33339;48.8634;2.31622;48.8514;2.35056;15
17:06:20.239;48.8574;2.33339;48.8693;2.29906;48.8455;2.36772;14
17:06:25.743;48.8574;2.33339;48.8634;2.31622;48.8514;2.35056;15
17:06:27.777;48.8574;2.33339;48.8604;2.32481;48.8544;2.34198;16
17:06:28.780;48.8574;2.33339;48.8589;2.3291;48.8559;2.33768;17
17:06:29.511;48.8574;2.33339;48.8604;2.32481;48.8544;2.34198;16
17:06:37.801;48.8574;2.33339;48.8634;2.31622;48.8514;2.35056;15
17:06:39.902;48.8573;2.33322;48.8633;2.31606;48.8513;2.35039;15
17:06:39.903;48.8564;2.33382;48.8624;2.31665;48.8504;2.35098;15
17:06:40.285;48.8552;2.33369;48.8612;2.31653;48.8492;2.35086;15
17:06:40.285;48.8542;2.33443;48.8601;2.31726;48.8482;2.35159;15
17:06:40.373;48.8538;2.33426;48.8598;2.31708;48.8478;2.35141;15
17:06:42.543;48.8535;2.33379;48.8595;2.31662;48.8475;2.35095;15
17:06:42.974;48.8499;2.33258;48.8559;2.31541;48.8439;2.34975;15
17:06:42.974;48.848;2.33331;48.854;2.31615;48.842;2.35048;15
17:06:43.357;48.8471;2.33447;48.8531;2.31731;48.8411;2.35164;15
17:06:43.357;48.847;2.33426;48.853;2.31708;48.841;2.35141;15
17:06:45.871;48.8465;2.33365;48.8525;2.31648;48.8405;2.35081;15
17:06:45.872;48.8428;2.33379;48.8488;2.31662;48.8369;2.35095;15
17:06:46.207;48.8413;2.33472;48.8473;2.31755;48.8354;2.35188;15
17:06:49.255;48.8413;2.33472;48.8472;2.31755;48.8353;2.35188;15
17:06:49.255;48.8411;2.33481;48.8471;2.31764;48.8351;2.35197;15
17:06:51.692;48.8411;2.33481;48.8531;2.30048;48.8292;2.36914;14
17:06:58.957;48.8411;2.33481;48.8471;2.31764;48.8351;2.35197;15
17:07:03.660;48.8411;2.33481;48.8441;2.32623;48.8381;2.3434;16
17:07:05.356;48.8412;2.3349;48.8442;2.32631;48.8382;2.34348;16
17:07:05.356;48.8426;2.33492;48.8456;2.32634;48.8396;2.34348;16
17:07:06.012;48.8432;2.33475;48.8462;2.32616;48.8402;2.34331;16
17:07:07.082;48.8447;2.33475;48.8477;2.32616;48.8417;2.34331;16
17:07:07.723;48.8472;2.33481;48.8502;2.32623;48.8442;2.3434;16
17:07:09.230;48.8474;2.33459;48.8503;2.32602;48.8444;2.34317;16
17:07:09.231;48.8493;2.33368;48.8523;2.32509;48.8463;2.34224;16
17:07:09.333;48.8502;2.33386;48.8532;2.32529;48.8472;2.34245;16
17:07:12.044;48.8504;2.33376;48.8534;2.32518;48.8474;2.34232;16
17:07:12.044;48.8518;2.33322;48.8548;2.32465;48.8488;2.3418;16
17:07:12.156;48.8528;2.33333;48.8558;2.32475;48.8498;2.34189;16
17:07:13.512;48.8528;2.33342;48.8558;2.32483;48.8498;2.34198;16
17:07:13.512;48.855;2.33318;48.8579;2.3246;48.852;2.34177;16
17:07:13.731;48.8558;2.33376;48.8588;2.32518;48.8528;2.34232;16
17:07:15.988;48.856;2.33371;48.859;2.32513;48.853;2.34227;16
17:07:15.989;48.857;2.33389;48.86;2.3253;48.854;2.34245;16
17:07:16.411;48.8578;2.33411;48.8608;2.32552;48.8548;2.34267;16
17:07:16.411;48.8585;2.33421;48.8614;2.32562;48.8555;2.34279;16
17:07:18.027;48.8585;2.33426;48.8615;2.32567;48.8555;2.34283;16
17:07:18.028;48.8593;2.33443;48.8623;2.32584;48.8563;2.343;16
17:07:18.395;48.8601;2.33466;48.8631;2.32608;48.8571;2.34322;16
17:07:18.395;48.8602;2.33479;48.8632;2.3262;48.8573;2.34335;16
17:07:19.457;48.8603;2.33476;48.8633;2.32619;48.8573;2.34335;16
17:07:19.457;48.8609;2.33487;48.8639;2.32629;48.8579;2.34343;16
17:07:19.857;48.8616;2.33524;48.8646;2.32666;48.8586;2.34383;16
17:07:19.857;48.862;2.33565;48.8649;2.32706;48.859;2.34421;16
17:07:20.113;48.862;2.33571;48.865;2.32713;48.859;2.3443;16
17:07:21.168;48.8619;2.33598;48.8649;2.32741;48.859;2.34454;16
17:07:21.169;48.8621;2.33665;48.8651;2.32806;48.8591;2.34525;16
17:07:21.597;48.8625;2.33725;48.8655;2.32867;48.8595;2.34584;16
17:07:21.598;48.8627;2.3376;48.8657;2.32901;48.8597;2.34618;16
17:07:21.905;48.8631;2.33812;48.866;2.32953;48.8601;2.34669;16
17:07:21.905;48.8631;2.33829;48.8661;2.3297;48.8601;2.34686;16
17:07:22.816;48.8631;2.33829;48.8661;2.3297;48.8601;2.34686;16
17:07:22.816;48.8629;2.33983;48.8659;2.33125;48.8599;2.34842;16
17:07:23.207;48.8629;2.34047;48.8659;2.33189;48.8599;2.34906;16
17:07:23.207;48.8629;2.3409;48.8659;2.33232;48.8599;2.34949;16
17:07:23.325;48.863;2.34105;48.866;2.33247;48.86;2.34961;16
17:07:24.684;48.8629;2.34126;48.8659;2.33269;48.86;2.34982;16
17:07:24.684;48.8627;2.34273;48.8657;2.33414;48.8597;2.35129;16
17:07:25.094;48.8626;2.3438;48.8655;2.33522;48.8596;2.35236;16
17:07:25.094;48.8625;2.3443;48.8655;2.33571;48.8595;2.35287;16
17:07:25.094;48.8625;2.3447;48.8655;2.33612;48.8595;2.35326;16
17:07:27.066;48.8625;2.34488;48.8655;2.33629;48.8595;2.35344;16
17:07:27.856;48.8627;2.34612;48.8657;2.33754;48.8597;2.35468;16
17:07:27.856;48.8633;2.3465;48.8662;2.33792;48.8603;2.35507;16
17:07:29.027;48.8637;2.34673;48.8666;2.33813;48.8607;2.35529;16
17:07:29.028;48.8637;2.34673;48.8667;2.33813;48.8607;2.35529;16
17:07:29.569;48.8638;2.34648;48.8668;2.33791;48.8608;2.35507;16
17:07:34.090;48.8637;2.34639;48.8667;2.33781;48.8607;2.35498;16
17:07:34.090;48.864;2.34552;48.867;2.33693;48.861;2.35408;16
17:07:34.379;48.8641;2.34488;48.8671;2.33629;48.8611;2.35344;16
17:07:34.380;48.8641;2.34468;48.8671;2.33609;48.8611;2.35326;16
17:07:37.254;48.8641;2.34468;48.8671;2.33609;48.8611;2.35326;16
17:07:37.254;48.8635;2.34387;48.8665;2.33528;48.8605;2.35245;16
17:07:37.527;48.8629;2.34322;48.8659;2.33464;48.8599;2.35181;16
17:07:37.527;48.8627;2.34277;48.8656;2.33418;48.8597;2.35133;16
17:07:37.677;48.8626;2.34268;48.8656;2.33411;48.8596;2.35124;16
17:07:48.262;48.8626;2.34247;48.8656;2.33389;48.8596;2.35103;16
17:07:48.262;48.8619;2.34114;48.8649;2.33255;48.859;2.3497;16
17:07:48.582;48.8612;2.33983;48.8642;2.33125;48.8583;2.34842;16
17:07:48.582;48.8612;2.33966;48.8642;2.33107;48.8583;2.34824;16
17:07:49.676;48.8612;2.33949;48.8642;2.3309;48.8582;2.34807;16
17:07:49.676;48.8618;2.33841;48.8648;2.32983;48.8588;2.347;16
17:07:49.980;48.8623;2.33824;48.8652;2.32967;48.8593;2.34683;16
17:07:49.981;48.8623;2.33824;48.8653;2.32967;48.8593;2.34683;16
17:07:50.371;48.8623;2.33826;48.8653;2.32968;48.8594;2.34683;16
17:07:50.371;48.8624;2.33829;48.8654;2.3297;48.8594;2.34686;16
17:07:50.714;48.8624;2.33839;48.8654;2.3298;48.8594;2.34695;16
17:07:50.715;48.8624;2.33838;48.8654;2.32979;48.8594;2.34695;16
17:07:51.046;48.8624;2.33838;48.8654;2.32979;48.8594;2.34695;16
17:07:51.046;48.8624;2.3383;48.8654;2.32973;48.8594;2.34686;16
17:07:51.387;48.8625;2.33849;48.8655;2.3299;48.8596;2.34705;16
17:07:51.388;48.8627;2.33865;48.8657;2.33006;48.8597;2.34721;16
17:07:51.730;48.8629;2.33873;48.8658;2.33015;48.8599;2.34729;16
17:07:51.731;48.8631;2.33884;48.866;2.33026;48.8601;2.34743;16
17:07:52.004;48.8631;2.33897;48.8661;2.33038;48.8601;2.34755;16
17:07:52.004;48.8631;2.33899;48.8661;2.33041;48.8601;2.34755;16
17:07:52.332;48.8631;2.33902;48.8661;2.33043;48.8601;2.3476;16
17:07:52.332;48.8631;2.33905;48.8661;2.33047;48.8601;2.34764;16
17:07:52.738;48.8631;2.3391;48.8661;2.33052;48.8601;2.34769;16
17:07:52.738;48.8631;2.33914;48.8661;2.33057;48.8601;2.34773;16
17:07:53.044;48.8628;2.33882;48.8657;2.33025;48.8598;2.34738;16
17:07:53.044;48.862;2.33798;48.865;2.32941;48.859;2.34657;16
17:07:54.761;48.8619;2.33812;48.8649;2.32953;48.859;2.34669;16
17:07:54.762;48.8615;2.33755;48.8645;2.32898;48.8585;2.34615;16
17:07:56.934;48.8624;2.33823;48.8654;2.32964;48.8594;2.34679;16
17:07:56.934;48.8627;2.33833;48.8657;2.32974;48.8597;2.34691;16
17:07:57.886;48.8627;2.33839;48.8657;2.3298;48.8597;2.34695;16
17:07:57.886;48.8627;2.33839;48.8657;2.3298;48.8597;2.34695;16
17:07:58.398;48.8632;2.33846;48.8662;2.32988;48.8602;2.34705;16
17:08:00.777;48.8632;2.33846;48.8647;2.33417;48.8617;2.34274;17
17:08:03.559;48.8632;2.33846;48.8647;2.33417;48.8617;2.34274;17
17:08:03.559;48.863;2.33749;48.8645;2.33321;48.8615;2.34177;17
17:08:03.803;48.8629;2.33678;48.8644;2.33249;48.8614;2.34108;17
17:08:03.803;48.8629;2.33653;48.8643;2.33223;48.8614;2.34082;17
17:08:04.098;48.8628;2.33603;48.8643;2.33174;48.8613;2.34032;17
17:08:04.098;48.8628;2.33592;48.8643;2.33163;48.8613;2.34021;17
17:08:04.341;48.8627;2.3358;48.8642;2.33151;48.8613;2.34009;17
17:08:04.341;48.8627;2.3358;48.8642;2.33151;48.8613;2.34009;17
17:08:04.657;48.8627;2.3358;48.8642;2.33151;48.8613;2.34009;17
17:08:04.657;48.8627;2.33577;48.8642;2.33148;48.8613;2.34007;17
17:08:04.752;48.8628;2.33577;48.8642;2.33148;48.8613;2.34007;17
17:08:05.226;48.8628;2.33577;48.8642;2.33148;48.8613;2.34007;17
17:08:05.226;48.8627;2.33571;48.8642;2.33142;48.8612;2.34;17
17:08:05.567;48.8624;2.33566;48.8639;2.33138;48.8609;2.33997;17
17:08:05.567;48.8621;2.33563;48.8636;2.33133;48.8607;2.33992;17
17:08:05.676;48.8619;2.3356;48.8634;2.33131;48.8604;2.33989;17
17:08:07.098;48.8619;2.3356;48.8633;2.33131;48.8604;2.33989;17
17:08:07.098;48.8609;2.33524;48.8624;2.33095;48.8594;2.33952;17
17:08:07.569;48.8604;2.33498;48.8619;2.33069;48.8589;2.33928;17
17:08:07.569;48.8602;2.3349;48.8617;2.3306;48.8587;2.33919;17
17:08:07.664;48.8601;2.33481;48.8616;2.33052;48.8586;2.3391;17
17:08:08.925;48.86;2.33481;48.8615;2.33052;48.8585;2.3391;17
17:08:08.926;48.8596;2.33455;48.8611;2.33026;48.8581;2.33884;17
17:08:09.136;48.8595;2.33453;48.861;2.33025;48.858;2.33881;17
17:08:09.136;48.8595;2.3345;48.861;2.33022;48.858;2.33881;17
17:08:09.575;48.8595;2.33449;48.861;2.3302;48.858;2.33878;17
17:08:09.575;48.8593;2.33438;48.8608;2.33009;48.8578;2.33867;17
17:08:09.656;48.8592;2.33434;48.8607;2.33005;48.8577;2.33862;17
17:08:12.347;48.859;2.33417;48.8605;2.32988;48.8575;2.33846;17
17:08:12.348;48.8582;2.33371;48.8596;2.32942;48.8567;2.33798;17
17:08:12.608;48.8575;2.33307;48.859;2.32878;48.856;2.33734;17
17:08:12.608;48.8574;2.33299;48.8589;2.32869;48.8559;2.33728;17
17:08:13.896;48.8573;2.33295;48.8588;2.32864;48.8558;2.33722;17
17:08:13.896;48.8569;2.33263;48.8584;2.32832;48.8554;2.33691;17
17:08:14.360;48.8569;2.33258;48.8584;2.32829;48.8554;2.33687;17
17:08:14.360;48.8569;2.33258;48.8584;2.32829;48.8554;2.33687;17
17:08:14.444;48.8569;2.3326;48.8584;2.32831;48.8554;2.33687;17
17:08:15.926;48.8569;2.3326;48.8598;2.32402;48.8539;2.34116;16
17:08:19.832;48.8543;2.33305;48.8573;2.32446;48.8513;2.34163;16
17:08:22.583;48.8543;2.33305;48.8602;2.31589;48.8483;2.35022;15
17:08:24.293;48.8541;2.33305;48.8601;2.31589;48.8482;2.35022;15
17:08:24.293;48.8522;2.33296;48.8581;2.3158;48.8462;2.35013;15
17:08:24.598;48.8499;2.33296;48.8559;2.3158;48.8439;2.35013;15
17:08:24.598;48.849;2.33284;48.855;2.31567;48.8431;2.35001;15
17:08:24.847;48.8487;2.33284;48.8547;2.31567;48.8428;2.35001;15
17:08:34.404;48.8487;2.33284;48.8517;2.32425;48.8457;2.34142;16
17:08:35.481;48.8487;2.33292;48.8517;2.32434;48.8457;2.34151;16
17:08:35.482;48.848;2.33397;48.851;2.32539;48.8451;2.34253;16
17:08:35.738;48.8471;2.33539;48.8501;2.32681;48.8441;2.34395;16
17:08:35.738;48.8467;2.33592;48.8497;2.32735;48.8437;2.34451;16
17:08:35.839;48.8466;2.33595;48.8496;2.32736;48.8436;2.34451;16
17:08:38.630;48.8466;2.33595;48.8526;2.31879;48.8406;2.35309;15
17:08:39.769;48.8466;2.33603;48.8526;2.31886;48.8407;2.35318;15
17:08:39.769;48.8486;2.33714;48.8546;2.31998;48.8427;2.35429;15
17:08:40.059;48.8515;2.33723;48.8575;2.32007;48.8456;2.35439;15
17:08:40.059;48.8525;2.33688;48.8585;2.31972;48.8465;2.35403;15
17:08:40.732;48.8528;2.33719;48.8587;2.32002;48.8468;2.35434;15
17:08:40.732;48.8549;2.3378;48.8609;2.32063;48.8489;2.35493;15
17:08:40.965;48.8563;2.33804;48.8623;2.32088;48.8503;2.35519;15
17:08:40.965;48.8565;2.33813;48.8625;2.32097;48.8505;2.35529;15
17:08:41.761;48.8568;2.33835;48.8628;2.32118;48.8508;2.3555;15
17:08:41.761;48.859;2.33929;48.8649;2.32213;48.853;2.35645;15
17:08:41.997;48.8606;2.33977;48.8666;2.3226;48.8546;2.3569;15
17:08:41.997;48.8607;2.33977;48.8666;2.3226;48.8547;2.3569;15
17:08:43.089;48.8608;2.33989;48.8667;2.32272;48.8548;2.35704;15
17:08:43.089;48.8613;2.34055;48.8673;2.32338;48.8553;2.35768;15
17:08:43.340;48.8619;2.34093;48.8679;2.32376;48.8559;2.35806;15
17:08:43.340;48.862;2.34093;48.868;2.32376;48.856;2.35806;15
17:08:43.566;48.8624;2.34126;48.8684;2.3241;48.8564;2.35841;15
17:08:43.566;48.8624;2.34135;48.8684;2.32419;48.8564;2.35851;15
17:08:43.653;48.8625;2.34209;48.8684;2.32492;48.8565;2.35922;15
17:08:46.188;48.8615;2.34195;48.8675;2.32478;48.8555;2.3591;15
17:08:46.188;48.8589;2.34187;48.8649;2.32471;48.8529;2.35901;15
17:08:46.554;48.8586;2.34174;48.8645;2.32457;48.8526;2.35889;15
17:08:46.956;48.8584;2.34192;48.8644;2.32475;48.8525;2.35905;15
17:08:46.957;48.8559;2.34161;48.8619;2.32445;48.8499;2.35875;15
17:08:47.037;48.853;2.34097;48.859;2.32381;48.847;2.35811;15
17:08:47.900;48.8522;2.34093;48.8582;2.32376;48.8463;2.35806;15
17:08:47.901;48.8502;2.34055;48.8562;2.32338;48.8442;2.35768;15
17:08:48.207;48.8482;2.33994;48.8541;2.32277;48.8422;2.35709;15
17:08:49.323;48.8482;2.33994;48.8541;2.32277;48.8422;2.35709;15
17:08:49.324;48.8481;2.33977;48.854;2.3226;48.8421;2.3569;15
17:08:49.414;48.8481;2.33977;48.854;2.3226;48.8421;2.3569;15
17:08:50.094;48.8481;2.33977;48.854;2.3226;48.8421;2.3569;15
17:08:50.094;48.8479;2.33951;48.8539;2.32234;48.8419;2.35666;15
17:08:50.332;48.8477;2.33939;48.8537;2.32222;48.8417;2.35652;15
17:08:50.332;48.8477;2.33939;48.8537;2.32222;48.8417;2.35652;15
17:08:50.448;48.8476;2.33925;48.8536;2.32208;48.8417;2.3564;15
17:08:54.168;48.8476;2.33891;48.8536;2.32175;48.8416;2.35605;15
17:08:54.168;48.8474;2.33672;48.8534;2.31955;48.8414;2.35387;15
17:08:54.566;48.8474;2.33466;48.8533;2.31749;48.8414;2.35181;15
17:08:54.566;48.8473;2.33397;48.8533;2.3168;48.8414;2.35112;15
17:08:54.694;48.8473;2.33376;48.8533;2.31659;48.8414;2.35091;15
17:08:57.349;48.8473;2.33376;48.8503;2.32518;48.8443;2.34232;16
17:08:58.405;48.8474;2.33342;48.8504;2.32483;48.8444;2.34198;16
17:08:58.406;48.8473;2.33163;48.8502;2.32304;48.8443;2.34021;16
17:08:58.693;48.8474;2.33022;48.8503;2.32164;48.8444;2.33881;16
17:08:58.693;48.8473;2.33;48.8503;2.32143;48.8443;2.33859;16
17:08:58.989;48.8473;2.3298;48.8503;2.32123;48.8443;2.33838;16
17:08:58.989;48.8473;2.32951;48.8502;2.32092;48.8443;2.33807;16
17:08:59.654;48.8472;2.32921;48.8502;2.32063;48.8442;2.33777;16
17:08:59.654;48.8472;2.32909;48.8502;2.3205;48.8442;2.33765;16
17:08:59.654;48.8472;2.32906;48.8502;2.32048;48.8442;2.33765;16
17:09:01.033;48.8472;2.32906;48.8487;2.32477;48.8457;2.33334;17
17:09:02.177;48.8472;2.32909;48.8487;2.32478;48.8457;2.33337;17
17:09:02.177;48.8478;2.32942;48.8493;2.32513;48.8464;2.33371;17
17:09:02.511;48.8483;2.32953;48.8498;2.32524;48.8468;2.33382;17
17:09:02.512;48.8486;2.32959;48.8501;2.3253;48.8471;2.33386;17
17:09:03.253;48.8487;2.32967;48.8502;2.32536;48.8472;2.33395;17
17:09:03.253;48.8493;2.32985;48.8508;2.32556;48.8479;2.33412;17
17:09:03.316;48.8498;2.32996;48.8513;2.32567;48.8483;2.33426;17
17:09:07.034;48.8499;2.32994;48.8514;2.32565;48.8484;2.33423;17
17:09:07.035;48.8505;2.32964;48.852;2.32535;48.849;2.33391;17
17:09:07.293;48.8514;2.32959;48.8529;2.3253;48.8499;2.33386;17
17:09:07.293;48.8516;2.32964;48.8531;2.32535;48.8501;2.33392;17
17:09:08.620;48.8516;2.32967;48.8531;2.32536;48.8501;2.33395;17
17:09:08.902;48.8531;2.32962;48.8545;2.32532;48.8516;2.33391;17
17:09:08.902;48.8534;2.33;48.8549;2.32571;48.8519;2.33429;17
17:09:08.986;48.8535;2.33005;48.855;2.32576;48.852;2.33434;17
17:09:10.350;48.8535;2.33005;48.855;2.32576;48.852;2.33434;17
17:09:10.350;48.8538;2.33;48.8553;2.32571;48.8523;2.33429;17
17:09:10.605;48.854;2.33005;48.8555;2.32576;48.8525;2.33434;17
17:09:10.605;48.854;2.33005;48.8555;2.32576;48.8525;2.33434;17
17:09:10.839;48.854;2.33006;48.8555;2.32578;48.8525;2.33434;17
17:09:10.839;48.854;2.33005;48.8555;2.32576;48.8525;2.33434;17
17:09:11.065;48.854;2.33005;48.8555;2.32576;48.8525;2.33434;17
17:09:11.066;48.854;2.33006;48.8555;2.32578;48.8525;2.33434;17
17:09:11.347;48.854;2.33005;48.8555;2.32576;48.8525;2.33434;17
17:09:11.347;48.854;2.33005;48.8555;2.32576;48.8525;2.33434;17
17:09:11.573;48.854;2.33002;48.8555;2.32573;48.8525;2.33429;17
17:09:11.574;48.854;2.33002;48.8555;2.32573;48.8526;2.33429;17
17:09:12.417;48.8538;2.33009;48.8553;2.32579;48.8523;2.33438;17
17:09:12.605;48.8531;2.3299;48.8545;2.32561;48.8516;2.33418;17
17:09:12.605;48.8529;2.32983;48.8544;2.32555;48.8515;2.33412;17
17:09:13.350;48.8529;2.32977;48.8544;2.32547;48.8515;2.33406;17
17:09:13.350;48.8522;2.32991;48.8536;2.32562;48.8507;2.33421;17
17:09:13.444;48.8514;2.33054;48.8529;2.32625;48.8499;2.33481;17
17:09:14.151;48.8513;2.33058;48.8528;2.32629;48.8498;2.33485;17
17:09:14.151;48.8508;2.3309;48.8523;2.32661;48.8493;2.33519;17
17:09:14.996;48.8507;2.33093;48.8522;2.32663;48.8492;2.33522;17
17:09:14.997;48.8502;2.33107;48.8517;2.32678;48.8488;2.33537;17
17:09:16.676;48.8501;2.33115;48.8516;2.32684;48.8486;2.33543;17
17:09:16.676;48.8494;2.33138;48.8509;2.32709;48.848;2.33566;17
17:09:16.739;48.8489;2.33157;48.8504;2.32727;48.8474;2.33586;17
17:09:18.003;48.8488;2.33151;48.8503;2.32721;48.8474;2.3358;17
17:09:18.003;48.848;2.33159;48.8494;2.3273;48.8465;2.33588;17
17:09:18.060;48.8476;2.33205;48.8491;2.32774;48.8461;2.33633;17
17:09:19.105;48.8476;2.33194;48.8491;2.32764;48.8461;2.33623;17
17:09:19.105;48.8474;2.3308;48.8489;2.32651;48.8459;2.33507;17
17:09:19.339;48.8473;2.32973;48.8488;2.32544;48.8458;2.33401;17
17:09:19.339;48.8473;2.32973;48.8488;2.32544;48.8458;2.334;17
17:09:41.019;48.8473;2.32973;48.8488;2.32544;48.8458;2.334;17
17:09:41.237;48.8472;2.32951;48.8487;2.32521;48.8457;2.3338;17
17:09:41.238;48.8471;2.32953;48.8486;2.32524;48.8456;2.33382;17
17:09:41.487;48.847;2.32953;48.8485;2.32524;48.8455;2.33382;17
17:09:41.487;48.8469;2.32953;48.8484;2.32524;48.8455;2.33382;17
17:09:41.667;48.8467;2.32942;48.8482;2.32513;48.8453;2.33371;17
17:09:41.667;48.8467;2.32942;48.8482;2.32513;48.8452;2.33369;17
17:09:41.718;48.8467;2.32951;48.8481;2.32521;48.8452;2.33379;17
17:09:49.746;48.8467;2.32951;48.8496;2.32092;48.8437;2.33807;16
17:09:51.840;48.8464;2.32948;48.8493;2.32091;48.8434;2.33807;16
17:09:51.840;48.8454;2.32938;48.8484;2.3208;48.8424;2.33794;16
17:09:52.177;48.8446;2.32953;48.8475;2.32095;48.8416;2.33812;16
17:09:53.481;48.8446;2.32951;48.8476;2.32092;48.8416;2.33807;16
17:09:53.481;48.8453;2.33009;48.8483;2.3215;48.8423;2.33867;16
17:09:53.753;48.8461;2.3306;48.8491;2.32202;48.8431;2.33919;16
17:09:53.753;48.8464;2.33086;48.8494;2.32228;48.8434;2.33945;16
17:09:54.037;48.8465;2.33105;48.8494;2.32246;48.8435;2.33961;16
17:09:54.038;48.8465;2.3311;48.8494;2.32251;48.8435;2.33966;16
17:09:58.796;48.8453;2.32968;48.8483;2.32109;48.8423;2.33824;16
17:09:58.797;48.8451;2.32927;48.848;2.32069;48.8421;2.33786;16
17:09:59.039;48.8449;2.32912;48.8479;2.32054;48.8419;2.33768;16
17:09:59.039;48.8449;2.32912;48.8479;2.32054;48.8419;2.33768;16
17:09:59.176;48.8449;2.32906;48.8479;2.32048;48.8419;2.33765;16
17:10:03.660;48.8449;2.32906;48.8509;2.31189;48.839;2.34622;15
17:10:07.811;48.8473;2.33696;48.8532;2.31979;48.8413;2.35413;15
17:10:09.167;48.8477;2.33786;48.8537;2.32069;48.8417;2.35503;15
17:10:09.168;48.8497;2.34296;48.8557;2.32579;48.8438;2.36012;15
17:10:09.417;48.8507;2.34525;48.8567;2.32806;48.8447;2.3624;15
17:10:09.417;48.8508;2.34636;48.8568;2.32919;48.8449;2.36353;15
17:10:09.485;48.8508;2.34773;48.8568;2.33057;48.8448;2.3649;15
17:10:10.302;48.8509;2.34764;48.8569;2.33047;48.8449;2.36481;15
17:10:10.302;48.853;2.34662;48.859;2.32944;48.847;2.36377;15
17:10:10.389;48.8543;2.34669;48.8602;2.32953;48.8483;2.36386;15
17:10:10.540;48.8546;2.34747;48.8606;2.33031;48.8486;2.36464;15
17:10:11.472;48.8548;2.34747;48.8608;2.33031;48.8488;2.36464;15
17:10:11.472;48.8562;2.34705;48.8621;2.32988;48.8502;2.36421;15
17:10:11.690;48.8577;2.34799;48.8637;2.33081;48.8517;2.36514;15
17:10:11.691;48.858;2.34828;48.864;2.33112;48.8521;2.36545;15
17:10:11.917;48.8585;2.34859;48.8645;2.33142;48.8525;2.36575;15
17:10:11.917;48.8587;2.34866;48.8646;2.33151;48.8527;2.36584;15
17:10:12.129;48.8587;2.34892;48.8647;2.33176;48.8527;2.36609;15
17:10:12.129;48.8587;2.34901;48.8647;2.33185;48.8527;2.36618;15
17:10:12.855;48.8588;2.3488;48.8647;2.33163;48.8528;2.36597;15
17:10:12.855;48.8596;2.34837;48.8656;2.33121;48.8536;2.36554;15
17:10:13.125;48.8611;2.34863;48.867;2.33147;48.8551;2.3658;15
17:10:13.125;48.8616;2.34897;48.8675;2.3318;48.8556;2.36613;15
17:10:13.308;48.8621;2.3497;48.8681;2.33253;48.8561;2.36687;15
17:10:13.308;48.8622;2.34987;48.8682;2.3327;48.8562;2.36703;15
17:10:13.438;48.8623;2.34979;48.8683;2.33263;48.8564;2.36696;15
17:10:14.730;48.8623;2.34975;48.8682;2.33258;48.8563;2.36691;15
17:10:14.730;48.8632;2.34821;48.8692;2.33104;48.8573;2.36537;15
17:10:14.964;48.8635;2.34764;48.8694;2.33047;48.8575;2.36481;15
17:10:14.964;48.8641;2.34665;48.87;2.32948;48.8581;2.36382;15
17:10:15.222;48.8637;2.34662;48.8697;2.32944;48.8578;2.36377;15
17:10:15.222;48.8635;2.34679;48.8695;2.32962;48.8575;2.36395;15
17:10:15.419;48.8636;2.34653;48.8695;2.32936;48.8576;2.36369;15
17:10:15.419;48.8641;2.34622;48.87;2.32906;48.8581;2.36339;15
17:10:15.512;48.8644;2.34592;48.8704;2.32877;48.8584;2.3631;15
17:10:18.488;48.8646;2.34627;48.8706;2.3291;48.8587;2.36343;15
17:10:18.488;48.865;2.34679;48.871;2.32962;48.859;2.36395;15
17:10:18.706;48.8656;2.34776;48.8715;2.3306;48.8596;2.36493;15
17:10:18.707;48.8656;2.3479;48.8715;2.33073;48.8596;2.36507;15
17:10:19.292;48.8657;2.34799;48.8716;2.33081;48.8597;2.36514;15
17:10:19.293;48.8666;2.34996;48.8725;2.33279;48.8606;2.36713;15
17:10:19.559;48.8679;2.35095;48.8738;2.33379;48.8619;2.36812;15
17:10:19.559;48.868;2.35107;48.874;2.33391;48.862;2.36824;15
17:10:19.742;48.868;2.35112;48.874;2.33395;48.862;2.36829;15
17:10:19.742;48.868;2.35112;48.874;2.33395;48.8621;2.36829;15
17:10:19.979;48.8682;2.35112;48.8742;2.33395;48.8622;2.36829;15
17:10:19.979;48.8684;2.35095;48.8744;2.33379;48.8624;2.36812;15
17:10:22.818;48.8684;2.35095;48.8803;2.31662;48.8565;2.38528;14
17:10:24.324;48.868;2.35164;48.8799;2.31731;48.8561;2.38597;14
17:10:24.324;48.8662;2.35197;48.8782;2.31764;48.8543;2.38631;14
17:10:24.363;48.863;2.35146;48.8749;2.31712;48.851;2.38579;14
17:10:24.363;48.8625;2.35146;48.8744;2.31712;48.8505;2.38579;14
17:10:24.507;48.8608;2.34958;48.8727;2.31525;48.8488;2.38391;14
17:10:24.508;48.8603;2.3494;48.8723;2.31506;48.8484;2.38373;14
17:10:24.604;48.859;2.34975;48.8709;2.31541;48.847;2.38408;14
17:10:24.604;48.859;2.34966;48.8709;2.31532;48.847;2.38399;14
17:10:24.732;48.8588;2.3494;48.8707;2.31506;48.8469;2.38373;14
17:10:24.732;48.8588;2.34897;48.8707;2.31464;48.8469;2.3833;14
17:10:24.871;48.8588;2.34906;48.8707;2.31473;48.8469;2.38339;14
17:10:24.871;48.8587;2.34906;48.8706;2.31473;48.8467;2.38339;14
17:10:24.961;48.8586;2.34923;48.8705;2.3149;48.8466;2.38356;14
17:10:25.698;48.8583;2.34932;48.8703;2.31499;48.8464;2.38365;14
17:10:25.699;48.8583;2.34932;48.8703;2.31499;48.8464;2.38365;14
17:10:25.761;48.8562;2.35001;48.8681;2.31567;48.8442;2.38434;14
17:10:25.762;48.8555;2.35001;48.8674;2.31567;48.8435;2.38434;14
17:10:25.900;48.8535;2.3494;48.8655;2.31506;48.8416;2.38373;14
17:10:26.046;48.851;2.35086;48.8629;2.31653;48.8391;2.38519;14
17:10:28.323;48.8519;2.3512;48.8638;2.31686;48.84;2.38553;14
17:10:28.324;48.8524;2.35249;48.8643;2.31816;48.8404;2.38683;14
17:10:28.375;48.853;2.35352;48.8649;2.31918;48.841;2.38785;14
17:10:28.375;48.8534;2.3537;48.8653;2.31937;48.8414;2.38803;14
17:10:28.490;48.8538;2.35498;48.8658;2.32065;48.8419;2.38931;14
17:10:28.490;48.8541;2.35515;48.8661;2.32082;48.8422;2.38948;14
17:10:28.605;48.8543;2.35567;48.8663;2.32133;48.8424;2.39;14
17:10:28.606;48.8545;2.35583;48.8664;2.3215;48.8425;2.39017;14
17:10:28.692;48.8545;2.35593;48.8664;2.32159;48.8425;2.39026;14
17:10:28.802;48.8548;2.35576;48.8667;2.32143;48.8428;2.39009;14
17:10:28.802;48.8562;2.35455;48.8681;2.32022;48.8442;2.38889;14
17:10:28.907;48.8556;2.35326;48.8676;2.31892;48.8437;2.38759;14
17:10:28.908;48.8558;2.3524;48.8677;2.31807;48.8439;2.38673;14
17:10:28.985;48.8565;2.35043;48.8685;2.3161;48.8446;2.38477;14
17:10:29.792;48.8568;2.34966;48.8687;2.31532;48.8448;2.38399;14
17:10:29.792;48.857;2.34854;48.8689;2.31421;48.8451;2.38287;14
17:10:29.823;48.8591;2.34416;48.871;2.30983;48.8471;2.37849;14
17:10:29.823;48.8589;2.34314;48.8708;2.30881;48.847;2.37747;14
17:10:29.981;48.8595;2.34082;48.8714;2.30649;48.8475;2.37515;14
17:10:29.981;48.8595;2.33997;48.8714;2.30563;48.8475;2.3743;14
17:10:30.061;48.8596;2.33971;48.8715;2.30537;48.8476;2.37404;14
17:10:33.933;48.8602;2.33687;48.8722;2.30254;48.8483;2.3712;14
17:10:33.933;48.8604;2.33601;48.8723;2.30168;48.8484;2.37035;14
17:10:33.970;48.8608;2.33292;48.8727;2.29858;48.8488;2.36725;14
17:10:33.971;48.8608;2.33266;48.8727;2.29832;48.8488;2.36699;14
17:10:34.080;48.8608;2.33223;48.8727;2.2979;48.8488;2.36656;14
17:10:34.080;48.8608;2.33223;48.8727;2.2979;48.8488;2.36656;14
17:10:34.163;48.8606;2.33266;48.8726;2.29832;48.8487;2.36699;14
17:10:34.279;48.8605;2.33258;48.8724;2.29825;48.8485;2.36691;14
17:10:34.280;48.8604;2.33258;48.8724;2.29825;48.8485;2.36691;14
17:10:34.392;48.8605;2.33232;48.8725;2.29799;48.8486;2.36665;14
17:10:34.393;48.8605;2.33232;48.8725;2.29799;48.8486;2.36665;14
17:10:34.478;48.861;2.33215;48.8729;2.29782;48.8491;2.36649;14
17:10:37.136;48.8611;2.33154;48.8731;2.29721;48.8492;2.36588;14
17:10:37.136;48.862;2.3306;48.874;2.29626;48.8501;2.36493;14
17:10:37.183;48.8622;2.32751;48.8741;2.29318;48.8502;2.36185;14
17:10:37.184;48.862;2.327;48.8739;2.29266;48.85;2.36133;14
17:10:37.321;48.8617;2.32605;48.8737;2.29172;48.8498;2.36038;14
17:10:37.321;48.8619;2.32562;48.8738;2.29129;48.8499;2.35995;14
17:10:37.456;48.8616;2.32536;48.8735;2.29103;48.8496;2.3597;14
17:10:37.456;48.8616;2.32545;48.8735;2.29112;48.8496;2.35979;14
17:10:37.593;48.8616;2.32545;48.8735;2.29112;48.8496;2.35979;14
17:10:37.593;48.8616;2.32536;48.8735;2.29103;48.8496;2.3597;14
17:10:38.809;48.8616;2.32536;48.8675;2.3082;48.8556;2.34253;15
17:10:39.685;48.8615;2.32536;48.8675;2.3082;48.8555;2.34253;15
17:10:39.685;48.8624;2.3224;48.8684;2.30524;48.8564;2.33957;15
17:10:39.903;48.8629;2.32098;48.8688;2.30382;48.8569;2.33815;15
17:10:40.639;48.8629;2.32048;48.8689;2.30331;48.8569;2.33765;15
17:10:40.639;48.8641;2.3179;48.87;2.30074;48.8581;2.33507;15
17:10:44.566;48.8661;2.313;48.8721;2.29584;48.8601;2.33017;15
17:10:44.566;48.867;2.31151;48.873;2.29434;48.861;2.32867;15
17:10:56.519;48.867;2.31158;48.873;2.29443;48.861;2.32877;15
17:10:56.519;48.8699;2.31198;48.8759;2.29482;48.8639;2.32915;15
17:10:57.457;48.8702;2.31241;48.8761;2.29524;48.8642;2.32957;15
17:10:57.457;48.8701;2.31293;48.876;2.29576;48.8641;2.33009;15
17:10:57.457;48.8701;2.313;48.8761;2.29584;48.8642;2.33017;15
17:10:57.458;48.8703;2.31319;48.8762;2.29602;48.8643;2.33035;15
17:11:11.092;48.8703;2.31305;48.8763;2.29588;48.8643;2.33022;15
17:11:11.092;48.8694;2.31245;48.8754;2.29529;48.8634;2.32962;15
17:11:11.561;48.8685;2.31267;48.8745;2.2955;48.8625;2.32983;15
17:11:11.562;48.8684;2.31258;48.8744;2.29541;48.8625;2.32974;15
17:11:12.012;48.8684;2.31262;48.8744;2.29546;48.8625;2.32979;15
17:11:12.012;48.8686;2.31258;48.8745;2.29541;48.8626;2.32974;15
17:11:15.566;48.8686;2.31258;48.8716;2.304;48.8656;2.32117;16
17:11:29.636;48.8685;2.31258;48.8715;2.304;48.8655;2.32117;16
17:11:29.636;48.8683;2.31377;48.8713;2.30518;48.8653;2.32233;16
17:11:29.886;48.8681;2.31473;48.8711;2.30614;48.8651;2.3233;16
17:11:29.886;48.8682;2.31483;48.8712;2.30624;48.8652;2.32339;16
17:11:30.481;48.8682;2.31479;48.8712;2.30621;48.8652;2.32335;16
17:11:30.481;48.8682;2.3152;48.8712;2.30661;48.8652;2.32378;16
17:11:31.370;48.8682;2.3152;48.8742;2.29803;48.8622;2.33237;15
17:11:33.802;48.8682;2.3152;48.8801;2.28087;48.8562;2.34953;14
17:11:34.527;48.8657;2.32181;48.8776;2.28748;48.8538;2.35614;14
17:11:34.527;48.865;2.32455;48.8769;2.29022;48.853;2.35889;14
17:11:34.592;48.8646;2.3291;48.8765;2.29477;48.8526;2.36343;14
17:11:34.593;48.8642;2.33031;48.8762;2.29597;48.8523;2.36464;14
17:11:34.897;48.8639;2.33237;48.8759;2.29803;48.852;2.3667;14
17:11:34.897;48.8639;2.3327;48.8759;2.29837;48.852;2.36703;14
17:11:34.897;48.8638;2.33426;48.8758;2.29993;48.8519;2.36859;14
17:11:34.897;48.8638;2.3345;48.8757;2.30017;48.8518;2.36884;14
17:11:35.029;48.8639;2.33502;48.8759;2.30069;48.852;2.36935;14
17:11:35.029;48.8639;2.33545;48.8759;2.30112;48.852;2.36978;14
17:11:36.613;48.8639;2.33545;48.8699;2.31828;48.858;2.35262;15
17:11:37.840;48.8639;2.33559;48.8699;2.31842;48.8579;2.35275;15
17:11:37.841;48.8637;2.33765;48.8696;2.32048;48.8577;2.35481;15
17:11:38.073;48.8638;2.33871;48.8697;2.32155;48.8578;2.35588;15
17:11:38.073;48.8636;2.33961;48.8695;2.32245;48.8576;2.35678;15
17:11:38.363;48.8634;2.34116;48.8694;2.32399;48.8574;2.35832;15
17:11:38.363;48.8634;2.34193;48.8694;2.32477;48.8575;2.3591;15
17:11:38.661;48.8636;2.34224;48.8696;2.32507;48.8576;2.35941;15
17:11:38.661;48.8637;2.34232;48.8697;2.32515;48.8577;2.35948;15
17:11:38.872;48.8638;2.34279;48.8698;2.32562;48.8578;2.35995;15
17:11:38.872;48.8638;2.34283;48.8698;2.32567;48.8579;2.36;15
17:11:39.070;48.8639;2.343;48.8699;2.32584;48.8579;2.36017;15
17:11:39.070;48.8639;2.34352;48.8699;2.32635;48.858;2.36069;15
17:11:39.479;48.8639;2.34352;48.8699;2.32635;48.858;2.36069;15
17:11:39.479;48.8639;2.34357;48.8699;2.3264;48.858;2.36073;15
17:11:42.503;48.8639;2.34357;48.8669;2.33498;48.861;2.35214;16
